<Session>
Acquisition 1 2016-08-05 15:35:49
<Group>
Detector1
2
301		301	
D1 340:300-600	T636059838318927870	D1 340:300-600 [COR]	T636059838318927872
X	Y	X	Y
300	375.4629	300	2443.24976
301	303.448364	301	2002.52344
302	320.451721	302	2139.539
303	303.448364	303	2030.08423
304	325.4527	304	2179.22241
305	292.446228	305	1956.56824
306	373.462524	306	2500.284
307	378.4635	307	2510.99487
308	288.4455	308	1903.92151
309	316.450928	309	2063.24878
310	333.454285	310	2151.55981
311	275.443	311	1770.358
312	313.450317	312	2006.543
313	340.4557	313	2145.90869
314	335.4547	314	2080.33887
315	447.4784	315	2783.72461
316	451.47937	316	2815.765
317	479.485718	317	2961.72925
318	552.5029	318	3381.71069
319	565.5062	319	3412.99756
320	679.535645	320	4044.686
321	926.6084	321	5475.499
322	1282.73462	322	7523.193
323	1919.02332	323	11256.1084
324	2512.36572	324	14738.5117
325	3184.83838	325	18565.5879
326	3972.50732	326	23006.8867
327	4847.39551	327	28084.166
328	5105.687	328	29626.0234
329	5358.986	329	30664.74
330	5865.62158	330	33133.01
331	6587.6167	331	37177.16
332	6919.1084	332	39028.3125
333	7475.984	333	42482.11
334	8513.78	334	48787.9648
335	9937.595	335	56276.54
336	15775.3652	336	88302.18
337	31934.418	337	179364.6
338	58883.5977	338	331968.438
339	71160.8359	339	399808.75
340	57674.4258	340	323715.344
341	31027.6074	341	174082.609
342	16905.2012	342	94865.375
343	13342.9678	343	74755.92
344	12807.498	344	71636.2344
345	12649.0742	345	70727.0547
346	12425.4844	346	69539.28
347	12617.9912	347	70194.6
348	13220.627	348	73114.45
349	12990.9951	349	70965.05
350	13761.1553	350	74485.12
351	14343.8682	351	77122.89
352	14407.0586	352	76881.89
353	15115.24	353	80255.7
354	15061.07	354	79184.875
355	15928.8711	355	83893.21
356	16320.1836	356	86115.3359
357	16001.1113	357	84197.26
358	16156.6309	358	84314.52
359	15660.99	359	81009.81
360	15392.1211	360	78924.35
361	15133.2979	361	77874.35
362	14416.0859	362	74366.48
363	14339.8564	363	73704.91
364	14385.9951	364	73661.8359
365	14653.8076	365	75086.76
366	14985.834	366	76813.03
367	15929.875	367	81501.1641
368	16911.2227	368	86425.13
369	18265.1563	369	93265.12
370	20086.3711	370	102589.953
371	23199.23	371	118622.609
372	26536.23	372	135528.75
373	31157.43	373	159119.984
374	36759.09	374	187950.813
375	43815.6563	375	224614.828
376	51555.14	376	265099
377	61567.082	377	318002.25
378	73258.19	378	380147.563
379	86331.89	379	445800.5
380	103518.344	380	532492.938
381	125406.57	381	643075.3
382	151118.141	382	772803.8
383	181126.625	383	926371.5
384	217636.469	384	1113951.13
385	260240.859	385	1333754
386	309497.781	386	1586124.13
387	360681.8	387	1836430.63
388	419115.219	388	2115912.75
389	463582.375	389	2339450.25
390	520176.375	390	2620918.75
391	569143.938	391	2862457
392	611101.8	392	3066876.25
393	645712.5	393	3255092.5
394	673845.6	394	3380849.25
395	689500.7	395	3429211.75
396	695642.9	396	3436151
397	692588.6	397	3424272
398	680995.4	398	3368571
399	665459.438	399	3283139.25
400	649711.938	400	3194842.5
401	622768.438	401	3049379.25
402	600326.1	402	2926048.25
403	580859	403	2830732.5
404	563119.3	404	2744479.75
405	550099.063	405	2674855.5
406	544401.75	406	2640943.5
407	545295.063	407	2644931.5
408	548835.438	408	2661387
409	562485.75	409	2721508.25
410	575604.563	410	2778439.75
411	594022.75	411	2861455.75
412	615668.6	412	2959327.75
413	635041.5	413	3049817
414	655250.1	414	3149546.75
415	669869.2	415	3198788
416	685781.3	416	3253644.5
417	697874.4	417	3316236
418	700342.75	418	3334347.75
419	701058.438	419	3320527.75
420	695942.9	420	3282583
421	687716.938	421	3254049.75
422	674081.4	422	3199375.25
423	654677.8	423	3120100.5
424	633547.25	424	3024246.75
425	607618.8	425	2888881.25
426	583269.2	426	2761791
427	553962.4	427	2637795
428	526879.563	428	2514405
429	502101.781	429	2392023.5
430	479585.719	430	2284675.75
431	458924.344	431	2193380.75
432	438227.875	432	2102587.75
433	422513.969	433	2033260.25
434	408864.4	434	1974475.38
435	399002.844	435	1935399.75
436	388321.8	436	1886217.5
437	383586.469	437	1868611.88
438	378907.375	438	1849600.13
439	373425.375	439	1823495.5
440	369544	440	1807396.25
441	366029.281	441	1802412
442	363096.719	442	1801807
443	358169.219	443	1778601.88
444	352962.125	444	1762814.5
445	348284.781	445	1735579.75
446	342405.7	446	1709043.13
447	334797.6	447	1682177.63
448	328172.781	448	1656880.5
449	318638.438	449	1611353
450	308343.469	450	1562004
451	296695.156	451	1508945
452	284665.2	452	1454341.88
453	272891.219	453	1403549.38
454	261839.359	454	1345993.5
455	248934.125	455	1282396.63
456	236039.031	456	1220774.25
457	224406.063	457	1167232
458	212336.734	458	1106886
459	202420.609	459	1057107.25
460	190806.266	460	998032.6
461	183465.656	461	963922.8
462	172996.7	462	913245.5
463	165779.359	463	878505.4
464	157011.734	464	835371.6
465	149088.859	465	798029.25
466	143661.578	466	772943.4
467	138581.547	467	746062.438
468	133744.984	468	720297.938
469	128451.289	469	695703.4
470	124476.5	470	679290.75
471	120555.063	471	660547.3
472	118278.031	472	651541.938
473	114349.172	473	631636.75
474	111207.7	474	616050.1
475	107623.656	475	600734.3
476	104958.242	476	590177.063
477	101869.609	477	576196.1
478	98930.8047	478	562849.75
479	95415.69	479	544649.8
480	93335.5156	480	534713.5
481	89725.56	481	516484.2
482	86136.52	482	497235.375
483	82990.34	483	480691.719
484	79891.88	484	464232.25
485	76553.625	485	447524.375
486	73255.14	486	431681.4
487	69635.3047	487	412141.031
488	65856.96	488	391075.031
489	62974.69	489	375906.719
490	59521.1875	490	357105
491	56518.1445	491	341690.9
492	53421.8828	492	325082.4
493	50877.14	493	311472.625
494	47724.793	494	293028.156
495	46009.5664	495	284191.281
496	42772.5234	496	265491.25
497	41459.3359	497	259433.75
498	38989.2148	498	245720.688
499	37530.9063	499	237386.219
500	35307.4727	500	224102.672
501	33517.96	501	213762.063
502	32278.67	502	206927.609
503	31137.3	503	200452.578
504	29090.74	504	187926.938
505	28487.1953	505	184947.641
506	26869.0469	506	175256.469
507	25862.62	507	169965.547
508	24837.2988	508	164571.844
509	23654.418	509	157784.359
510	22898.8086	510	153770.3
511	21349.7637	511	143802.4
512	21107.7051	512	142622.156
513	20290.2188	513	138224.266
514	19524.0742	514	133997.609
515	18160.7637	515	125309.508
516	17933.916	516	124546.891
517	17223.3281	517	119975.789
518	16229.877	518	114010.438
519	15802.4531	519	111318.938
520	14930.6621	520	105744.555
521	14175.3662	521	100934.195
522	14036.958	522	100459.211
523	13059.1816	523	94115.0859
524	12760.3711	524	92647.59
525	11871.0645	525	86637.5
526	11518.1934	526	84452.5547
527	11074.1318	527	81727.22
528	10582.002	528	78647.71
529	9672.039	529	72400.75
530	9356.396	530	70451.91
531	8806.325	531	66603.39
532	8269.338	532	62836.9766
533	8086.014	533	61734.05
534	7795.514	534	59841.49
535	7366.80762	535	56891.5742
536	7073.34473	536	54978.13
537	6556.572	537	51228.96
538	6156.00928	538	48351.9375
539	6051.86865	539	47699.8164
540	5747.46875	540	45437.7969
541	5407.044	541	43077.92
542	5264.873	542	42243.43
543	5096.677	543	41065.4063
544	4580.108	544	37066.6328
545	4468.99268	545	36334.4531
546	4005.538	546	32730.3164
547	4233.75635	547	34770.4
548	3871.41455	548	31993.0371
549	3715.27539	549	30849.957
550	3452.05176	550	28811.7422
551	3387.999	551	28431.209
552	3314.94043	552	27981.4316
553	3116.78662	553	26437.6816
554	3139.80371	554	26788.5977
555	2888.61914	555	24834.7969
556	2813.56641	556	24379.248
557	2706.49268	557	23615.2285
558	2577.40723	558	22604.2441
559	2468.338	559	21775.1563
560	2500.358	560	22185.2168
561	2438.31885	561	21821.791
562	2169.15918	562	19565.5879
563	2057.09668	563	18692.7266
564	2044.08972	564	18675.5918
565	1892.0094	565	17405.1934
566	1877.00183	566	17389.1738
567	1704.91711	567	15942.3
568	1514.83069	568	14351.2539
569	1579.8595	569	15003.252
570	1523.83459	570	14555.19
571	1449.80261	571	13962.3721
572	1325.75159	572	12882.3018
573	1304.74329	573	12720.4131
574	1279.7334	574	12517.6025
575	1168.69141	575	11518.1289
576	1188.69885	576	11776.3848
577	1094.66479	577	10910.043
578	1035.64429	578	10376.9219
579	1120.674	579	11309.6992
580	953.617065	580	9687.896
581	1086.662	581	11098.8779
582	891.5973	582	9156.425
583	917.605469	583	9473.849
584	952.6167	584	9909.682
585	809.5724	585	8454.006
586	798.5691	586	8367.73
587	835.5801	587	8795.308
588	703.5421	588	7436.92
589	733.550537	589	7793.422
590	662.5311	590	7077.383
591	695.5399	591	7481.153
592	586.511353	592	6354.137
593	697.5405	593	7609.1
594	605.516235	594	6646.44434
595	583.5106	595	6425.787
596	586.511353	596	6483.33
597	615.5188	597	6853.561
598	464.4823	598	5210.9043
599	524.4962	599	5929.24561
600	514.4939	600	5858.868
</Group>
<Group>
RCQCSignal
1
301	
ExCorr	T636059838318927871
X	Y
300	0.23060514
301	0.230306044
302	0.230515108
303	0.230495259
304	0.23073329
305	0.230682954
306	0.230283156
307	0.230635658
308	0.230081752
309	0.230641738
310	0.230748549
311	0.2306967
312	0.2306738
313	0.2306738
314	0.230788246
315	0.2306448
316	0.230632588
317	0.230722621
318	0.230675325
319	0.230629548
320	0.230495259
321	0.230522737
322	0.230600551
323	0.230634108
324	0.230657
325	0.2306204
326	0.23061581
327	0.230576143
328	0.2302679
329	0.230563924
330	0.230582252
331	0.2305914
332	0.230504408
333	0.230628029
334	0.230501369
335	0.23061429
336	0.230649367
337	0.230624959
338	0.230524257
339	0.230559364
340	0.230029866
341	0.2304327
342	0.230701253
343	0.230595961
344	0.230505928
345	0.230660066
346	0.230531886
347	0.230501369
348	0.230440333
349	0.230512038
350	0.229828432
351	0.230045125
352	0.230451
353	0.229797915
354	0.23023586
355	0.230365559
356	0.230463222
357	0.2297491
358	0.2302923
359	0.2304083
360	0.230493739
361	0.230466262
362	0.230690584
363	0.230777547
364	0.230899617
365	0.230583772
366	0.23035793
367	0.230617329
368	0.230708882
369	0.230757728
370	0.230553254
371	0.230289266
372	0.230551735
373	0.230760768
374	0.230679885
375	0.230748549
376	0.2307104
377	0.2307104
378	0.230669215
379	0.230783656
380	0.230652437
381	0.230727211
382	0.230711952
383	0.230769917
384	0.230678365
385	0.230499849
386	0.230632588
387	0.230457112
388	0.230724141
389	0.230516627
390	0.230577663
391	0.230571553
392	0.230643287
393	0.229424074
394	0.230322823
395	0.230830953
396	0.230887428
397	0.230829433
398	0.230876729
399	0.230798915
400	0.230881318
401	0.2308157
402	0.230823323
403	0.23086758
404	0.23085995
405	0.2308401
406	0.230829433
407	0.230837062
408	0.230876729
409	0.230887428
410	0.230925575
411	0.2308981
412	0.230893508
413	0.230876729
414	0.230464742
415	0.2306448
416	0.230798915
417	0.230780616
418	0.230682954
419	0.23086147
420	0.2308035
421	0.230878249
422	0.230968282
423	0.230550185
424	0.2307104
425	0.2308157
426	0.230937764
427	0.230391487
428	0.230626479
429	0.230901137
430	0.230785176
431	0.2308981
432	0.23086606
433	0.230885878
434	0.230785176
435	0.230441853
436	0.230795875
437	0.230650917
438	0.230699733
439	0.230943874
440	0.230905727
441	0.230997279
442	0.23086606
443	0.230884358
444	0.229744509
445	0.230820283
446	0.2310095
447	0.230844691
448	0.231085792
449	0.231006429
450	0.230899617
451	0.230956092
452	0.230873689
453	0.2297842
454	0.23035641
455	0.2307684
456	0.230760768
457	0.230386928
458	0.230814174
459	0.2307745
460	0.2307867
461	0.230760768
462	0.2306631
463	0.230788246
464	0.230872169
465	0.230769917
466	0.2308691
467	0.230891988
468	0.230966762
469	0.230824843
470	0.23023586
471	0.230629548
472	0.230713472
473	0.230765358
474	0.230788246
475	0.230791286
476	0.230835542
477	0.230754659
478	0.230679885
479	0.230809584
480	0.23086147
481	0.2305914
482	0.230760768
483	0.230751619
484	0.230777547
485	0.230751619
486	0.230263337
487	0.2303259
488	0.230621919
489	0.23073484
490	0.23086454
491	0.230725661
492	0.230837062
493	0.23035793
494	0.230594441
495	0.230570033
496	0.230789766
497	0.23073025
498	0.230882838
499	0.230727211
500	0.230599031
501	0.230742469
502	0.230785176
503	0.230646327
504	0.230676845
505	0.230637178
506	0.2306677
507	0.230800435
508	0.230760768
509	0.23073484
510	0.230695143
511	0.230689064
512	0.230649367
513	0.230571553
514	0.230650917
515	0.230783656
516	0.230650917
517	0.2308691
518	0.229845241
519	0.230576143
520	0.230705842
521	0.230676845
522	0.230701253
523	0.230780616
524	0.23074092
525	0.23061122
526	0.230600551
527	0.230678365
528	0.230621919
529	0.230495259
530	0.230649367
531	0.230716512
532	0.230711952
533	0.230818763
534	0.230748549
535	0.23086606
536	0.230875209
537	0.230884358
538	0.230885878
539	0.230788246
540	0.230794325
541	0.230669215
542	0.230679885
543	0.2307394
544	0.23074092
545	0.230829433
546	0.230817214
547	0.230878249
548	0.2306631
549	0.230817214
550	0.230884358
551	0.230890468
552	0.2307928
553	0.230925575
554	0.230834022
555	0.230818763
556	0.230753139
557	0.2305624
558	0.230788246
559	0.230849281
560	0.230925575
561	0.230759248
562	0.230757728
563	0.230542555
564	0.2307745
565	0.230870619
566	0.230913356
567	0.2309225
568	0.230039015
569	0.2308401
570	0.230852321
571	0.231079683
572	0.231122419
573	0.231130049
574	0.2311453
575	0.230907246
576	0.231203273
577	0.231155977
578	0.231256679
579	0.2312109
580	0.231276527
581	0.231207862
582	0.2311102
583	0.231421486
584	0.231212422
585	0.231342152
586	0.231561854
587	0.231474891
588	0.231452
589	0.231551185
590	0.231551185
591	0.2315756
592	0.231506929
593	0.231525257
594	0.231683925
595	0.231679365
596	0.231549665
597	0.23161374
598	0.231603071
599	0.231609181
600	0.231674775
</Group>
</Session>
