<Session>
Acquisition 1 2016-08-12 14:06:15
<Group>
Detector1
2
401		401	
D1 200-600:300	T636065165486877730	D1 200-600:300 [COR]	T636065165486877732
X	Y	X	Y
200	-242.847656	200	570995.3
201	-255.849731	201	635425.5
202	-261.8507	202	662488.25
203	-266.8515	203	667651.563
204	-231.845886	204	600036.2
205	-301.8568	205	741523.4
206	-346.863342	206	760913
207	-209.842224	207	498588.656
208	-259.8504	208	613102.25
209	-270.8521	209	678494
210	-193.839539	210	460566.031
211	-245.848145	211	569472.8
212	-219.843933	212	544003.063
213	-262.85083	213	620181.5
214	-289.855042	214	654238.3
215	-250.848938	215	607397.938
216	-238.847046	216	542121.2
217	-264.851135	217	653781.563
218	-238.847046	218	559645.4
219	-241.847534	219	590534.75
220	-207.841919	220	543457.438
221	-272.852417	221	653659.438
222	-270.8521	222	771847
223	-297.8562	223	939849.5
224	-230.8457	224	673927.063
225	-296.856079	225	851930.7
226	-308.857849	226	922913.8
227	-230.8457	227	694916.8
228	-254.849609	228	984786.938
229	-289.855042	229	1367358.25
230	-222.844421	230	1164945.88
231	-293.8556	231	1856523.63
232	-314.858765	232	2382217
233	-288.854858	233	2870152.5
234	-310.858154	234	5881637.5
235	-247.84845	235	15118411
236	-294.855774	236	-16297458
237	-350.8639	237	-4788603
238	-258.85022	238	-3842915.25
239	-257.850037	239	-1857771.25
240	-206.841736	240	-1868270
241	-278.853333	241	-1604685.38
242	-291.855347	242	-1388263.25
243	-182.837646	243	-569444.6
244	-287.854736	244	-798502.7
245	-101.823	245	-234668.8
246	-203.841248	246	-432468.781
247	-227.845215	247	-399125.7
248	-250.848938	248	-381765.7
249	-307.857727	249	-411996.844
250	-211.84259	250	-257216.2
251	-306.857544	251	-337031.4
252	-220.844055	252	-210309.578
253	-327.860657	253	-281563.625
254	-307.857727	254	-234006.953
255	-235.846558	255	-164464.172
256	-244.847961	256	-146966.766
257	-229.845581	257	-128021.891
258	-275.852844	258	-139660
259	-293.8556	259	-132919.2
260	-274.852722	260	-117185.406
261	-290.855164	261	-110823.906
262	-290.855164	262	-102459.719
263	-303.857117	263	-97473.27
264	-257.850037	264	-76838.59
265	-184.838013	265	-51416.07
266	-277.853149	266	-70575.55
267	-219.843933	267	-52456.6133
268	-266.8515	268	-59759.33
269	-280.853638	269	-57454.043
270	-313.858582	270	-60688.26
271	-280.853638	271	-50889.96
272	-261.8507	272	-44505.2227
273	-285.854431	273	-45303.0664
274	-310.858154	274	-45668.4063
275	-211.84259	275	-29526.13
276	-296.856079	276	-38049.8438
277	-238.847046	277	-29487.1563
278	-239.847168	278	-27939.9531
279	-304.857239	279	-33414.36
280	-191.839172	280	-19885.2344
281	-203.841248	281	-20103.87
282	-295.8559	282	-28021.6953
283	-246.848328	283	-22299.4629
284	-325.860352	284	-27716.82
285	-141.830383	285	-11626.707
286	-262.85083	286	-20282.58
287	-192.839355	287	-14268.7461
288	-225.84491	288	-15927.2021
289	-186.838318	289	-12719.3965
290	-232.846069	290	-15340.46
291	-270.8521	291	-17210.8223
292	-265.851318	292	-16158.5059
293	-179.8371	293	-10533.4453
294	-174.836243	294	-9806.268
295	-364.865845	295	-20048.5371
296	-222.844421	296	-11713.6738
297	-214.843079	297	-11041.6738
298	-254.849609	298	-12635.9834
299	-186.838318	299	-9057.242
300	-211.84259	300	-9954.118
301	-100.822754	301	-4527.628
302	-175.836426	302	-7696.945
303	-224.844727	303	-9462.277
304	-156.833069	304	-6395.415
305	-129.828186	305	-5144.61328
306	-74.81781	306	-2851.14819
307	-159.833618	307	-5960.692
308	-32.80945	308	-1171.50085
309	4.198242	309	144.2838
310	20.20166	310	667.639
311	48.20764	311	1557.3374
312	38.2054443	312	1186.08484
313	20.20166	313	609.829651
314	116.223022	314	3335.663
315	97.21863	315	2708.7373
316	76.21387	316	2044.88477
317	215.24707	317	5595.37744
318	201.24353	318	5061.36133
319	233.251709	319	5668.275
320	223.249146	320	5245.99658
321	142.229126	321	3242.34717
322	335.2788	322	7392.33936
323	333.27832	323	7137.995
324	255.257324	324	5304.83545
325	379.291138	325	7681.3457
326	168.235474	326	3297.71875
327	39.20569	327	746.169
328	8.199097	328	151.52774
329	-98.82239	329	-1772.271
330	-37.8104248	330	-661.574463
331	-126.827637	331	-2154.2605
332	-117.825989	332	-1943.65247
333	-156.833069	333	-2508.713
334	-262.85083	334	-4083.10913
335	-292.855469	335	-4417.426
336	-173.83606	336	-2549.25977
337	-304.857239	337	-4364.40869
338	-251.849121	338	-3520.51587
339	-168.8352	339	-2300.68555
340	-158.833435	340	-2123.03125
341	-196.840027	341	-2579.87622
342	-270.8521	342	-3462.72314
343	-212.842773	343	-2660.79224
344	-248.848633	344	-3049.27417
345	-252.849243	345	-3047.78955
346	-264.851135	346	-3128.27979
347	-181.837463	347	-2111.488
348	-263.851	348	-3022.467
349	-224.844727	349	-2529.93115
350	-246.848328	350	-2756.532
351	-181.837463	351	-2005.7948
352	-237.846863	352	-2589.41748
353	-306.857544	353	-3293.293
354	-274.852722	354	-2911.374
355	-271.852234	355	-2844.6333
356	-214.843079	356	-2229.385
357	-145.831116	357	-1513.59021
358	-256.8499	358	-2652.198
359	-190.83905	359	-1957.47266
360	-237.846863	360	-2440.24
361	-237.846863	361	-2422.14038
362	-253.849426	362	-2564.8147
363	-255.849731	363	-2588.71851
364	-275.852844	364	-2756.83081
365	-247.84845	365	-2449.63916
366	-127.82782	366	-1239.09155
367	-207.841919	367	-1991.603
368	-273.852539	368	-2580.95972
369	-315.8589	369	-2917.22656
370	-250.848938	370	-2293.2124
371	-274.852722	371	-2488.286
372	-330.861084	372	-2924.541
373	-216.843384	373	-1908.94446
374	-198.8404	374	-1720.12512
375	-241.847534	375	-2084.85986
376	-240.847351	376	-2033.92957
377	-259.8504	377	-2168.96216
378	-198.8404	378	-1638.11523
379	-238.847046	379	-1940.697
380	-222.844421	380	-1804.35522
381	-274.852722	381	-2211.67334
382	-226.8451	382	-1785.40125
383	-296.856079	383	-2347.489
384	-329.8609	384	-2597.35352
385	-306.857544	385	-2388.26074
386	-204.841431	386	-1557.05933
387	-271.852234	387	-2026.09839
388	-244.847961	388	-1793.08215
389	-317.8592	389	-2297.62427
390	-245.848145	390	-1780.80774
391	-268.8518	391	-1916.35217
392	-232.846069	392	-1635.81519
393	-196.840027	393	-1362.13379
394	-159.833618	394	-1084.36267
395	-340.8625	395	-2285.82324
396	-301.8568	396	-1995.10657
397	-211.84259	397	-1402.16785
398	-315.8589	398	-2078.91235
399	-290.855164	399	-1918.81
400	-178.836975	400	-1199.69446
401	-253.849426	401	-1692.46838
402	-170.835571	402	-1137.8158
403	-333.8615	403	-2214.85938
404	-278.853333	404	-1839.22559
405	-221.844238	405	-1460.67358
406	-361.865417	406	-2347.00659
407	-286.854553	407	-1839.4895
408	-260.850525	408	-1653.14575
409	-302.857	409	-1906.41211
410	-273.852539	410	-1709.1405
411	-298.856384	411	-1829.98291
412	-183.83783	412	-1120.14807
413	-273.852539	413	-1680.62134
414	-287.854736	414	-1737.74561
415	-304.857239	415	-1838.50684
416	-274.852722	416	-1631.6322
417	-322.859924	417	-1880.49548
418	-238.847046	418	-1355.48511
419	-280.853638	419	-1570.51563
420	-311.858276	420	-1758.7915
421	-259.8504	421	-1481.10864
422	-341.8626	422	-1943.5708
423	-236.84668	423	-1343.02991
424	-276.853027	424	-1565.4303
425	-288.854858	425	-1639.53479
426	-300.8567	426	-1689.17114
427	-304.857239	427	-1705.14
428	-324.860168	428	-1809.67737
429	-298.856384	429	-1657.73621
430	-242.847656	430	-1343.74109
431	-291.855347	431	-1611.29651
432	-229.845581	432	-1263.62183
433	-251.849121	433	-1376.42932
434	-246.848328	434	-1339.139
435	-235.846558	435	-1267.53857
436	-283.854126	436	-1497.15454
437	-190.83905	437	-993.910767
438	-226.8451	438	-1171.60486
439	-213.8429	439	-1102.32434
440	-300.8567	440	-1565.88013
441	-268.8518	441	-1401.35059
442	-199.840576	442	-1039.585
443	-308.857849	443	-1603.01843
444	-324.860168	444	-1681.29736
445	-327.860657	445	-1706.1709
446	-238.847046	446	-1238.35376
447	-297.8562	447	-1528.03577
448	-218.84375	448	-1058.85315
449	-253.849426	449	-1145.90076
450	-230.8457	450	-1034.35168
451	-275.852844	451	-1291.57056
452	-278.853333	452	-1338.894
453	-237.846863	453	-1178.762
454	-311.858276	454	-1555.0022
455	-350.8639	455	-1726.994
456	-300.8567	456	-1448.68555
457	-230.8457	457	-1086.65015
458	-238.847046	458	-1121.89136
459	-275.852844	459	-1301.12549
460	-249.848816	460	-1182.54626
461	-255.849731	461	-1173.73047
462	-300.8567	462	-1319.08032
463	-239.847168	463	-1029.64978
464	-280.853638	464	-1211.52747
465	-292.855469	465	-1276.65
466	-221.844238	466	-904.6778
467	-206.841736	467	-790.859741
468	-304.857239	468	-1114.59265
469	-239.847168	469	-894.2584
470	-315.8589	470	-1261.36877
471	-295.8559	471	-1228.56628
472	-219.843933	472	-894.5865
473	-287.854736	473	-1166.581
474	-275.852844	474	-1190.76624
475	-272.852417	475	-1295.50415
476	-331.8612	476	-1633.39026
477	-232.846069	477	-1180.05566
478	-246.848328	478	-1263.82178
479	-295.8559	479	-1491.23584
480	-258.85022	480	-1285.173
481	-256.8499	481	-1211.30359
482	-257.850037	482	-1197.692
483	-294.855774	483	-1399.8125
484	-261.8507	484	-1297.18188
485	-260.850525	485	-1357.757
486	-289.855042	486	-1533.97681
487	-288.854858	487	-1544.12036
488	-303.857117	488	-1608.70435
489	-326.860474	489	-1686.47375
490	-256.8499	490	-1280.80823
491	-288.854858	491	-1322.68811
492	-260.850525	492	-1109.28467
493	-200.8407	493	-829.932068
494	-312.858459	494	-1298.634
495	-250.848938	495	-1049.331
496	-176.836609	496	-738.8846
497	-250.848938	497	-1072.30908
498	-317.8592	498	-1351.971
499	-255.849731	499	-1082.46436
500	-326.860474	500	-1373.0542
501	-275.852844	501	-1149.49438
502	-309.858032	502	-1275.26526
503	-324.860168	503	-1341.05164
504	-177.836792	504	-741.6362
505	-369.866516	505	-1573.59766
506	-268.8518	506	-1134.17249
507	-274.852722	507	-1158.05225
508	-250.848938	508	-1047.02808
509	-223.844543	509	-936.7022
510	-296.856079	510	-1258.95679
511	-307.857727	511	-1317.14
512	-323.860046	512	-1372.53662
513	-369.866516	513	-1570.0105
514	-330.861084	514	-1420.23486
515	-284.854248	515	-1223.25024
516	-264.851135	516	-1135.3103
517	-243.847839	517	-1044.8075
518	-309.858032	518	-1323.51892
519	-259.8504	519	-1140.40613
520	-197.84021	520	-857.2561
521	-276.853027	521	-1208.8385
522	-279.853516	522	-1219.07434
523	-278.853333	523	-1212.97168
524	-278.853333	524	-1218.3689
525	-275.852844	525	-1213.08862
526	-257.850037	526	-1139.166
527	-226.8451	527	-1004.37488
528	-270.8521	528	-1208.685
529	-208.8421	529	-938.155457
530	-280.853638	530	-1274.07031
531	-230.8457	531	-1057.0918
532	-260.850525	532	-1198.07373
533	-212.842773	533	-982.407
534	-224.844727	534	-1039.443
535	-201.840881	535	-939.8247
536	-261.8507	536	-1224.02234
537	-219.843933	537	-1034.66821
538	-254.849609	538	-1210.71948
539	-328.860779	539	-1567.31567
540	-324.860168	540	-1556.59717
541	-283.854126	541	-1373.31274
542	-243.847839	542	-1182.69067
543	-270.8521	543	-1317.13062
544	-316.859	544	-1551.77576
545	-254.849609	545	-1263.047
546	-338.862183	546	-1686.484
547	-302.857	547	-1528.05554
548	-242.847656	548	-1236.57959
549	-286.854553	549	-1469.40039
550	-296.856079	550	-1551.63074
551	-217.843567	551	-1145.34937
552	-314.858765	552	-1666.60339
553	-291.855347	553	-1557.31689
554	-315.8589	554	-1675.949
555	-288.854858	555	-1550.45825
556	-320.859619	556	-1731.1626
557	-230.8457	557	-1266.716
558	-241.847534	558	-1333.88159
559	-279.853516	559	-1563.01172
560	-283.854126	560	-1598.64771
561	-322.859924	561	-1842.31519
562	-250.848938	562	-1437.40808
563	-218.84375	563	-1274.34155
564	-287.854736	564	-1678.51282
565	-250.848938	565	-1491.129
566	-250.848938	566	-1491.72534
567	-177.836792	567	-1087.88855
568	-276.853027	568	-1701.68359
569	-248.848633	569	-1493.52771
570	-357.864868	570	-2219.486
571	-221.844238	571	-1394.64844
572	-260.850525	572	-1595.78723
573	-170.835571	573	-1059.96118
574	-236.84668	574	-1443.08252
575	-197.84021	575	-1213.19507
576	-226.8451	576	-1397.39233
577	-185.838135	577	-1147.25818
578	-204.841431	578	-1272.32129
579	-269.851929	579	-1687.57434
580	-326.860474	580	-2072.33667
581	-246.848328	581	-1561.58569
582	-340.8625	582	-2110.95972
583	-288.854858	583	-1798.2113
584	-278.853333	584	-1727.687
585	-227.845215	585	-1419.62146
586	-244.847961	586	-1512.95886
587	-240.847351	587	-1479.98779
588	-316.859	588	-1947.03259
589	-258.85022	589	-1585.6825
590	-243.847839	590	-1554.45142
591	-175.836426	591	-1105.79773
592	-302.857	592	-1911.83228
593	-280.853638	593	-1777.13586
594	-269.851929	594	-1702.58667
595	-216.843384	595	-1383.88623
596	-259.8504	596	-1661.02576
597	-210.8424	597	-1363.00635
598	-280.853638	598	-1866.44653
599	-250.848938	599	-1670.67932
600	-199.840576	600	-1343.33875
</Group>
<Group>
RCQCSignal
1
401	
ExCorr	T636065165486877731
X	Y
200	-0.00131727755
201	-0.00124708563
202	-0.00122419745
203	-0.00123792887
204	-0.00119673461
205	-0.001260817
206	-0.001411885
207	-0.00130354613
208	-0.00131270289
209	-0.001236409
210	-0.00130354613
211	-0.00133711845
212	-0.00125166774
213	-0.00131270289
214	-0.00137221068
215	-0.00127913058
216	-0.00136458129
217	-0.001254715
218	-0.00132185221
219	-0.00126844645
220	-0.00118452311
221	-0.001292862
222	-0.00108686835
223	-0.0009815767
224	-0.00106092542
225	-0.001079239
226	-0.00103650987
227	-0.00102888048
228	-0.000801526
229	-0.000656560063
230	-0.0005924776
231	-0.000490240753
232	-0.0004093647
233	-0.00031170994
234	-0.0001636967
235	-5.07757068E-05
236	5.60358167E-05
237	0.000226937234
238	0.000208623707
239	0.0004298836
240	0.000342905521
241	0.0005382225
242	0.000651136041
243	0.0009944662
244	0.00111653656
245	0.00134389848
246	0.00145986676
247	0.00176809728
248	0.002035126
249	0.0023143664
250	0.002550885
251	0.00276298076
252	0.00312004238
253	0.003388606
254	0.00374718755
255	0.00399743766
256	0.004543714
257	0.004787855
258	0.00515560061
259	0.00564388931
260	0.00585903972
261	0.006422095
262	0.00680815428
263	0.007323906
264	0.007728271
265	0.008114323
266	0.008703321
267	0.009080216
268	0.009473905
269	0.0101605579
270	0.010531351
271	0.0111279786
272	0.011758171
273	0.0125058666
274	0.0133710578
275	0.0139753148
276	0.015067853
277	0.0155195221
278	0.0163175687
279	0.0172163323
280	0.01806321
281	0.0190275684
282	0.019862242
283	0.02088765
284	0.0222518072
285	0.0231642947
286	0.0246871486
287	0.0258437768
288	0.0272094682
289	0.02831421
290	0.0293594524
291	0.03058324
292	0.0321671143
293	0.0336060449
294	0.03532269
295	0.036273323
296	0.0381105021
297	0.03915117
298	0.0407716855
299	0.0418627039
300	0.0433611348
301	0.0452837721
302	0.0463778451
303	0.0481692627
304	0.04963412
305	0.05097539
306	0.0528873429
307	0.05394175
308	0.0562305972
309	0.0582631
310	0.0604375079
311	0.0614278242
312	0.0634984747
313	0.06486263
314	0.0677694753
315	0.06930605
316	0.07143774
317	0.07315133
318	0.07505413
319	0.07704543
320	0.0790382549
321	0.08067555
322	0.08255089
323	0.08412104
324	0.0858407244
325	0.08718962
326	0.08907565
327	0.09072057
328	0.0924249962
329	0.0942118242
330	0.09554546
331	0.09724227
332	0.0989055
333	0.100860186
334	0.102718733
335	0.104577281
336	0.106414475
337	0.107845761
338	0.109362505
339	0.111085258
340	0.112267829
341	0.113310017
342	0.115006827
343	0.116535775
344	0.117875524
345	0.118784957
346	0.1202605
347	0.121345423
348	0.122091584
349	0.12333215
350	0.123438962
351	0.123976074
352	0.124720715
353	0.1257095
354	0.1265701
355	0.127424628
356	0.127792358
357	0.127107233
358	0.1271286
359	0.127357483
360	0.1266571
361	0.12689665
362	0.127171308
363	0.126158118
364	0.126856983
365	0.127307117
366	0.128791809
367	0.129187018
368	0.130232275
369	0.131776482
370	0.131958067
371	0.133287132
372	0.136564761
373	0.1372194
374	0.139737129
375	0.140323073
376	0.143355042
377	0.14513576
378	0.147168279
379	0.14941135
380	0.150033921
381	0.1513294
382	0.155113637
383	0.154819131
384	0.155914754
385	0.1581746
386	0.162401348
387	0.166058928
388	0.169469327
389	0.172162563
390	0.172296822
391	0.175110579
392	0.17773515
393	0.180519909
394	0.1842233
395	0.186445
396	0.189171791
397	0.188912392
398	0.190137684
399	0.189890474
400	0.186947018
401	0.188082278
402	0.1882532
403	0.188944429
404	0.1900034
405	0.19019565
406	0.192980438
407	0.195106
408	0.1973094
409	0.198473692
410	0.200098753
411	0.203713626
412	0.204552889
413	0.202984244
414	0.206289351
415	0.206472456
416	0.209594458
417	0.213458031
418	0.2188521
419	0.221768111
420	0.219860733
421	0.2172316
422	0.2176207
423	0.217901468
424	0.21812731
425	0.2169325
426	0.21889177
427	0.219375491
428	0.219816476
429	0.2203139
430	0.22051686
431	0.2204726
432	0.220892251
433	0.22165823
434	0.2227813
435	0.224255323
436	0.22794801
437	0.230127
438	0.231507927
439	0.231366038
440	0.228900164
441	0.228295922
442	0.228381366
443	0.228535473
444	0.2288132
445	0.227299511
446	0.22781831
447	0.229948461
448	0.243419141
449	0.259749323
450	0.260609955
451	0.249232829
452	0.243492365
453	0.23587659
454	0.234311014
455	0.236940145
456	0.2416552
457	0.24669829
458	0.246736437
459	0.24544552
460	0.244537622
461	0.251774967
462	0.2623403
463	0.266824931
464	0.264768034
465	0.261810839
466	0.279431939
467	0.29653883
468	0.3083249
469	0.301458359
470	0.28181234
471	0.271733761
472	0.277175128
473	0.2776268
474	0.260785431
475	0.237881631
476	0.229948461
477	0.222978145
478	0.220425308
479	0.223577827
480	0.22656402
481	0.2377977
482	0.241070777
483	0.2361421
484	0.227615356
485	0.218084574
486	0.215160936
487	0.21171087
488	0.2114698
489	0.213696092
490	0.217204124
491	0.231231749
492	0.242856085
493	0.244418591
494	0.238507241
495	0.232273936
496	0.228353888
497	0.21976155
498	0.218273789
499	0.2173903
500	0.217484891
501	0.218113571
502	0.220095724
503	0.219174057
504	0.216946244
505	0.212853789
506	0.215009868
507	0.215608031
508	0.218058646
509	0.217989981
510	0.215464592
511	0.214047045
512	0.216320634
513	0.21637252
514	0.214265257
515	0.214593321
516	0.215301335
517	0.215688914
518	0.216532737
519	0.210819751
520	0.21372965
521	0.212206811
522	0.212788165
523	0.213288665
524	0.212403655
525	0.211010486
526	0.209972888
527	0.20945406
528	0.207790852
529	0.206445009
530	0.204484224
531	0.202479184
532	0.201761991
533	0.200693876
534	0.200124711
535	0.198530138
536	0.197516948
537	0.196032226
538	0.194045514
539	0.193282574
540	0.192061841
541	0.189946949
542	0.18931523
543	0.1886667
544	0.1870996
545	0.1844827
546	0.183467954
547	0.1807839
548	0.178984851
549	0.177588671
550	0.173888355
551	0.1725257
552	0.171086788
553	0.169347256
554	0.169959158
555	0.16767028
556	0.166336656
557	0.163193285
558	0.1620748
559	0.159663886
560	0.158000648
561	0.155633986
562	0.154732168
563	0.15206185
564	0.1516285
565	0.1484775
566	0.148208946
567	0.143847913
568	0.142843872
569	0.1460681
570	0.141180634
571	0.138949752
572	0.142514259
573	0.140364259
574	0.142712623
575	0.141549885
576	0.140724391
577	0.1400362
578	0.139010787
579	0.1377382
580	0.135591239
581	0.1355409
582	0.138183773
583	0.136999667
584	0.137268215
585	0.1360887
586	0.136874527
587	0.137257546
588	0.136972189
589	0.137098849
590	0.131402642
591	0.132917851
592	0.132110655
593	0.131562859
594	0.131686449
595	0.129946917
596	0.129502892
597	0.1278488
598	0.124035589
599	0.123350464
600	0.121948145
</Group>
</Session>
