<Session>
Acquisition 1 2016-08-11 13:11:06
<Group>
Detector1
2
401		401	
D1 200-600:300	T636065165486877721	D1 200-600:300 [COR]	T636065165486877723
X	Y	X	Y
200	-228.8454	200	399996.219
201	-141.830383	201	238457.938
202	-178.836975	202	328720.9
203	-263.851	203	445454.781
204	-119.826355	204	217886.141
205	-103.823364	205	181003.609
206	-278.853333	206	492921.625
207	-174.836243	207	321658.719
208	-214.843079	208	377470.719
209	-259.8504	209	509466.938
210	-168.8352	210	310056.938
211	-200.8407	211	388887.219
212	-266.8515	212	540418.2
213	-260.850525	213	524083.219
214	-257.850037	214	484486.281
215	-205.841553	215	403966.875
216	-185.838135	216	345343.1
217	-133.828918	217	259876.969
218	-234.846375	218	434426.563
219	-232.846069	219	452154.375
220	-175.836426	220	368602.969
221	-68.81659	221	145612.344
222	-231.845886	222	487019.1
223	-203.841248	223	412812.063
224	-89.82068	224	167527.141
225	-275.852844	225	594850.8
226	-75.81799	226	160092.844
227	-193.839539	227	406342.563
228	-259.8504	228	555036.75
229	-193.839539	229	458955.375
230	-202.841064	230	476929.875
231	-231.845886	231	492111.875
232	-271.852234	232	719166.1
233	-201.840881	233	609408.25
234	-179.8371	234	469625.9
235	-229.845581	235	624313.7
236	-230.8457	236	622862.75
237	-236.84668	237	775050
238	-247.84845	238	843694.5
239	-183.83783	239	688118.1
240	-175.836426	240	580077.75
241	-197.84021	241	857549.4
242	-264.851135	242	1406275
243	-169.835388	243	925994.4
244	-119.826355	244	1480531.38
245	-131.828552	245	1309889.75
246	-155.832886	246	2427967.25
247	-161.833984	247	17973626
248	-206.841736	248	-23693926
249	-179.8371	249	-1894078.5
250	-114.825439	250	-922245.25
251	-243.847839	251	-1479793.88
252	-193.839539	252	-925729.25
253	-242.847656	253	-731988.25
254	-187.8385	254	-527475.7
255	-247.84845	255	-605539.25
256	-134.8291	256	-260039.984
257	-102.823181	257	-182862.172
258	-192.839355	258	-287162.4
259	-231.845886	259	-300519.1
260	-202.841064	260	-231775.281
261	-159.833618	261	-162459.422
262	-162.834167	262	-151106.078
263	-262.85083	263	-227016.8
264	-294.855774	264	-227546.609
265	-152.832336	265	-109281.344
266	-77.81836	266	-49627.67
267	-143.83075	267	-80985.9
268	-176.836609	268	-93962.13
269	-227.845215	269	-112543.617
270	-249.848816	270	-115345.063
271	-225.84491	271	-96621.35
272	-240.847351	272	-95306.15
273	-166.834839	273	-61253.8125
274	-186.838318	274	-62804.5938
275	-277.853149	275	-87561.125
276	-145.831116	276	-42143.94
277	-156.833069	277	-42896.457
278	-236.84668	278	-61741.25
279	-160.8338	279	-38970.95
280	-209.842224	280	-48041.0156
281	-65.81604	281	-14403.2656
282	-235.846558	282	-47629.875
283	-163.834351	283	-31426.2871
284	-150.832031	284	-27217.7383
285	-188.838684	285	-31904.7559
286	-260.850525	286	-41778.16
287	-228.8454	287	-34873.332
288	-160.8338	288	-22979.0469
289	-139.830017	289	-18965.1172
290	-68.81659	290	-9055.97
291	-180.83728	291	-23222.1328
292	-185.838135	292	-22887.2617
293	-214.843079	293	-25463.9434
294	-165.834656	294	-18618.2773
295	-236.84668	295	-25732.0625
296	-184.838013	296	-19377.6816
297	-148.831665	297	-15270.9336
298	-152.832336	298	-15083.3984
299	-135.829285	299	-13029.9941
300	-163.834351	300	-15200.4258
301	-152.832336	301	-13605.9766
302	-150.832031	302	-12894.4043
303	-77.81836	303	-6435.246
304	-175.836426	304	-13928.8633
305	-55.8140259	305	-4307.276
306	-210.8424	306	-15493.0059
307	9.199219	307	659.194763
308	-192.839355	308	-13232.9375
309	-27.80841	309	-1833.22217
310	-55.8140259	310	-3553.881
311	55.20923	311	3368.97974
312	-24.8078	312	-1453.75415
313	29.2034912	313	1651.78076
314	43.206543	314	2323.92432
315	56.2094727	315	2936.62476
316	8.199097	316	409.3512
317	65.2114258	317	3133.98364
318	27.203125	318	1265.74829
319	-23.8076172	319	-1062.7699
320	45.20703	320	1942.35156
321	114.222534	321	4734.864
322	100.21936	322	4007.90137
323	91.2172852	323	3536.5835
324	87.21631	324	3255.98022
325	10.1994629	325	369.332672
326	21.2017822	326	741.465759
327	46.2072754	327	1567.405
328	-26.8082275	328	-877.8337
329	0.1973877	329	6.27766562
330	-73.8175659	330	-2281.44336
331	-155.832886	331	-4659.40625
332	-126.827637	332	-3670.563
333	-230.8457	333	-6456.619
334	-83.81952	334	-2263.75171
335	-127.82782	335	-3339.89551
336	-218.84375	336	-5529.79736
337	-188.838684	337	-4649.882
338	-276.853027	338	-6613.02637
339	-235.846558	339	-5464.242
340	-266.8515	340	-6055.593
341	-227.845215	341	-5057.545
342	-250.848938	342	-5409.35449
343	-168.8352	343	-3552.57446
344	-240.847351	344	-4940.90137
345	-206.841736	345	-4162.83643
346	-171.835754	346	-3390.4563
347	-153.83252	347	-2973.20361
348	-269.851929	348	-5112.60156
349	-272.852417	349	-5088.4873
350	-133.828918	350	-2476.55884
351	-86.82013	351	-1574.34277
352	-112.825012	352	-2005.71021
353	-144.830933	353	-2543.158
354	-173.83606	354	-2987.11426
355	-140.8302	355	-2389.19678
356	-209.842224	356	-3512.79321
357	-155.832886	357	-2593.049
358	-222.844421	358	-3676.57
359	-211.84259	359	-3472.669
360	-250.848938	360	-4111.182
361	-153.83252	361	-2495.53516
362	-143.83075	362	-2320.51318
363	-185.838135	363	-2952.24829
364	-259.8504	364	-4028.44971
365	-202.841064	365	-3107.01514
366	-213.8429	366	-3217.22485
367	-272.852417	367	-4043.40552
368	-167.835022	368	-2429.36621
369	-124.827271	369	-1779.03064
370	-251.849121	370	-3529.99341
371	-277.853149	371	-3866.01318
372	-234.846375	372	-3208.99414
373	-197.84021	373	-2676.65723
374	-177.836792	374	-2334.19141
375	-226.8451	375	-2952.62866
376	-195.8399	376	-2503.11475
377	-209.842224	377	-2663.82886
378	-216.843384	378	-2688.05225
379	-206.841736	379	-2518.00146
380	-114.825439	380	-1387.91138
381	-152.832336	381	-1824.12781
382	-226.8451	382	-2644.52026
383	-274.852722	383	-3169.50635
384	-218.84375	384	-2483.35083
385	-175.836426	385	-1961.34082
386	-149.831848	386	-1635.07874
387	-219.843933	387	-2355.59473
388	-169.835388	388	-1792.09814
389	-100.822754	389	-1052.72583
390	-170.835571	390	-1785.28418
391	-246.848328	391	-2564.587
392	-266.8515	392	-2679.68726
393	-383.8684	393	-3807.82324
394	-186.838318	394	-1826.2406
395	-204.841431	395	-1966.542
396	-180.83728	396	-1710.35278
397	-184.838013	397	-1738.10339
398	-198.8404	398	-1855.036
399	-192.839355	399	-1803.44727
400	-238.847046	400	-2263.90039
401	-178.836975	401	-1676.21094
402	-188.838684	402	-1787.87451
403	-204.841431	403	-1909.597
404	-122.826904	404	-1143.85071
405	-215.843262	405	-1968.82239
406	-163.834351	406	-1471.87292
407	-151.832214	407	-1363.03662
408	-224.844727	408	-1987.09338
409	-229.845581	409	-2002.43054
410	-173.83606	410	-1501.77478
411	-135.829285	411	-1154.01563
412	-180.83728	412	-1517.242
413	-117.825989	413	-990.7024
414	-221.844238	414	-1822.18274
415	-216.843384	415	-1770.31824
416	-199.840576	416	-1593.446
417	-132.828735	417	-1054.83752
418	-189.838867	418	-1447.6991
419	-206.841736	419	-1542.78992
420	-83.81952	420	-632.765137
421	-245.848145	421	-1865.27563
422	-232.846069	422	-1760.99036
423	-209.842224	423	-1586.15967
424	-237.846863	424	-1782.40308
425	-254.849609	425	-1905.23962
426	-286.854553	426	-2123.19946
427	-233.846191	427	-1725.58911
428	-183.83783	428	-1347.04077
429	-181.837463	429	-1325.541
430	-239.847168	430	-1751.08545
431	-125.827454	431	-915.393
432	-149.831848	432	-1078.8761
433	-180.83728	433	-1291.77063
434	-258.85022	434	-1826.2998
435	-171.835754	435	-1199.1814
436	-172.835876	436	-1182.15466
437	-242.847656	437	-1630.04517
438	-69.81683	438	-465.986084
439	-42.8114624	439	-284.50473
440	-173.83606	440	-1165.72
441	-243.847839	441	-1659.22986
442	-153.83252	442	-1035.61621
443	-277.853149	443	-1875.97534
444	-184.838013	444	-1243.90271
445	-254.849609	445	-1718.01208
446	-257.850037	446	-1720.40063
447	-182.837646	447	-1210.34814
448	-143.83075	448	-900.2495
449	-172.835876	449	-1013.53644
450	-219.843933	450	-1267.08728
451	-223.844543	451	-1342.74622
452	-284.854248	452	-1739.84167
453	-198.8404	453	-1256.10144
454	-146.8313	454	-935.1141
455	-239.847168	455	-1500.93933
456	-252.849243	456	-1564.17578
457	-197.84021	457	-1199.699
458	-157.833252	458	-946.756
459	-212.842773	459	-1275.09314
460	-197.84021	460	-1189.1687
461	-208.8421	461	-1210.38013
462	-265.851318	462	-1509.71289
463	-229.845581	463	-1243.86865
464	-98.82239	464	-542.7226
465	-242.847656	465	-1322.373
466	-148.831665	466	-767.9284
467	-254.849609	467	-1215.79883
468	-136.829468	468	-622.0471
469	-178.836975	469	-831.822449
470	-189.838867	470	-953.695251
471	-111.824829	471	-581.869
472	-190.83905	472	-980.8085
473	-193.839539	473	-973.1315
474	-157.833252	474	-843.895935
475	-231.845886	475	-1366.04822
476	-214.843079	476	-1325.918
477	-226.8451	477	-1443.19226
478	-237.846863	478	-1516.9436
479	-196.840027	479	-1238.1936
480	-256.8499	480	-1573.73169
481	-216.843384	481	-1265.912
482	-181.837463	482	-1034.172
483	-188.838684	483	-1093.87207
484	-139.830017	484	-838.4122
485	-229.845581	485	-1433.50134
486	-196.840027	486	-1242.1687
487	-233.846191	487	-1484.77881
488	-237.846863	488	-1496.8064
489	-199.840576	489	-1231.45386
490	-199.840576	490	-1223.946
491	-278.853333	491	-1595.71082
492	-153.83252	492	-797.8332
493	-191.839172	493	-978.3977
494	-176.836609	494	-899.0244
495	-194.839722	495	-1007.78119
496	-194.839722	496	-1012.52368
497	-226.8451	497	-1174.93188
498	-203.841248	498	-1064.306
499	-168.8352	499	-872.5611
500	-215.843262	500	-1107.61646
501	-175.836426	501	-900.659058
502	-194.839722	502	-988.199463
503	-125.827454	503	-651.1414
504	-170.835571	504	-889.5542
505	-211.84259	505	-1108.92053
506	-152.832336	506	-789.2734
507	-177.836792	507	-931.3903
508	-159.833618	508	-826.868164
509	-171.835754	509	-891.585266
510	-163.834351	510	-854.7494
511	-172.835876	511	-903.9468
512	-143.83075	512	-748.8456
513	-182.837646	513	-953.8176
514	-179.8371	514	-927.109558
515	-230.8457	515	-1198.39026
516	-176.836609	516	-905.411
517	-134.8291	517	-693.782
518	-224.844727	518	-1148.26257
519	-158.833435	519	-808.3623
520	-247.84845	520	-1275.008
521	-153.83252	521	-790.5449
522	-179.8371	522	-923.0415
523	-141.830383	523	-729.8261
524	-182.837646	524	-946.842651
525	-177.836792	525	-927.330444
526	-191.839172	526	-1000.51312
527	-216.843384	527	-1136.309
528	-172.835876	528	-913.309
529	-114.825439	529	-608.8381
530	-183.83783	530	-984.0968
531	-222.844421	531	-1207.47766
532	-226.8451	532	-1227.23914
533	-185.838135	533	-1008.33313
534	-239.847168	534	-1297.604
535	-161.833984	535	-878.803833
536	-212.842773	536	-1156.95288
537	-209.842224	537	-1147.69507
538	-218.84375	538	-1205.60107
539	-227.845215	539	-1256.80347
540	-247.84845	540	-1384.9281
541	-223.844543	541	-1272.22827
542	-182.837646	542	-1036.97083
543	-232.846069	543	-1331.73181
544	-244.847961	544	-1410.65991
545	-191.839172	545	-1115.10522
546	-234.846375	546	-1370.00891
547	-139.830017	547	-826.1415
548	-128.828	548	-766.3847
549	-214.843079	549	-1291.10156
550	-252.849243	550	-1550.69751
551	-229.845581	551	-1422.70422
552	-188.838684	552	-1176.46423
553	-242.847656	553	-1503.07031
554	-235.846558	554	-1462.9458
555	-248.848633	555	-1554.19006
556	-240.847351	556	-1530.92542
557	-149.831848	557	-962.1853
558	-186.838318	558	-1196.66333
559	-125.827454	559	-815.7393
560	-187.8385	560	-1252.73914
561	-236.84668	561	-1600.709
562	-246.848328	562	-1662.87231
563	-130.828369	563	-896.2396
564	-247.84845	564	-1688.72729
565	-246.848328	565	-1711.89209
566	-152.832336	566	-1049.701
567	-156.833069	567	-1099.29993
568	-174.836243	568	-1219.21472
569	-179.8371	569	-1242.32849
570	-159.833618	570	-1121.321
571	-233.846191	571	-1667.19177
572	-207.841919	572	-1456.48315
573	-219.843933	573	-1565.40576
574	-238.847046	574	-1673.24976
575	-151.832214	575	-1072.92273
576	-151.832214	576	-1098.78027
577	-205.841553	577	-1470.38171
578	-128.828	578	-919.5869
579	-117.825989	579	-847.2802
580	-184.838013	580	-1352.90894
581	-215.843262	581	-1562.71338
582	-146.8313	582	-1050.018
583	-326.860474	583	-2315.27344
584	-175.836426	584	-1224.97083
585	-227.845215	585	-1584.90845
586	-108.82428	586	-750.263855
587	-176.836609	587	-1214.94678
588	-164.834473	588	-1132.47339
589	-235.846558	589	-1614.6842
590	-251.849121	590	-1788.76917
591	-123.827087	591	-885.131653
592	-196.840027	592	-1394.177
593	-155.832886	593	-1110.35168
594	-164.834473	594	-1186.32678
595	-291.855347	595	-2098.893
596	-101.823	596	-747.617249
597	-147.831482	597	-1092.17334
598	-183.83783	598	-1372.95154
599	-167.835022	599	-1265.12964
600	-100.822754	600	-767.1736
</Group>
<Group>
RCQCSignal
1
401	
ExCorr	T636065165486877722
X	Y
200	-0.00177199394
201	-0.00184218585
202	-0.00168502331
203	-0.00183455646
204	-0.00170332938
205	-0.001776576
206	-0.00175216049
207	-0.00168349594
208	-0.00176284462
209	-0.0015797317
210	-0.00168654323
211	-0.0015995726
212	-0.00152938068
213	-0.00154158473
214	-0.00164839625
215	-0.00157820433
216	-0.00166670978
217	-0.00159499049
218	-0.00167433918
219	-0.00159499049
220	-0.00147749484
221	-0.00146376342
222	-0.00147444755
223	-0.00152938068
224	-0.00166060776
225	-0.00143630058
226	-0.00146681815
227	-0.00147749484
228	-0.001450032
229	-0.00130812079
230	-0.00131727755
231	-0.00145918876
232	-0.00117079169
233	-0.00102583319
234	-0.00118605047
235	-0.00114027411
236	-0.0011479035
237	-0.0009464845
238	-0.0009098649
239	-0.0008274615
240	-0.0009388551
241	-0.000714547932
242	-0.000583320856
243	-0.000568062067
244	-0.000250674784
245	-0.00031170994
246	-0.000198788941
247	-2.78875232E-05
248	2.7038157E-05
249	0.000294074416
250	0.000385627151
251	0.000500068069
252	0.000622145832
253	0.0009654686
254	0.00101429969
255	0.00114095211
256	0.00141409039
257	0.00149953365
258	0.00175283849
259	0.00196951628
260	0.002186194
261	0.0024074465
262	0.0025844574
263	0.00272025913
264	0.00298424065
265	0.00315666944
266	0.00346642733
267	0.0038479045
268	0.003992863
269	0.00420801342
270	0.00441096
271	0.00471308827
272	0.005050309
273	0.005398214
274	0.005843781
275	0.00618100166
276	0.00668302923
277	0.007004991
278	0.007291861
279	0.007787779
280	0.008178413
281	0.008575149
282	0.009315208
283	0.009837069
284	0.0104886293
285	0.0112393722
286	0.01189398
287	0.0125485882
288	0.013430573
289	0.014211826
290	0.0146985874
291	0.0151334777
292	0.0158750638
293	0.0166075
294	0.0176466331
295	0.0183454975
296	0.0191084519
297	0.019610472
298	0.0204832926
299	0.02115468
300	0.0219603553
301	0.0228423253
302	0.0237471983
303	0.0245131925
304	0.025550805
305	0.0261748955
306	0.0274276659
307	0.0280731246
308	0.02925875
309	0.0303741917
310	0.0313690677
311	0.0325196
312	0.0336396173
313	0.0346177146
314	0.0361619368
315	0.0369615033
316	0.03839127
317	0.0395677462
318	0.04056873
319	0.0419420525
320	0.04322686
321	0.04436671
322	0.0455126539
323	0.0464693978
324	0.04778626
325	0.0487628356
326	0.0499270931
327	0.0509006158
328	0.05216407
329	0.05312539
330	0.0540912822
331	0.0552418157
332	0.0563740358
333	0.05768325
334	0.05908098
335	0.060373418
336	0.0617589429
337	0.06270195
338	0.0640004948
339	0.06533565
340	0.0661276057
341	0.0669042841
342	0.06818298
343	0.06923587
344	0.0704077557
345	0.07114323
346	0.0719916448
347	0.07290413
348	0.0738196746
349	0.07441173
350	0.07448802
351	0.07541577
352	0.07638014
353	0.07683333
354	0.07802201
355	0.0785942152
356	0.0792152658
357	0.0792823955
358	0.07956622
359	0.07968982
360	0.079288505
361	0.0796593055
362	0.07964099
363	0.08035206
364	0.08177725
365	0.082145
366	0.08298119
367	0.0835351
368	0.08479548
369	0.0853966847
370	0.08606657
371	0.08672423
372	0.0883416757
373	0.0892862156
374	0.09209845
375	0.09293618
376	0.0947169
377	0.09543102
378	0.09780533
379	0.09972491
380	0.100504644
381	0.102024443
382	0.104722239
383	0.106167279
384	0.1081891
385	0.110366561
386	0.1131208
387	0.115505792
388	0.11761459
389	0.119186275
390	0.119425841
391	0.120139964
392	0.12434382
393	0.125932276
394	0.127867132
395	0.130235314
396	0.132197648
397	0.1329728
398	0.134141624
399	0.133952439
400	0.132310539
401	0.133789152
402	0.13243109
403	0.134459019
404	0.1345689
405	0.137289584
406	0.139320552
407	0.139367849
408	0.14149192
409	0.143403858
410	0.144557446
411	0.146820366
412	0.148552269
413	0.148153991
414	0.151616275
415	0.152519614
416	0.156044453
417	0.156558663
418	0.162866741
419	0.166261882
420	0.164250761
421	0.163196355
422	0.163591564
423	0.1634649
424	0.164583385
425	0.164702415
426	0.166040629
427	0.16628173
428	0.1671164
429	0.167642832
430	0.1671286
431	0.167313218
432	0.168652982
433	0.169589877
434	0.171297371
435	0.17270425
436	0.175778925
437	0.178559124
438	0.179145068
439	0.179467052
440	0.177660376
441	0.1748817
442	0.17647627
443	0.175679743
444	0.17596814
445	0.1754646
446	0.1770317
447	0.178202063
448	0.188167751
449	0.199949235
450	0.202602774
451	0.194535315
452	0.1914118
453	0.185051858
454	0.183451176
455	0.186364114
456	0.188099086
457	0.191503346
458	0.1932078
459	0.193247467
460	0.192556232
461	0.199293077
462	0.202544779
463	0.211662054
464	0.207967848
465	0.2095975
466	0.220849514
467	0.237664938
468	0.24796173
469	0.241647571
470	0.224018812
471	0.216857761
472	0.219454825
473	0.224116474
474	0.210543573
475	0.191692561
476	0.183387071
477	0.177623749
478	0.176947773
479	0.179151177
480	0.183591545
481	0.192098469
482	0.196885228
483	0.193534344
484	0.18805787
485	0.18200919
486	0.180440575
487	0.178243279
488	0.177904516
489	0.1789284
490	0.176845551
491	0.18503201
492	0.19912982
493	0.198037267
494	0.194733709
495	0.187850356
496	0.183605283
497	0.181374431
498	0.177811444
499	0.177965552
500	0.178034216
501	0.177443683
502	0.178600341
503	0.17483899
504	0.173751026
505	0.172998756
506	0.175635517
507	0.17345345
508	0.175934583
509	0.175809443
510	0.175148726
511	0.175098389
512	0.176085651
513	0.1760597
514	0.178408056
515	0.1775139
516	0.1802544
517	0.179599792
518	0.181105852
519	0.181795567
520	0.180025518
521	0.180301726
522	0.180594683
523	0.180298656
524	0.1792061
525	0.177953362
526	0.177867889
527	0.176972181
528	0.175478339
529	0.174903065
530	0.173288673
531	0.1711173
532	0.171289742
533	0.170725137
534	0.1710059
535	0.1702323
536	0.1698569
537	0.168686539
538	0.167337656
539	0.166997373
540	0.164694786
541	0.161691815
542	0.161896288
543	0.160414636
544	0.159041315
545	0.157294154
546	0.156523585
547	0.154385775
548	0.153203219
549	0.151375175
550	0.148199767
551	0.146544188
552	0.145360082
553	0.145996392
554	0.145382971
555	0.1441012
556	0.141188264
557	0.139445692
558	0.139567763
559	0.1375505
560	0.133425981
561	0.131404161
562	0.131619334
563	0.129255712
564	0.129765362
565	0.12726745
566	0.128321856
567	0.125541657
568	0.125904828
569	0.126904279
570	0.124809213
571	0.12252342
572	0.124414004
573	0.122308262
574	0.124121033
575	0.122834705
576	0.119787477
577	0.121023454
578	0.1209609
579	0.119785942
580	0.1174498
581	0.11843095
582	0.119668461
583	0.120403938
584	0.12207938
585	0.121896274
586	0.122677527
587	0.122762986
588	0.122506626
589	0.122671433
590	0.117936559
591	0.116938613
592	0.117745824
593	0.116834857
594	0.115443237
595	0.115318112
596	0.112745441
597	0.111869566
598	0.110372655
599	0.10898561
600	0.10773132
</Group>
</Session>
