<Session>
Acquisition 1 2016-08-12 15:07:52
<Group>
Detector1
2
401		401	
D1 200-600:300	T636065165486877739	D1 200-600:300 [COR]	T636065165486877741
X	Y	X	Y
200	-275.852844	200	640437.6
201	-236.84668	201	525821.4
202	-281.853821	202	701723.6
203	-204.841431	203	481633.219
204	-235.846558	204	574498.2
205	-314.858765	205	678242.2
206	-286.854553	206	696243.563
207	-180.83728	207	418408.625
208	-288.854858	208	726283.1
209	-240.847351	209	580411.563
210	-269.851929	210	675158.563
211	-286.854553	211	661439.9
212	-302.857	212	691272.2
213	-287.854736	213	668302
214	-236.84668	214	599227.5
215	-141.830383	215	350958.8
216	-246.848328	216	617604.438
217	-246.848328	217	630820.563
218	-276.853027	218	712883.5
219	-273.852539	219	726352.9
220	-138.829834	220	375587.031
221	-270.8521	221	685262.063
222	-235.846558	222	699595.5
223	-229.845581	223	716338.438
224	-278.853333	224	870414.063
225	-205.841553	225	663957.2
226	-218.84375	226	691606.1
227	-244.847961	227	811705.75
228	-233.846191	228	941257.2
229	-263.851	229	1115108.75
230	-234.846375	230	996671.25
231	-226.8451	231	1106102.38
232	-207.841919	232	1309027.38
233	-282.853943	233	2303174.25
234	-308.857849	234	3863214.25
235	-285.854431	235	3966595.5
236	-292.855469	236	4063744
237	-266.8515	237	8985957
238	-314.858765	238	-43401124
239	-240.847351	239	-2618173.5
240	-286.854553	240	-2872176.5
241	-290.855164	241	-1742948.75
242	-265.851318	242	-1224403.38
243	-231.845886	243	-813165.4
244	-193.839539	244	-683404.063
245	-244.847961	245	-725825.25
246	-306.857544	246	-771123.8
247	-245.848145	247	-526545.8
248	-179.8371	248	-338390.6
249	-209.842224	249	-358916.781
250	-312.858459	250	-481553.469
251	-265.851318	251	-349514.1
252	-331.8612	252	-378174.031
253	-193.839539	253	-198142.078
254	-136.829468	254	-120662.836
255	-288.854858	255	-238910.688
256	-264.851135	256	-189828.234
257	-258.85022	257	-168630.109
258	-327.860657	258	-192944.672
259	-254.849609	259	-138445.188
260	-362.86554	260	-180028.75
261	-314.858765	261	-143986.234
262	-288.854858	262	-123178.93
263	-276.853027	263	-104254.289
264	-230.8457	264	-81657.36
265	-272.852417	265	-88554.9844
266	-266.8515	266	-78838.95
267	-250.848938	267	-69979.92
268	-255.849731	268	-65660.9
269	-333.8615	269	-79040.37
270	-154.8327	270	-34578.06
271	-203.841248	271	-41840.93
272	-304.857239	272	-59179.86
273	-248.848633	273	-45558.53
274	-211.84259	274	-36431.1055
275	-293.8556	275	-47167.8555
276	-248.848633	276	-37381.7461
277	-222.844421	277	-31725.7168
278	-213.8429	278	-28421.6211
279	-282.853943	279	-35326.6328
280	-313.858582	280	-37045.96
281	-259.8504	281	-29273.5449
282	-318.8593	282	-33825.51
283	-272.852417	283	-27659.2539
284	-264.851135	284	-25409.5332
285	-239.847168	285	-22128.07
286	-266.8515	286	-23254.7227
287	-179.8371	287	-15082.3457
288	-221.844238	288	-17719.9824
289	-249.848816	289	-19173.7383
290	-196.840027	290	-14504.6406
291	-215.843262	291	-15200.3271
292	-245.848145	292	-16706.8555
293	-258.85022	293	-17010.4648
294	-259.8504	294	-16493.3184
295	-230.8457	295	-14188.543
296	-154.8327	296	-9145.684
297	-252.849243	297	-14506.21
298	-189.838867	298	-10591.93
299	-114.825439	299	-6212.35742
300	-253.849426	300	-13367.915
301	-132.828735	301	-6703.309
302	-206.841736	302	-10244.6631
303	-152.832336	303	-7370.578
304	-203.841248	304	-9539.039
305	-199.840576	305	-8923.884
306	-183.83783	306	-7870.62744
307	-110.824646	307	-4629.16357
308	-98.82239	308	-3957.98
309	-90.82086	309	-3490.839
310	-98.82239	310	-3678.60034
311	-6.804077	311	-245.251328
312	-35.81006	312	-1253.16724
313	40.2059326	313	1376.55859
314	43.206543	314	1453.88037
315	155.2323	315	5119.69434
316	81.2149658	316	2580.241
317	123.224609	317	3742.257
318	-32.80945	318	-939.1618
319	126.225342	319	3444.38159
320	112.222046	320	2952.28516
321	99.21912	321	2526.13086
322	175.237183	322	4297.93262
323	161.233765	323	3840.33545
324	202.243774	324	4686.06055
325	207.245	325	4671.524
326	93.21777	326	2037.80444
327	89.2168	327	1900.457
328	-63.8156128	328	-1337.9812
329	-44.81189	329	-919.1279
330	-125.827454	330	-2516.18579
331	-182.837646	331	-3542.371
332	-151.832214	332	-2818.43018
333	-222.844421	333	-3993.677
334	-319.8595	334	-5554.43066
335	-218.84375	335	-3703.81641
336	-321.859741	336	-5292.591
337	-168.8352	337	-2722.47168
338	-228.8454	338	-3620.10913
339	-231.845886	339	-3613.49023
340	-233.846191	340	-3628.80957
341	-330.861084	341	-5173.413
342	-270.8521	342	-4261.825
343	-193.839539	343	-3009.464
344	-134.8291	344	-1997.7041
345	-281.853821	345	-3969.1814
346	-254.849609	346	-3409.33838
347	-255.849731	347	-3320.765
348	-185.838135	348	-2379.58179
349	-262.85083	349	-3302.1897
350	-168.8352	350	-2103.99658
351	-251.849121	351	-3113.754
352	-255.849731	352	-3136.277
353	-287.854736	353	-3472.87354
354	-194.839722	354	-2317.40381
355	-238.847046	355	-2819.632
356	-235.846558	356	-2783.03076
357	-275.852844	357	-3323.61377
358	-298.856384	358	-3702.46875
359	-201.840881	359	-2594.322
360	-182.837646	360	-2439.234
361	-225.84491	361	-3039.87549
362	-199.840576	362	-2618.58545
363	-278.853333	363	-3512.155
364	-267.851624	364	-3153.92651
365	-294.855774	365	-3376.68481
366	-258.85022	366	-2848.18286
367	-234.846375	367	-2546.3833
368	-269.851929	368	-2898.95142
369	-227.845215	369	-2424.89453
370	-291.855347	370	-3123.71826
371	-261.8507	371	-2887.60278
372	-243.847839	372	-2761.75049
373	-215.843262	373	-2471.457
374	-326.860474	374	-3605.04639
375	-267.851624	375	-2803.882
376	-210.8424	376	-2078.5603
377	-217.843567	377	-2073.70068
378	-289.855042	378	-2693.25513
379	-197.84021	379	-1794.32922
380	-299.8565	380	-2696.90869
381	-234.846375	381	-2121.70361
382	-238.847046	382	-2130.83862
383	-187.8385	383	-1650.70972
384	-272.852417	384	-2386.40674
385	-162.834167	385	-1418.42517
386	-333.8615	386	-2882.683
387	-251.849121	387	-2182.886
388	-278.853333	388	-2404.745
389	-304.857239	389	-2615.124
390	-281.853821	390	-2385.59033
391	-283.854126	391	-2352.98779
392	-288.854858	392	-2320.72266
393	-288.854858	393	-2291.98145
394	-308.857849	394	-2458.324
395	-224.844727	395	-1804.52393
396	-291.855347	396	-2423.50146
397	-245.848145	397	-2210.97852
398	-195.8399	398	-2088.11157
399	-278.853333	399	-3680.01245
400	-274.852722	400	-4091.789
401	-245.848145	401	-3382.19287
402	-326.860474	402	-3588.384
403	-290.855164	403	-2685.72
404	-211.84259	404	-1790.82068
405	-217.843567	405	-1814.42371
406	-224.844727	406	-1849.13391
407	-264.851135	407	-2110.86255
408	-243.847839	408	-1847.95
409	-224.844727	409	-1640.98413
410	-199.840576	410	-1430.67578
411	-302.857	411	-2180.86548
412	-291.855347	412	-2113.98682
413	-263.851	413	-1955.43945
414	-230.8457	414	-1712.69971
415	-226.8451	415	-1672.46716
416	-275.852844	416	-1990.93066
417	-290.855164	417	-2022.49158
418	-228.8454	418	-1513.84558
419	-269.851929	419	-1718.687
420	-268.8518	420	-1701.26819
421	-245.848145	421	-1548.30579
422	-315.8589	422	-1991.07458
423	-201.840881	423	-1266.56506
424	-228.8454	424	-1426.47668
425	-270.8521	425	-1691.4104
426	-309.858032	426	-1920.14441
427	-229.845581	427	-1421.64758
428	-172.835876	428	-1066.0946
429	-186.838318	429	-1149.45154
430	-255.849731	430	-1571.81628
431	-190.83905	431	-1173.85425
432	-247.84845	432	-1517.42969
433	-283.854126	433	-1736.97241
434	-349.86377	434	-2126.86353
435	-231.845886	435	-1404.79724
436	-157.833252	436	-946.3279
437	-313.858582	437	-1861.66882
438	-180.83728	438	-1068.8374
439	-329.8609	439	-1957.58325
440	-301.8568	440	-1809.27979
441	-233.846191	441	-1414.94946
442	-343.8629	442	-2060.5686
443	-265.851318	443	-1584.82849
444	-276.853027	444	-1632.78784
445	-278.853333	445	-1634.61548
446	-288.854858	446	-1679.11523
447	-254.849609	447	-1463.81653
448	-217.843567	448	-1182.03967
449	-253.849426	449	-1287.46985
450	-317.8592	450	-1593.53223
451	-214.843079	451	-1121.28967
452	-265.851318	452	-1424.50183
453	-276.853027	453	-1525.49121
454	-256.8499	454	-1430.24683
455	-281.853821	455	-1552.01636
456	-268.8518	456	-1447.66138
457	-264.851135	457	-1407.54077
458	-153.83252	458	-821.8928
459	-176.836609	459	-967.451843
460	-313.858582	460	-1768.97058
461	-326.860474	461	-1842.91492
462	-297.8562	462	-1637.60974
463	-295.8559	463	-1611.17078
464	-222.844421	464	-1204.32837
465	-232.846069	465	-1255.16443
466	-213.8429	466	-1063.29224
467	-194.839722	467	-876.698059
468	-247.84845	468	-1061.14819
469	-266.8515	469	-1162.73059
470	-280.853638	470	-1325.19287
471	-205.841553	471	-1016.54242
472	-232.846069	472	-1176.80176
473	-331.8612	473	-1661.85437
474	-204.841431	474	-1111.91846
475	-227.845215	475	-1370.157
476	-302.857	476	-1920.49219
477	-298.856384	477	-1939.04211
478	-306.857544	478	-2013.06555
479	-186.838318	479	-1201.13184
480	-195.8399	480	-1222.33191
481	-315.8589	481	-1856.10449
482	-249.848816	482	-1422.61877
483	-241.847534	483	-1399.15662
484	-285.854431	484	-1688.59082
485	-301.8568	485	-1843.71545
486	-238.847046	486	-1462.82166
487	-224.844727	487	-1369.45264
488	-272.852417	488	-1642.07483
489	-257.850037	489	-1501.0769
490	-242.847656	490	-1367.80518
491	-205.841553	491	-1052.01587
492	-202.841064	492	-961.8535
493	-301.8568	493	-1385.658
494	-258.85022	494	-1195.53137
495	-240.847351	495	-1127.80835
496	-229.845581	496	-1069.38391
497	-321.859741	497	-1499.40845
498	-303.857117	498	-1436.40076
499	-318.8593	499	-1499.25122
500	-290.855164	500	-1351.44177
501	-311.858276	501	-1431.14038
502	-279.853516	502	-1260.80444
503	-307.857727	503	-1392.38647
504	-244.847961	504	-1123.32483
505	-215.843262	505	-995.756836
506	-321.859741	506	-1484.0614
507	-240.847351	507	-1118.00818
508	-236.84668	508	-1092.05383
509	-266.8515	509	-1220.05786
510	-268.8518	510	-1246.08777
511	-292.855469	511	-1363.04688
512	-267.851624	512	-1240.53589
513	-208.8421	513	-966.915466
514	-192.839355	514	-897.9611
515	-261.8507	515	-1226.65735
516	-292.855469	516	-1365.53711
517	-252.849243	517	-1179.75818
518	-229.845581	518	-1075.50122
519	-308.857849	519	-1441.60986
520	-304.857239	520	-1441.80554
521	-274.852722	521	-1309.10059
522	-262.85083	522	-1254.72571
523	-231.845886	523	-1111.13684
524	-232.846069	524	-1118.493
525	-214.843079	525	-1037.07373
526	-234.846375	526	-1139.65479
527	-234.846375	527	-1144.7749
528	-221.844238	528	-1090.54749
529	-271.852234	529	-1343.18225
530	-309.858032	530	-1543.1759
531	-235.846558	531	-1190.239
532	-290.855164	532	-1473.80676
533	-257.850037	533	-1307.64124
534	-322.859924	534	-1638.35583
535	-266.8515	535	-1362.63855
536	-269.851929	536	-1379.01733
537	-218.84375	537	-1128.73291
538	-335.861755	538	-1747.62036
539	-233.846191	539	-1220.85376
540	-333.8615	540	-1754.99951
541	-310.858154	541	-1653.79407
542	-244.847961	542	-1301.02539
543	-214.843079	543	-1145.43628
544	-235.846558	544	-1266.30579
545	-317.8592	545	-1722.42139
546	-165.834656	546	-906.4298
547	-242.847656	547	-1347.48779
548	-230.8457	548	-1298.29114
549	-208.8421	549	-1175.61621
550	-233.846191	550	-1341.19
551	-229.845581	551	-1331.50452
552	-233.846191	552	-1353.985
553	-307.857727	553	-1797.58093
554	-314.858765	554	-1845.78723
555	-259.8504	555	-1532.65015
556	-261.8507	556	-1556.124
557	-313.858582	557	-1896.84167
558	-288.854858	558	-1766.91589
559	-233.846191	559	-1445.21008
560	-353.864319	560	-2215.10156
561	-246.848328	561	-1570.0011
562	-224.844727	562	-1421.673
563	-214.843079	563	-1391.3324
564	-240.847351	564	-1560.279
565	-297.8562	565	-1963.037
566	-276.853027	566	-1807.87048
567	-188.838684	567	-1256.57483
568	-284.854248	568	-1916.9342
569	-198.8404	569	-1316.40051
570	-254.849609	570	-1714.906
571	-262.85083	571	-1783.637
572	-267.851624	572	-1781.17346
573	-264.851135	573	-1785.12671
574	-207.841919	574	-1393.93921
575	-368.8664	575	-2501.05347
576	-221.844238	576	-1503.49683
577	-258.85022	577	-1751.13892
578	-284.854248	578	-1945.64648
579	-234.846375	579	-1604.36121
580	-305.857422	580	-2139.31128
581	-271.852234	581	-1893.823
582	-290.855164	582	-2012.17273
583	-271.852234	583	-1886.89075
584	-271.852234	584	-1862.373
585	-190.83905	585	-1324.7876
586	-200.8407	586	-1371.39587
587	-223.844543	587	-1531.6488
588	-293.8556	588	-2003.87012
589	-269.851929	589	-1830.4425
590	-252.849243	590	-1743.84363
591	-177.836792	591	-1219.83459
592	-310.858154	592	-2139.1748
593	-271.852234	593	-1889.49268
594	-289.855042	594	-2023.44531
595	-256.8499	595	-1828.18408
596	-244.847961	596	-1737.61975
597	-329.8609	597	-2376.41724
598	-198.8404	598	-1442.03247
599	-259.8504	599	-1902.84155
600	-236.84668	600	-1759.62842
</Group>
<Group>
RCQCSignal
1
401	
ExCorr	T636065165486877740
X	Y
200	-0.00133406371
201	-0.00139509887
202	-0.00124403834
203	-0.00131727755
204	-0.00127150118
205	-0.001437828
206	-0.00127607584
207	-0.00133863837
208	-0.00123182684
209	-0.0012852326
210	-0.00123792887
211	-0.00134322047
212	-0.00135695189
213	-0.00133406371
214	-0.00122419745
215	-0.00125166774
216	-0.00123792887
217	-0.0012119934
218	-0.00120283663
219	-0.001167737
220	-0.00114484876
221	-0.00122419745
222	-0.00104413927
223	-0.0009937882
224	-0.0009922609
225	-0.0009602159
226	-0.0009800568
227	-0.000934273
228	-0.000769481063
229	-0.000732854
230	-0.0007298067
231	-0.000635199249
232	-0.0004917681
233	-0.0003803745
234	-0.000247620046
235	-0.0002232045
236	-0.0002232045
237	-9.197742E-05
238	1.17793679E-05
239	0.000284917653
240	0.0003093332
241	0.0005168542
242	0.000672496855
243	0.0008830726
244	0.000878497958
245	0.00104481727
246	0.00123250484
247	0.00144612789
248	0.001646027
249	0.00181081891
250	0.002012238
251	0.00230826437
252	0.00260734558
253	0.00284691155
254	0.00322990865
255	0.00337029248
256	0.00380517542
257	0.0040935725
258	0.00443537533
259	0.004699357
260	0.00503505
261	0.00535091758
262	0.00562404841
263	0.00623898953
264	0.00651060045
265	0.00695464
266	0.007482603
267	0.007766418
268	0.008266911
269	0.008779615
270	0.009118363
271	0.009823337
272	0.01029484
273	0.01082585
274	0.0114224777
275	0.012135081
276	0.0128568336
277	0.0134580359
278	0.0143018588
279	0.0151090547
280	0.01586286
281	0.0166578516
282	0.0177336112
283	0.0186140612
284	0.0197279677
285	0.0205824748
286	0.0218596533
287	0.0228011385
288	0.0240233764
289	0.02511745
290	0.02624967
291	0.0275955126
292	0.0287704542
293	0.02995304
294	0.0312134251
295	0.03242805
296	0.0339142755
297	0.03507244
298	0.03623212
299	0.0375093
300	0.03869035
301	0.0402955934
302	0.0409883633
303	0.0420336053
304	0.04325127
305	0.04523494
306	0.04707519
307	0.0481601
308	0.0501300469
309	0.0520954058
310	0.0536579266
311	0.05505412
312	0.0563313
313	0.05718886
314	0.0578022823
315	0.0585499629
316	0.0603306964
317	0.06261497
318	0.0659444854
319	0.0686133
320	0.07059849
321	0.0722357854
322	0.07421031
323	0.0756415948
324	0.07699355
325	0.0783348158
326	0.0798713937
327	0.0810555
328	0.08146902
329	0.0823754
330	0.08360071
331	0.08525326
332	0.08789306
333	0.09002475
334	0.09188635
335	0.09320473
336	0.09490154
337	0.09574842
338	0.09663954
339	0.09712324
340	0.09670211
341	0.09497783
342	0.0934427753
343	0.09383493
344	0.0974848941
345	0.101673491
346	0.106179483
347	0.108561419
348	0.109225176
349	0.110461168
350	0.110612221
351	0.1106107
352	0.110767864
353	0.111826845
354	0.112721018
355	0.11294686
356	0.112377696
357	0.10949526
358	0.105959751
359	0.10163381
360	0.09740401
361	0.09600782
362	0.09805863
363	0.101348467
364	0.107668765
365	0.10987217
366	0.113461085
367	0.1141691
368	0.114253022
369	0.114356793
370	0.112710334
371	0.109422021
372	0.106582321
373	0.105498932
374	0.109602071
375	0.115557678
376	0.122801133
377	0.127262861
378	0.130484045
379	0.133854777
380	0.1350694
381	0.134785563
382	0.136844009
383	0.139314443
384	0.140368849
385	0.1413256
386	0.1429705
387	0.142790467
388	0.143913507
389	0.1450732
390	0.1474536
391	0.150574088
392	0.155415773
393	0.157434553
394	0.1570256
395	0.1557881
396	0.150572568
397	0.139036745
398	0.117370449
399	0.09492595
400	0.08424006
401	0.09115087
402	0.11420878
403	0.1357469
404	0.148245573
405	0.150352836
406	0.152193069
407	0.156981349
408	0.165004551
409	0.17118293
410	0.174440712
411	0.173226088
412	0.17207253
413	0.168085337
414	0.167853415
415	0.1688895
416	0.172394484
417	0.178797185
418	0.1877527
419	0.194710791
420	0.195949852
421	0.19660598
422	0.196270287
423	0.196906567
424	0.19786638
425	0.197173625
426	0.198322624
427	0.19837907
428	0.198519468
429	0.198641539
430	0.198612541
431	0.1978862
432	0.198353142
433	0.197970122
434	0.198807865
435	0.1989116
436	0.200522959
437	0.202059537
438	0.202299118
439	0.200967014
440	0.198765129
441	0.196662426
442	0.198260069
443	0.198971123
444	0.200793058
445	0.201786429
446	0.203194827
447	0.205378383
448	0.2170546
449	0.2311875
450	0.232922435
451	0.2235885
452	0.218188345
453	0.212154925
454	0.209814191
455	0.211796343
456	0.2161009
457	0.21851182
458	0.2169188
459	0.211611688
460	0.205352455
461	0.204858065
462	0.209205359
463	0.2103391
464	0.21133703
465	0.211726129
466	0.2291733
467	0.25198248
468	0.2632925
469	0.2579564
470	0.238511831
471	0.228491217
472	0.22316584
473	0.22468105
474	0.207384944
475	0.187819839
476	0.178479791
477	0.174169123
478	0.172026753
479	0.175295234
480	0.1802254
481	0.190841109
482	0.196657866
483	0.19378
484	0.190883845
485	0.1858499
486	0.185921609
487	0.1858148
488	0.18603301
489	0.189399153
490	0.1923014
491	0.207174361
492	0.217794657
493	0.22002399
494	0.21435222
495	0.207494825
496	0.205076247
497	0.201653659
498	0.196393877
499	0.195611089
500	0.196622759
501	0.1980556
502	0.201063126
503	0.200045347
504	0.1972026
505	0.196297735
506	0.196715832
507	0.1956996
508	0.197397918
509	0.1995174
510	0.197153777
511	0.196758568
512	0.197947234
513	0.19837603
514	0.197516948
515	0.196715832
516	0.197928935
517	0.198067784
518	0.197658837
519	0.198224962
520	0.195817083
521	0.194538385
522	0.194181323
523	0.19358623
524	0.1931971
525	0.192234278
526	0.1911585
527	0.190247536
528	0.188630074
529	0.187697768
530	0.186260372
531	0.183724314
532	0.182880491
533	0.182660758
534	0.182315916
535	0.181031078
536	0.180674046
537	0.178878039
538	0.177164465
539	0.176442713
540	0.175069392
541	0.1727378
542	0.172801912
543	0.172084719
544	0.170658022
545	0.168727756
546	0.167055368
547	0.16438809
548	0.162051916
549	0.161601782
550	0.158472151
551	0.156581551
552	0.156404555
553	0.154756576
554	0.1538319
555	0.152586758
556	0.151015073
557	0.1481708
558	0.146135241
559	0.144290417
560	0.142154157
561	0.139631838
562	0.14022693
563	0.136729568
564	0.136480838
565	0.133918852
566	0.134968668
567	0.132241875
568	0.130468786
569	0.1324189
570	0.130122423
571	0.128729254
572	0.131108135
573	0.129211456
574	0.129650921
575	0.1280182
576	0.127909839
577	0.127789319
578	0.126411408
579	0.126087934
580	0.122906424
581	0.12308342
582	0.123699881
583	0.122875907
584	0.124143921
585	0.12214499
586	0.123863153
587	0.123265006
588	0.123425223
589	0.123814337
590	0.121455289
591	0.1218627
592	0.121189781
593	0.119773738
594	0.119018413
595	0.116514422
596	0.116647162
597	0.114721484
598	0.113660984
599	0.112186961
600	0.110337563
</Group>
</Session>
