<Session>
Acquisition 1 2016-08-12 15:24:28
<Group>
Detector1
2
401		401	
D1 200-600:300	T636065165486877748	D1 200-600:300 [COR]	T636065165486877750
X	Y	X	Y
200	-319.8595	200	960025.438
201	-240.847351	201	719688.1
202	-276.853027	202	762196.2
203	-282.853943	203	673644.4
204	-265.851318	204	683686.5
205	-236.84668	205	596255.438
206	-300.8567	206	708210.2
207	-236.84668	207	606025.1
208	-215.843262	208	604065.2
209	-255.849731	209	649733.7
210	-253.849426	210	648711.9
211	-240.847351	211	644706.1
212	-305.857422	212	890351.4
213	-289.855042	213	805642.7
214	-293.8556	214	725378.7
215	-291.855347	215	756310.9
216	-320.859619	216	876217.75
217	-221.844238	217	692465.563
218	-170.835571	218	487515.063
219	-273.852539	219	820725.5
220	-280.853638	220	944958.1
221	-240.847351	221	790693.563
222	-210.8424	222	655104.2
223	-303.857117	223	1008970.88
224	-295.8559	224	1079532.13
225	-230.8457	225	783192.9
226	-253.849426	226	1102681.38
227	-317.8592	227	1445703.13
228	-241.847534	228	1050547.13
229	-273.852539	229	1493127.5
230	-276.853027	230	1546878.88
231	-254.849609	231	1610091.25
232	-219.843933	232	2044343.75
233	-240.847351	233	2132197
234	-261.8507	234	3295573.25
235	-197.84021	235	-27270918
236	-235.846558	236	-3.250983E+07
237	-233.846191	237	-13670533
238	-260.850525	238	-5008175.5
239	-242.847656	239	-2712553.75
240	-264.851135	240	-2319996.75
241	-266.8515	241	-1535619.88
242	-244.847961	242	-1112522.25
243	-321.859741	243	-1069723.5
244	-248.848633	244	-833892.938
245	-251.849121	245	-645680
246	-324.860168	246	-823502.438
247	-182.837646	247	-377262.125
248	-258.85022	248	-479948.75
249	-270.8521	249	-443104.9
250	-237.846863	250	-369456.281
251	-254.849609	251	-351062.8
252	-294.855774	252	-347389.344
253	-259.8504	253	-267337.875
254	-176.836609	254	-162307.141
255	-335.861755	255	-275420.8
256	-264.851135	256	-192922.719
257	-247.84845	257	-162309.859
258	-198.8404	258	-117218.4
259	-252.849243	259	-135771.391
260	-198.8404	260	-96802.57
261	-249.848816	261	-111150.766
262	-297.8562	262	-123531.672
263	-251.849121	263	-96107.85
264	-217.843567	264	-75849.23
265	-201.840881	265	-64656.84
266	-239.847168	266	-70372.85
267	-297.8562	267	-81367.08
268	-240.847351	268	-61100.18
269	-198.8404	269	-47545.69
270	-164.834473	270	-36836.3555
271	-307.857727	271	-63289.91
272	-215.843262	272	-41451.69
273	-226.8451	273	-41430.9
274	-272.852417	274	-46073.7344
275	-229.845581	275	-36763.94
276	-210.8424	276	-31143.9414
277	-296.856079	277	-41380.5039
278	-250.848938	278	-32698.1387
279	-265.851318	279	-33009.7344
280	-179.8371	280	-21306.82
281	-245.848145	281	-27772.4355
282	-253.849426	282	-27068.8242
283	-195.8399	283	-19761.7266
284	-208.8421	284	-20135.7676
285	-293.8556	285	-27205.6328
286	-221.844238	286	-19604.9082
287	-276.853027	287	-23435.1914
288	-266.8515	288	-21528.2832
289	-208.8421	289	-16024.877
290	-184.838013	290	-13800.7451
291	-232.846069	291	-16689.334
292	-242.847656	292	-16740.0059
293	-179.8371	293	-11932.3633
294	-302.857	294	-19247.5059
295	-249.848816	295	-15359.4307
296	-278.853333	296	-16636.7832
297	-237.846863	297	-13875.5127
298	-151.832214	298	-8566.253
299	-217.843567	299	-11994.2529
300	-204.841431	300	-10974.9658
301	-161.833984	301	-8349.84
302	-132.828735	302	-6640.92773
303	-233.846191	303	-11238.84
304	-210.8424	304	-9754.818
305	-162.834167	305	-7345.95068
306	-108.82428	306	-4693.157
307	-162.834167	307	-6822.578
308	-52.8134766	308	-2137.44238
309	-83.81952	309	-3247.22241
310	-88.8204956	310	-3343.751
311	70.2125244	311	2569.10229
312	38.2054443	312	1336.957
313	19.201416	313	648.723145
314	70.2125244	314	2279.226
315	102.219849	315	3217.19116
316	48.20764	316	1458.75024
317	87.21631	317	2555.53955
318	79.2146	318	2249.4353
319	58.20984	319	1605.47119
320	105.220459	320	2808.58032
321	139.2284	321	3595.738
322	211.2461	322	5249.426
323	107.220947	323	2585.599
324	50.20813	324	1175.94861
325	149.230835	325	3401.99316
326	61.21057	326	1350.72351
327	-20.8070068	327	-446.542236
328	-89.82068	328	-1875.41492
329	-122.826904	329	-2494.28223
330	-137.829651	330	-2723.78052
331	-207.841919	331	-4008.37622
332	-122.826904	332	-2292.62769
333	-231.845886	333	-4201.21045
334	-272.852417	334	-4795.157
335	-153.83252	335	-2634.93945
336	-218.84375	336	-3640.234
337	-257.850037	337	-4190.697
338	-263.851	338	-4185.82666
339	-218.84375	339	-3379.2
340	-193.839539	340	-2939.3
341	-260.850525	341	-3873.77222
342	-225.84491	342	-3267.43774
343	-183.83783	343	-2597.955
344	-261.8507	344	-3637.518
345	-257.850037	345	-3508.56665
346	-314.858765	346	-4201.023
347	-245.848145	347	-3228.98413
348	-269.851929	348	-3489.3208
349	-230.8457	349	-2935.22388
350	-257.850037	350	-3247.64746
351	-239.847168	351	-2987.66479
352	-263.851	352	-3245.17749
353	-238.847046	353	-2904.00049
354	-293.8556	354	-3522.84277
355	-216.843384	355	-2574.343
356	-243.847839	356	-2871.054
357	-201.840881	357	-2366.387
358	-255.849731	358	-2981.11816
359	-210.8424	359	-2446.14648
360	-241.847534	360	-2790.17041
361	-279.853516	361	-3220.04736
362	-274.852722	362	-3139.95483
363	-202.841064	363	-2325.80322
364	-233.846191	364	-2645.14
365	-250.848938	365	-2800.30518
366	-254.849609	366	-2792.52124
367	-231.845886	367	-2518.69727
368	-251.849121	368	-2698.55981
369	-245.848145	369	-2573.6377
370	-284.854248	370	-2949.20728
371	-258.85022	371	-2663.31665
372	-260.850525	372	-2643.76025
373	-211.84259	373	-2126.775
374	-235.846558	374	-2317.232
375	-273.852539	375	-2662.3418
376	-267.851624	376	-2561.57617
377	-188.838684	377	-1788.16272
378	-279.853516	378	-2614.94067
379	-270.8521	379	-2501.83569
380	-196.840027	380	-1811.76465
381	-257.850037	381	-2376.42114
382	-196.840027	382	-1751.68433
383	-225.84491	383	-1995.922
384	-254.849609	384	-2246.87964
385	-255.849731	385	-2240.47559
386	-274.852722	386	-2358.22876
387	-272.852417	387	-2321.68652
388	-181.837463	388	-1519.03467
389	-239.847168	389	-1983.135
390	-202.841064	390	-1664.10229
391	-235.846558	391	-1903.37769
392	-265.851318	392	-2111.58887
393	-314.858765	393	-2470.20752
394	-231.845886	394	-1791.55933
395	-148.831665	395	-1131.79211
396	-191.839172	396	-1437.995
397	-250.848938	397	-1862.088
398	-301.8568	398	-2265.07373
399	-247.84845	399	-1870.17456
400	-231.845886	400	-1759.49976
401	-278.853333	401	-2116.10938
402	-209.842224	402	-1591.05872
403	-250.848938	403	-1890.05518
404	-319.8595	404	-2411.29785
405	-210.8424	405	-1579.08911
406	-253.849426	406	-1873.24365
407	-225.84491	407	-1639.50342
408	-263.851	408	-1894.65845
409	-275.852844	409	-1947.96826
410	-248.848633	410	-1752.61462
411	-266.8515	411	-1867.00647
412	-248.848633	412	-1718.77051
413	-261.8507	413	-1805.18665
414	-268.8518	414	-1837.41418
415	-262.85083	415	-1800.03271
416	-267.851624	416	-1797.8418
417	-195.8399	417	-1292.43665
418	-283.854126	418	-1821.10962
419	-195.8399	419	-1233.72021
420	-323.860046	420	-2057.14063
421	-293.8556	421	-1886.3855
422	-224.844727	422	-1449.13232
423	-125.827454	423	-808.7409
424	-295.8559	424	-1892.515
425	-257.850037	425	-1648.91882
426	-283.854126	426	-1804.742
427	-275.852844	427	-1749.04858
428	-309.858032	428	-1962.57068
429	-270.8521	429	-1707.40613
430	-271.852234	430	-1712.50623
431	-264.851135	431	-1664.00452
432	-318.8593	432	-1990.37451
433	-207.841919	433	-1292.32483
434	-188.838684	434	-1161.84863
435	-264.851135	435	-1616.97559
436	-215.843262	436	-1295.58044
437	-265.851318	437	-1570.0343
438	-242.847656	438	-1423.16541
439	-243.847839	439	-1427.6106
440	-274.852722	440	-1622.47327
441	-259.8504	441	-1544.29248
442	-174.836243	442	-1032.983
443	-291.855347	443	-1724.65
444	-273.852539	444	-1614.39258
445	-240.847351	445	-1424.59314
446	-229.845581	446	-1357.58459
447	-271.852234	447	-1592.52417
448	-204.841431	448	-1132.91333
449	-190.83905	449	-985.198059
450	-202.841064	450	-1034.261
451	-282.853943	451	-1501.26538
452	-261.8507	452	-1430.41528
453	-230.8457	453	-1300.06555
454	-275.852844	454	-1567.02734
455	-234.846375	455	-1318.22559
456	-183.83783	456	-1008.62524
457	-303.857117	457	-1635.82092
458	-248.848633	458	-1330.92834
459	-261.8507	459	-1411.54529
460	-276.853027	460	-1490.73584
461	-260.850525	461	-1370.83362
462	-193.839539	462	-966.9855
463	-288.854858	463	-1410.22668
464	-210.8424	464	-1043.7699
465	-375.8673	465	-1855.50464
466	-253.849426	466	-1176.49548
467	-330.861084	467	-1426.19263
468	-229.845581	468	-951.246155
469	-291.855347	469	-1231.192
470	-213.8429	470	-967.9794
471	-268.8518	471	-1267.91187
472	-278.853333	472	-1301.42725
473	-241.847534	473	-1112.94788
474	-270.8521	474	-1326.63147
475	-202.841064	475	-1093.86646
476	-268.8518	476	-1513.23
477	-224.844727	477	-1297.58179
478	-256.8499	478	-1499.81641
479	-301.8568	479	-1743.78577
480	-220.844055	480	-1257.17041
481	-198.8404	481	-1080.24744
482	-231.845886	482	-1225.66614
483	-222.844421	483	-1209.94824
484	-268.8518	484	-1526.85742
485	-228.8454	485	-1357.41223
486	-234.846375	486	-1404.88208
487	-197.84021	487	-1183.518
488	-222.844421	488	-1321.50928
489	-347.863464	489	-2023.15186
490	-374.8672	490	-2122.07886
491	-288.854858	491	-1506.42639
492	-233.846191	492	-1130.06384
493	-243.847839	493	-1147.6333
494	-275.852844	494	-1302.36475
495	-246.848328	495	-1165.474
496	-200.8407	496	-949.7919
497	-195.8399	497	-934.6995
498	-217.843567	498	-1042.65173
499	-226.8451	499	-1082.474
500	-278.853333	500	-1327.5415
501	-361.865417	501	-1701.11169
502	-270.8521	502	-1258.22693
503	-232.846069	503	-1081.822
504	-197.84021	504	-929.9085
505	-174.836243	505	-830.655945
506	-264.851135	506	-1270.10632
507	-220.844055	507	-1059.24707
508	-133.828918	508	-642.4771
509	-241.847534	509	-1152.26855
510	-272.852417	510	-1318.47961
511	-249.848816	511	-1214.03174
512	-211.84259	512	-1019.01172
513	-233.846191	513	-1127.62878
514	-205.841553	514	-992.948853
515	-250.848938	515	-1221.85376
516	-260.850525	516	-1270.14966
517	-204.841431	517	-992.7307
518	-276.853027	518	-1344.26575
519	-258.85022	519	-1252.53943
520	-211.84259	520	-1033.36719
521	-239.847168	521	-1175.36792
522	-235.846558	522	-1158.48352
523	-228.8454	523	-1127.9458
524	-246.848328	524	-1221.42859
525	-299.8565	525	-1497.3761
526	-284.854248	526	-1427.1593
527	-259.8504	527	-1307.592
528	-255.849731	528	-1298.67322
529	-254.849609	529	-1301.03809
530	-289.855042	530	-1492.96851
531	-216.843384	531	-1130.07739
532	-259.8504	532	-1357.42944
533	-196.840027	533	-1032.16907
534	-190.83905	534	-1005.10907
535	-224.844727	535	-1203.16431
536	-291.855347	536	-1552.29163
537	-193.839539	537	-1038.71082
538	-296.856079	538	-1601.18738
539	-232.846069	539	-1257.92908
540	-342.8628	540	-1868.5863
541	-213.8429	541	-1175.99683
542	-330.861084	542	-1823.88867
543	-197.84021	543	-1094.1261
544	-255.849731	544	-1424.396
545	-232.846069	545	-1311.11194
546	-220.844055	546	-1251.27808
547	-272.852417	547	-1560.06848
548	-212.842773	548	-1233.4165
549	-236.84668	549	-1384.51953
550	-218.84375	550	-1303.06262
551	-225.84491	551	-1356.07446
552	-249.848816	552	-1503.08411
553	-252.849243	553	-1526.16516
554	-215.843262	554	-1302.98108
555	-295.8559	555	-1798.76611
556	-299.8565	556	-1833.60144
557	-324.860168	557	-2014.44751
558	-248.848633	558	-1561.00842
559	-300.8567	559	-1912.24841
560	-315.8589	560	-2015.84338
561	-270.8521	561	-1747.06946
562	-186.838318	562	-1228.053
563	-237.846863	563	-1581.73535
564	-228.8454	564	-1520.121
565	-298.856384	565	-2023.20337
566	-148.831665	566	-1009.32117
567	-231.845886	567	-1609.84937
568	-95.82184	568	-669.5088
569	-232.846069	569	-1616.11621
570	-250.848938	570	-1762.79639
571	-248.848633	571	-1773.33362
572	-151.832214	572	-1060.903
573	-231.845886	573	-1651.40149
574	-225.84491	574	-1569.48621
575	-230.8457	575	-1615.63708
576	-212.842773	576	-1498.05249
577	-287.854736	577	-2030.64673
578	-264.851135	578	-1876.16736
579	-286.854553	579	-2039.066
580	-199.840576	580	-1425.67444
581	-292.855469	581	-2095.046
582	-194.839722	582	-1406.28174
583	-205.841553	583	-1498.77539
584	-223.844543	584	-1595.538
585	-327.860657	585	-2358.72119
586	-201.840881	586	-1426.045
587	-273.852539	587	-1924.01013
588	-249.848816	588	-1748.21411
589	-270.8521	589	-1897.15186
590	-213.8429	590	-1523.55933
591	-254.849609	591	-1810.12341
592	-316.859	592	-2252.94727
593	-241.847534	593	-1729.05579
594	-308.857849	594	-2238.944
595	-264.851135	595	-1947.83667
596	-312.858459	596	-2301.53076
597	-310.858154	597	-2311.87036
598	-241.847534	598	-1812.4231
599	-264.851135	599	-2009.174
600	-243.847839	600	-1881.75024
</Group>
<Group>
RCQCSignal
1
401	
ExCorr	T636065165486877749
X	Y
200	-0.00103193521
201	-0.00103650987
202	-0.00112501532
203	-0.00130049139
204	-0.001204364
205	-0.00123029947
206	-0.00131575018
207	-0.001210466
208	-0.00110670179
209	-0.00121962279
210	-0.0012119934
211	-0.00115706027
212	-0.00106398016
213	-0.00111433119
214	-0.001254715
215	-0.00119520724
216	-0.00113417208
217	-0.0009922609
218	-0.001085341
219	-0.00103346258
220	-0.0009205416
221	-0.000943429768
222	-0.0009968355
223	-0.0009327531
224	-0.000848829746
225	-0.0009129122
226	-0.000713020563
227	-0.0006809756
228	-0.000713020563
229	-0.000568062067
230	-0.000554330647
231	-0.000490240753
232	-0.000333070755
233	-0.0003498569
234	-0.000246092677
235	2.24635E-05
236	1.33067369E-05
237	5.298108E-05
238	0.000161319971
239	0.000277288258
240	0.0003535822
241	0.0005382225
242	0.0006816536
243	0.0009319037
244	0.0009242743
245	0.00120808929
246	0.00122182071
247	0.001501061
248	0.00167043507
249	0.00189322233
250	0.00199393183
251	0.00220298022
252	0.00252189487
253	0.002828598
254	0.00310326368
255	0.00339928269
256	0.00374414027
257	0.00407221168
258	0.004427746
259	0.00475429
260	0.005131185
261	0.00550045073
262	0.005782746
263	0.00615659356
264	0.00661436468
265	0.007046193
266	0.00753448159
267	0.007931218
268	0.008363046
269	0.008692637
270	0.009112261
271	0.009808078
272	0.0104062259
273	0.010851793
274	0.0116330534
275	0.0121778026
276	0.0130750313
277	0.0137448981
278	0.0145826265
279	0.0151975676
280	0.0158033445
281	0.0166120753
282	0.0176420584
283	0.0186995044
284	0.0196303055
285	0.0205107555
286	0.0215559974
287	0.0225905553
288	0.0237853453
289	0.0251205042
290	0.0259063467
291	0.0271133259
292	0.0283630416
293	0.029666163
294	0.0311737582
295	0.03242194
296	0.0335770473
297	0.03449107
298	0.0358308181
299	0.0368577465
300	0.0380281135
301	0.0394136235
302	0.04060536
303	0.0421785638
304	0.0437471941
305	0.0447756425
306	0.0467333868
307	0.0480120853
308	0.0496097133
309	0.05168646
310	0.0530567244
311	0.0542331859
312	0.0563328341
313	0.05795487
314	0.0599171743
315	0.06135457
316	0.06334283
317	0.06489772
318	0.06647398
319	0.0678839162
320	0.06958071
321	0.07121191
322	0.0732444
323	0.07471233
324	0.07616804
325	0.0774559
326	0.07912523
327	0.08045276
328	0.08180777
329	0.0832009241
330	0.0845956
331	0.0856454149
332	0.0874093547
333	0.0890344456
334	0.09079381
335	0.09209388
336	0.0938166156
337	0.09499767
338	0.09636334
339	0.09803269
340	0.09896196
341	0.100002624
342	0.101627715
343	0.103089534
344	0.103976078
345	0.105225794
346	0.106460251
347	0.107282706
348	0.108161621
349	0.109139733
350	0.109441854
351	0.109785192
352	0.1103986
353	0.110964708
354	0.111832954
355	0.112312086
356	0.112627946
357	0.112525709
358	0.112661518
359	0.112597428
360	0.112635575
361	0.112310551
362	0.1124723
363	0.111326344
364	0.112080149
365	0.112713389
366	0.113934107
367	0.113949366
368	0.114549048
369	0.116261117
370	0.116515942
371	0.117277361
372	0.119102351
373	0.120324589
374	0.123034589
375	0.124427743
376	0.126588434
377	0.127934277
378	0.129754663
379	0.131430119
380	0.131984025
381	0.132125914
382	0.137187332
383	0.138531655
384	0.139248848
385	0.140580952
386	0.14387691
387	0.145450115
388	0.148562938
389	0.150509983
390	0.152125925
391	0.154660463
392	0.157205641
393	0.159225941
394	0.161740631
395	0.164415538
396	0.166802049
397	0.168445438
398	0.1667746
399	0.166020781
400	0.165250212
401	0.165245622
402	0.165364653
403	0.166361064
404	0.166237473
405	0.167207956
406	0.169614285
407	0.172347188
408	0.1741386
409	0.176920325
410	0.177318573
411	0.178290576
412	0.180452764
413	0.180695385
414	0.182219774
415	0.1818276
416	0.1853723
417	0.188392043
418	0.19359079
419	0.196854711
420	0.195208251
421	0.192881256
422	0.1919657
423	0.192240357
424	0.192812592
425	0.192545563
426	0.193296283
427	0.1935206
428	0.193331391
429	0.193860888
430	0.1936976
431	0.193735749
432	0.194547534
433	0.194831342
434	0.196433544
435	0.197411656
436	0.200300187
437	0.202944577
438	0.20403102
439	0.203715146
440	0.2018215
441	0.200228482
442	0.201082975
443	0.2007244
444	0.200880021
445	0.199978232
446	0.199978232
447	0.201374412
448	0.2129499
449	0.227127075
450	0.2290146
451	0.219862252
452	0.214016527
453	0.207572639
454	0.2056683
455	0.207771
456	0.21208778
457	0.215708733
458	0.216692954
459	0.214761168
460	0.214948833
461	0.219787478
462	0.230567992
463	0.23462382
464	0.23071295
465	0.231195122
466	0.245871246
467	0.263033062
468	0.2723777
469	0.2664389
470	0.248620927
471	0.23926869
472	0.24166739
473	0.244494885
474	0.22983402
475	0.20944187
476	0.201081455
477	0.195814043
478	0.193267316
479	0.195075482
480	0.197603911
481	0.20642516
482	0.2118116
483	0.206475526
484	0.198546916
485	0.1913752
486	0.190346718
487	0.18918398
488	0.188793361
489	0.189580709
490	0.191332459
491	0.2030285
492	0.213711351
493	0.21460551
494	0.20969364
495	0.20579192
496	0.201760471
497	0.196828753
498	0.19397226
499	0.192743927
500	0.191903144
501	0.19334206
502	0.194994628
503	0.194738269
504	0.192484528
505	0.190607667
506	0.189141273
507	0.189400673
508	0.189588338
509	0.191460639
510	0.189101577
511	0.188468337
512	0.190589339
513	0.190468788
514	0.190665632
515	0.18919161
516	0.189538
517	0.19069159
518	0.190482527
519	0.191207349
520	0.189853847
521	0.189077169
522	0.188706368
523	0.188233346
524	0.18755433
525	0.185823947
526	0.18515408
527	0.184291959
528	0.1826806
529	0.181658238
530	0.1800957
531	0.177913666
532	0.177393347
533	0.176656336
534	0.175659925
535	0.172751546
536	0.173593849
537	0.172171712
538	0.170909792
539	0.17051
540	0.1688605
541	0.167107224
542	0.166565537
543	0.165897191
544	0.1645849
545	0.16237542
546	0.161157757
547	0.159531116
548	0.157272786
549	0.155618727
550	0.152644724
551	0.151068479
552	0.150531352
553	0.1497089
554	0.149386942
555	0.14802736
556	0.146763921
557	0.144410968
558	0.142502069
559	0.140298665
560	0.139428884
561	0.137681723
562	0.134895444
563	0.133148283
564	0.133105546
565	0.130372673
566	0.129962176
567	0.126730323
568	0.125660658
569	0.126307666
570	0.124600165
571	0.12257988
572	0.124775656
573	0.122268595
574	0.12512356
575	0.124023385
576	0.123165824
577	0.122547828
578	0.12188711
579	0.121177576
580	0.1205016
581	0.119857661
582	0.118566759
583	0.1171324
584	0.119315974
585	0.117860265
586	0.119709648
587	0.120049931
588	0.120287977
589	0.119903438
590	0.117570333
591	0.117686309
592	0.1172911
593	0.116441168
594	0.114614673
595	0.11276374
596	0.112528764
597	0.111131035
598	0.109992705
599	0.108294375
600	0.10622678
</Group>
</Session>
