<Session>
Acquisition 1 2016-08-05 12:26:44
<Group>
Detector1
2
301		301	
D1 330:300-600	T636059838318916448	D1 330:300-600 [COR]	T636059838318916450
X	Y	X	Y
300	287.047424	300	2440.038
301	336.0575	301	2892.233
302	357.062	302	3111.851
303	372.0652	303	3248.085
304	306.05127	304	2678.2478
305	371.064941	305	3242.0874
306	464.08606	306	4051.51782
307	426.077271	307	3691.59741
308	404.072266	308	3475.997
309	501.094971	309	4274.546
310	531.1023	310	4484.247
311	392.06958	311	3292.65576
312	442.080933	312	3702.13232
313	497.094	313	4097.99854
314	568.1117	314	4610.6167
315	683.142456	315	5554.18652
316	584.115845	316	4771.829
317	722.153564	317	5832.72461
318	726.154663	318	5806.67773
319	881.2018	319	6946.52539
320	1104.278	320	8576.22949
321	1405.39648	321	10835.5117
322	1927.64526	322	14757.3828
323	2696.11035	323	20654.9648
324	3740.932	324	28701.75
325	4997.209	325	38203.31
326	8157.81543	326	61735.8
327	15899.5215	327	120336.867
328	29363.2363	328	222207.578
329	42767.4727	329	319630.5
330	50105.3438	330	369803.844
331	53553.39	331	394800.781
332	63342.5352	332	466462.5
333	80957.37	333	600787.563
334	102489.781	334	766767.25
335	125494.516	335	928605.563
336	149619.516	336	1093806.63
337	171218.469	337	1255104.88
338	188694.688	338	1390108
339	202069.063	339	1482493.5
340	211919.891	340	1549474.25
341	218065.391	341	1595809.13
342	222064.109	342	1627329.75
343	224676.609	343	1644063.25
344	226501.359	344	1653993.5
345	229417.734	345	1678650.38
346	236040.859	346	1727998.75
347	246094.438	347	1787218.75
348	257292.719	348	1856023.75
349	272211.1	349	1940928.5
350	285938.125	350	2015196.63
351	306652.781	351	2148006
352	324147.625	352	2256787.5
353	339631.063	353	2345418.5
354	352342.625	354	2414580.5
355	368381	355	2531251.75
356	378960.219	356	2609629.75
357	384132.938	357	2629568.25
358	386870.438	358	2629802.75
359	386807.75	359	2608796.5
360	385526.344	360	2580764
361	377242.9	361	2535151.75
362	373643.031	362	2518953
363	367148.438	363	2466584
364	360872.969	364	2416026.75
365	354759.969	365	2373141.25
366	352216	366	2357231.75
367	346791	367	2318402
368	344052.875	368	2297525
369	343154.063	369	2287753.5
370	340581.719	370	2280713
371	339750.969	371	2266199
372	340398.625	372	2270235.75
373	336259.25	373	2244355
374	336573.75	374	2248670
375	335362.9	375	2247049.5
376	329788.438	376	2214668.25
377	325694.125	377	2198442
378	321359.969	378	2177463.25
379	316371.1	379	2132708
380	307704.6	380	2066546
381	302304.3	381	2024169.63
382	293359.875	382	1960132.25
383	286425.3	383	1912882.63
384	275605.5	384	1840584.88
385	268195.3	385	1792072
386	260160.734	386	1740315.13
387	250618.266	387	1664263.63
388	243346.828	388	1605295.88
389	235879.391	389	1553193.25
390	229814.609	390	1512039.25
391	223873.266	391	1470257.75
392	218351.656	392	1434441.5
393	212884.141	393	1395291.38
394	207999.125	394	1362342.88
395	201039.234	395	1308016.38
396	193993.359	396	1256511.13
397	190897.016	397	1236246.25
398	185387.813	398	1201093.25
399	179524.9	399	1159018.38
400	175440.922	400	1128589.63
401	170285	401	1089363.75
402	162670.6	402	1037689.31
403	158318.516	403	1009175.38
404	152592.438	404	972902.563
405	147649.547	405	938835.3
406	141332.734	406	896117
407	135788.438	407	860919.5
408	130679.367	408	824704.7
409	123373.07	409	778021.563
410	119210.734	410	752703.2
411	113381.914	411	714150.6
412	109419.039	412	689320.2
413	104547.227	413	658228.25
414	100463.789	414	630446.6
415	95988.09	415	598475.9
416	93213.71	416	577684.25
417	87760.13	417	544754.8
418	84621.05	418	526033.75
419	80781.52	419	499828.938
420	76484.875	420	471397.531
421	74389.1953	421	460084.781
422	71297.04	422	442463.063
423	67884.39	423	422351.75
424	65946.35	424	411082.625
425	62683.1875	425	389040.125
426	59757.1641	426	369604
427	57700.8633	427	358538.219
428	54961.79	428	342771.875
429	51963.4766	429	323820.8
430	49946.7422	430	310914.563
431	47091.77	431	294176.7
432	44892.3164	432	283915.8
433	43123.5664	433	271526.563
434	40640.5039	434	256623.7
435	38963.9727	435	246521.938
436	36870.8633	436	234063.031
437	35307.3945	437	224633.547
438	33588.3477	438	213967.375
439	31851.7773	439	203243.047
440	30468.99	440	194660.266
441	28828.0547	441	185459.938
442	27407.8887	442	177566.4
443	26260.5859	443	170108.125
444	24319.5156	444	157871.141
445	23280.4336	445	151590.5
446	22451.5332	446	146470.141
447	21201.9121	447	139132.578
448	20023.8984	448	132100.953
449	19127.2676	449	126323.531
450	18412.4863	450	121949.75
451	17250.1836	451	114646.492
452	16585.8457	452	110636.953
453	15439.0146	453	103127.609
454	14838.1123	454	99310.26
455	14254.333	455	95788.1953
456	13533.2295	456	91332.88
457	12648.791	457	85706.7
458	12567.5742	458	85452.51
459	11449.7334	459	78049.0156
460	10953.5527	460	74743.8359
461	10430.36	461	71631.1
462	9975.367	462	68709.53
463	9515.406	463	65840.9453
464	8734.872	464	60810.43
465	8313.093	465	58102.3164
466	7794.18359	466	54735.82
467	7502.69629	467	52754.1
468	7193.198	468	50692.4531
469	6840.65332	469	48348.5977
470	6502.15332	470	46321.8945
471	6361.953	471	45483.9531
472	5793.18066	472	41679.4375
473	5658.007	473	40786.3
474	5301.56543	474	38338.8477
475	4977.18555	475	36255.45
476	4755.93945	476	34940.375
477	4692.87	477	34652.8438
478	4150.31348	478	30788.2871
479	4284.44531	479	31952.5742
480	4029.197	480	30133.5059
481	3800.986	481	28515.0313
482	3556.77124	482	26779.7461
483	3315.57129	483	25051.0918
484	3441.67456	484	26096.6465
485	3045.36084	485	23230.4043
486	3033.35181	486	23244.8652
487	2713.122	487	20904.1367
488	2676.09668	488	20717.875
489	2491.97534	489	19406.0059
490	2327.8728	490	18217.4082
491	2131.75732	491	16816.2227
492	2064.71948	492	16394.2559
493	2114.74756	493	16868.459
494	1893.62744	494	15168.1592
495	1876.61865	495	15115.7988
496	1773.56616	496	14370.7441
497	1670.51611	497	13640.2393
498	1639.50122	498	13482.7178
499	1470.42456	499	12134.83
500	1382.387	500	11432.5605
501	1310.35718	501	10897.417
502	1201.31421	502	10046.9658
503	1179.30579	503	9900.921
504	1199.31348	504	10099.13
505	1009.24426	505	8559.61
506	939.2207	506	7994.11
507	1014.24609	507	8726.6
508	942.2217	508	8146.32373
509	869.198	509	7561.492
510	920.214355	510	8075.8916
511	822.18335	511	7232.009
512	780.170532	512	6876.871
513	844.190063	513	7497.07568
514	749.1614	514	6704.481
515	769.167236	515	6920.99463
516	716.151855	516	6479.92139
517	601.120239	517	5464.93262
518	708.149536	518	6464.29932
519	538.104	519	4937.84326
520	605.121338	520	5596.10645
521	535.1033	521	4975.065
522	458.0846	522	4277.78369
523	427.0775	523	4013.20825
524	403.072021	524	3821.735
525	477.0891	525	4537.07129
526	411.073853	526	3929.1604
527	505.095825	527	4860.961
528	394.070068	528	3814.99121
529	443.081177	529	4321.601
530	371.064941	530	3640.58838
531	405.0725	531	3995.43335
532	281.046265	532	2783.586
533	267.043457	533	2657.38159
534	370.064819	534	3702.22
535	319.053955	535	3211.95776
536	423.076538	536	4297.51953
537	396.070435	537	4037.80664
538	355.061523	538	3639.14355
539	217.033875	539	2231.07935
540	294.048828	540	3028.221
541	278.045654	541	2883.02612
542	314.052979	542	3291.05176
543	243.038818	543	2552.51538
544	234.037109	544	2468.81519
545	353.061157	545	3740.84741
546	266.043274	546	2832.03564
547	300.050049	547	3210.844
548	278.045654	548	2991.15356
549	232.036743	549	2513.65527
550	308.0517	550	3352.59717
551	267.043457	551	2924.515
552	209.03241	552	2300.23218
553	242.038635	553	2676.265
554	218.034058	554	2424.535
555	207.032043	555	2320.475
556	192.0293	556	2169.994
557	190.028931	557	2159.77759
558	139.019958	558	1587.8623
559	165.024475	559	1898.50684
560	204.0315	560	2360.68433
561	157.023071	561	1830.59375
562	184.027832	562	2163.04321
563	146.021179	563	1726.4353
564	230.036316	564	2738.36914
565	173.025879	565	2074.94
566	181.027283	566	2185.81323
567	139.019958	567	1697.42249
568	242.038635	568	2982.962
569	183.027649	569	2269.29639
570	184.027832	570	2291.67
571	226.035583	571	2840.794
572	176.026428	572	2233.056
573	165.024475	573	2100.38525
574	148.021484	574	1891.39233
575	102.013794	575	1311.46619
576	135.019287	576	1747.306
577	164.024292	577	2135.776
578	116.016113	578	1518.37317
579	181.027283	579	2386.12183
580	81.010376	580	1076.02454
581	143.02063	581	1909.25342
582	178.0268	582	2387.26538
583	118.016418	583	1592.83789
584	127.017944	584	1728.61877
585	79.01007	585	1080.69946
586	124.017395	586	1700.93958
587	147.021362	587	2022.76025
588	135.019287	588	1865.71033
589	150.021851	589	2083.915
590	111.015259	590	1550.49255
591	135.019287	591	1899.95728
592	163.024109	592	2308.72925
593	129.01825	593	1839.48523
594	84.0108643	594	1207.261
595	83.01068	595	1195.95874
596	187.028381	596	2704.49121
597	143.02063	597	2084.31982
598	130.018433	598	1909.1488
599	86.01117	599	1272.69507
600	140.020142	600	2089.06543
</Group>
<Group>
RCQCSignal
1
301	
ExCorr	T636059838318916449
X	Y
300	0.196668267
301	0.196736932
302	0.196738452
303	0.196784228
304	0.1966866
305	0.1967873
306	0.19674
307	0.19675678
308	0.196677417
309	0.196390569
310	0.196450055
311	0.196695745
312	0.196442425
313	0.196482122
314	0.1964699
315	0.196605712
316	0.196155578
317	0.196573675
318	0.196703374
319	0.196711
320	0.196799487
321	0.196833074
322	0.1968117
323	0.196721673
324	0.196479052
325	0.195908368
326	0.196619451
327	0.19663471
328	0.1967003
329	0.196662158
330	0.196604192
331	0.196656078
332	0.196695745
333	0.19674
334	0.196692675
335	0.196622491
336	0.196743041
337	0.196862072
338	0.196533978
339	0.196701854
340	0.196724743
341	0.196817815
342	0.196810186
343	0.196694225
344	0.196695745
345	0.1963692
346	0.196335614
347	0.196706414
348	0.1968163
349	0.196743041
350	0.196643859
351	0.196720153
352	0.196782708
353	0.1968346
354	0.196784228
355	0.196711
356	0.196733892
357	0.196746081
358	0.196961254
359	0.1968697
360	0.196691155
361	0.196604192
362	0.196654528
363	0.196697265
364	0.196736932
365	0.196770519
366	0.196549237
367	0.196620971
368	0.196698785
369	0.196897149
370	0.195899218
371	0.196669787
372	0.196691155
373	0.1967049
374	0.1966759
375	0.196678966
376	0.1968056
377	0.1966759
378	0.196804076
379	0.196946
380	0.1968117
381	0.196854442
382	0.196718633
383	0.19688496
384	0.196961254
385	0.196958184
386	0.196843743
387	0.196851373
388	0.196714044
389	0.1968163
390	0.196717113
391	0.196715564
392	0.1962929
393	0.196584344
394	0.196555346
395	0.1965752
396	0.196161658
397	0.196329534
398	0.19637835
399	0.196491271
400	0.196616381
401	0.1968163
402	0.196482122
403	0.19663623
404	0.196598083
405	0.196662158
406	0.196750671
407	0.196741521
408	0.197634161
409	0.197348833
410	0.196674377
411	0.196727782
412	0.196262389
413	0.196198285
414	0.196659118
415	0.196796447
416	0.1968407
417	0.196820855
418	0.196828485
419	0.19688037
420	0.196779668
421	0.196778148
422	0.196791857
423	0.196747631
424	0.196822375
425	0.196982622
426	0.196959734
427	0.196689636
428	0.196605712
429	0.196653008
430	0.19676134
431	0.1968056
432	0.19512102
433	0.196588933
434	0.19663012
435	0.196820855
436	0.196736932
437	0.196747631
438	0.196942925
439	0.196894109
440	0.196929187
441	0.196978033
442	0.197000921
443	0.197184026
444	0.196917
445	0.1967934
446	0.196900219
447	0.196907848
448	0.197020769
449	0.197057366
450	0.196747631
451	0.196894109
452	0.196993291
453	0.197110772
454	0.197106212
455	0.197086364
456	0.19701314
457	0.197025329
458	0.19713977
459	0.1969643
460	0.197083324
461	0.196677417
462	0.196946
463	0.196909368
464	0.196564525
465	0.196892589
466	0.197051287
467	0.196946
468	0.19663927
469	0.197055846
470	0.196480572
471	0.196912408
472	0.196794927
473	0.196997881
474	0.196955144
475	0.197020769
476	0.196826965
477	0.196917
478	0.197094
479	0.196810186
480	0.19701618
481	0.197112322
482	0.197103143
483	0.1970711
484	0.197023809
485	0.19700855
486	0.19726643
487	0.197107732
488	0.1970711
489	0.197034478
490	0.197179437
491	0.196996331
492	0.197086364
493	0.196965814
494	0.196917
495	0.196978033
496	0.196959734
497	0.196990252
498	0.197119951
499	0.19700703
500	0.197165728
501	0.19713062
502	0.197078735
503	0.197031438
504	0.197148919
505	0.196688116
506	0.196930736
507	0.196395129
508	0.197020769
509	0.197098583
510	0.196654528
511	0.196796447
512	0.196971923
513	0.197042108
514	0.197060436
515	0.1971581
516	0.197222173
517	0.197072625
518	0.197049737
519	0.1971947
520	0.1968346
521	0.196813226
522	0.1969704
523	0.197180986
524	0.196845263
525	0.197164178
526	0.197068065
527	0.1970711
528	0.197245061
529	0.1970757
530	0.197206914
531	0.197086364
532	0.1971947
533	0.197286248
534	0.197251171
535	0.1973015
536	0.1968117
537	0.19713673
538	0.197116882
539	0.19713366
540	0.197380871
541	0.197451055
542	0.196768969
543	0.197208434
544	0.197213024
545	0.197327465
546	0.19738698
547	0.197400719
548	0.197400719
549	0.197101623
550	0.1972588
551	0.197103143
552	0.197226763
553	0.197356462
554	0.197310686
555	0.197246581
556	0.1971184
557	0.197193176
558	0.197420537
559	0.197209954
560	0.1972878
561	0.197350353
562	0.197280169
563	0.197397649
564	0.197321355
565	0.197304577
566	0.197379351
567	0.197019219
568	0.197002441
569	0.196975
570	0.19726643
571	0.19726795
572	0.1972237
573	0.197237432
574	0.197122991
575	0.197209954
576	0.1971825
577	0.197110772
578	0.197242022
579	0.197214544
580	0.197066545
581	0.197074175
582	0.1971825
583	0.197220653
584	0.19689104
585	0.19676441
586	0.197089434
587	0.197292358
588	0.197252691
589	0.197299987
590	0.197303057
591	0.197196245
592	0.1973015
593	0.197344244
594	0.197151989
595	0.197283208
596	0.1971947
597	0.197142839
598	0.19713366
599	0.1971291
600	0.196996331
</Group>
</Session>
