<Session>
Acquisition 1 2016-08-05 12:18:14
<Group>
Detector1
2
301		301	
D1 337:300-600	T636059838318915757	D1 337:300-600 [COR]	T636059838318915759
X	Y	X	Y
300	222.635925	300	1603.27588
301	230.637451	301	1678.98425
302	240.639343	302	1773.95374
303	234.638184	303	1732.33862
304	272.6457	304	2015.22351
305	239.63916	305	1770.78223
306	210.633667	306	1554.14014
307	229.637268	307	1682.63147
308	144.6217	308	1050.65112
309	199.631592	309	1436.95862
310	218.635132	310	1558.36633
311	222.635925	311	1579.91284
312	246.640564	312	1743.5072
313	249.641113	313	1736.99365
314	227.636841	314	1559.49927
315	310.653442	315	2133.5498
316	360.664063	316	2484.05884
317	323.656128	317	2208.78979
318	457.686157	318	3093.73315
319	463.6875	319	3091.59253
320	561.7118	320	3688.31128
321	674.7423	321	4400.953
322	840.7916	322	5449.827
323	1153.89954	323	7472.06543
324	1600.0874	324	10385.7754
325	2115.35376	325	13625.7227
326	3272.145	326	20915.7129
327	4528.30664	327	28944.2617
328	6454.701	328	41261.48
329	9531.0625	329	60163.9336
330	13577.9912	330	84611.125
331	19511.4512	331	121443.25
332	27834.97	332	173225.953
333	38444.5938	333	239735.2
334	55619.86	334	351435.031
335	77989.95	335	487241.156
336	96868.88	336	597949.25
337	101349.461	337	627800
338	97686.76	338	607372.938
339	95624.99	339	592408.5
340	98213.05	340	606287.25
341	101340.273	341	626900.6
342	103456.477	342	640496.938
343	103206.32	343	637279.438
344	104027.281	344	641322.8
345	106877.164	345	659239.4
346	108277.156	346	669171.3
347	113377.695	347	695914.25
348	118691.344	348	723702.75
349	124788.883	349	751833.4
350	133879.3	350	796334
351	140505.578	351	831315.3
352	149035.2	352	876242.438
353	157511.3	353	919164.063
354	163695.656	354	949754.7
355	168395.844	355	995734
356	175417.125	356	1024807.5
357	176632.328	357	1023104.63
358	180920.547	358	1041033.88
359	179092.656	359	1021597.63
360	179075.031	360	1013528.38
361	172205.969	361	1000607
362	172576.578	362	988285.8
363	170318.125	363	968827.25
364	166027.609	364	940811.4
365	164539	365	930489.438
366	162955.766	366	921253.1
367	160423.844	367	906483.8
368	158830.563	368	896577.25
369	159475.859	369	899402.8
370	158696.344	370	895401
371	158397.984	371	892251.1
372	157487.547	372	885751.063
373	156633	373	882384.6
374	157478.266	374	888640.063
375	156227.453	375	884003
376	152913.1	376	867833.4
377	151633.531	377	865012.063
378	149145.453	378	854621.5
379	146942.891	379	838029.3
380	143157.109	380	813264.75
381	139447.2	381	789898.75
382	135800.688	382	767220.2
383	132656.969	383	749745
384	129059.531	384	729328.563
385	124078.313	385	701515
386	119469.773	386	677725.938
387	116070.156	387	652052.063
388	112920.4	388	629340.9
389	109406.641	389	608973.3
390	106512.406	390	592007.5
391	102964.352	391	571512.6
392	100553.438	392	556879.438
393	97823.42	393	541595.25
394	96429.41	394	533309.063
395	92917.02	395	510629
396	90421.33	396	493234.031
397	87845.45	397	479913.469
398	85288.1953	398	466275.5
399	83353.56	399	454276.75
400	81117.77	400	440667.625
401	78230.72	401	423120.219
402	76043.93	402	409899.6
403	73474.42	403	396104.219
404	69864.53	404	377014.281
405	67398.56	405	362467.938
406	65053.3672	406	348506.156
407	62794.3438	407	336366.469
408	59975.5469	408	321377.25
409	56781.0039	409	303520.8
410	55445.9141	410	295764.063
411	52462.4648	411	279164.281
412	50104.06	412	266157
413	48486.96	413	257284.172
414	46900.67	414	248690.656
415	43972.7656	415	231693.781
416	41840.2344	416	219262.313
417	40417.375	417	212083.641
418	39220.707	418	206202.469
419	37830.84	419	197950.141
420	36334.5664	420	189302.453
421	34154.94	421	178506.828
422	32627.5527	422	171197.313
423	31450.8672	423	165583.953
424	30231.1914	424	159412.375
425	28709.0254	425	150871.9
426	27654.95	426	144920.719
427	26359.7852	427	138498.328
428	24965.4453	428	131619.078
429	23970.4434	429	126283.07
430	22637.05	430	119367.234
431	21701.7773	431	114661.086
432	20753.623	432	109987.344
433	19426.1074	433	103369.414
434	19032.54	434	101578.1
435	18174.2266	435	97250.8
436	16666.7656	436	89442.75
437	15960.3623	437	85849.56
438	14946.0859	438	80556.7344
439	14677.252	439	79240.77
440	13798.626	440	74706.63
441	13297.1963	441	72399.75
442	12429.8418	442	68182.03
443	11569.6553	443	63506.3945
444	10909.0762	444	59915.2422
445	11003.2959	445	60554.6641
446	10234.5537	446	56494.25
447	9451.9	447	52485.2773
448	9116.22949	448	50950.84
449	8575.194	449	47983.4648
450	8482.022	450	47500.42
451	7989.13965	451	44922.2227
452	7678.6084	452	43445.0859
453	7214.85059	453	40850.1641
454	6795.202	454	38542.9375
455	6613.93262	455	37658.4
456	6144.26563	456	35107.89
457	6000.06934	457	34441.0977
458	5684.65527	458	32754.9316
459	5367.259	459	30969.1289
460	5223.085	460	30179.9629
461	4791.591	461	27837.6758
462	4689.47852	462	27343.6816
463	4174.948	463	24484.5059
464	4137.912	464	24356.2539
465	3877.66577	465	22931.4824
466	3427.27124	466	20388.61
467	3560.38354	467	21192.2383
468	3040.96533	468	18105.3066
469	3084.99878	469	18467.9414
470	3011.9436	470	18125.43
471	2821.80518	471	17065.9551
472	2802.7915	472	17053.8848
473	2443.551	473	14903.833
474	2363.501	474	14467.501
475	2363.501	475	14605.5146
476	2232.42163	476	13874.041
477	2114.353	477	13198.418
478	1920.24658	478	12055.3271
479	1910.24121	479	12040.6387
480	1790.17944	480	11330.9873
481	1691.13062	481	10748.4043
482	1699.13428	482	10835.415
483	1574.0752	483	10063.77
484	1492.03809	484	9572.43
485	1359.98145	485	8776.537
486	1420.00684	486	9216.591
487	1183.91089	487	7720.43652
488	1127.88989	488	7387.7
489	1077.87158	489	7102.98926
490	1110.88354	490	7362.38574
491	998.8436	491	6667.734
492	1005.84607	492	6764.35547
493	940.824	493	6348.72363
494	880.8043	494	5976.28564
495	906.812744	495	6186.45557
496	815.7838	496	5589.341
497	710.752441	497	4912.07568
498	808.7816	498	5632.879
499	549.70874	499	3835.766
500	682.7445	500	4778.41943
501	617.726563	501	4352.494
502	580.7168	502	4110.846
503	551.7092	503	3919.2
504	538.705933	504	3840.771
505	459.686523	505	3294.25562
506	503.697266	506	3623.946
507	487.693359	507	3537.0022
508	453.685181	508	3317.315
509	504.6975	509	3717.49829
510	415.67627	510	3082.19751
511	341.6599	511	2539.5022
512	384.6693	512	2867.45874
513	322.655884	513	2424.12085
514	375.667358	514	2843.71265
515	326.656738	515	2487.88428
516	261.6435	516	2006.01038
517	232.637817	517	1789.50964
518	305.652344	518	2361.23682
519	299.651123	519	2328.29785
520	310.653442	520	2428.471
521	331.657837	521	2604.31836
522	246.640564	522	1946.48
523	132.619629	523	1056.62659
524	255.642273	524	2046.84656
525	208.6333	525	1666.98669
526	166.62561	526	1332.75427
527	179.62793	527	1461.0105
528	208.6333	528	1709.51746
529	262.643677	529	2166.94678
530	226.636658	530	1882.913
531	114.616577	531	956.069763
532	134.62	532	1128.9043
533	163.625061	533	1379.15576
534	195.630859	534	1656.93982
535	161.6247	535	1378.41052
536	87.61206	536	751.8398
537	136.6203	537	1178.54407
538	106.615234	538	924.257751
539	169.6261	539	1475.11621
540	180.628113	540	1576.73242
541	104.614868	541	919.781738
542	85.6117554	542	758.6776
543	75.61017	543	672.3226
544	80.61096	544	719.778564
545	-8.402649	545	-75.46034
546	173.626831	546	1566.60547
547	206.632874	547	1873.30383
548	109.615723	548	998.846252
549	109.615723	549	1004.49927
550	102.614563	550	945.1799
551	48.605896	551	450.079
552	76.61029	552	713.5492
553	162.624878	553	1521.98157
554	107.615356	554	1013.25159
555	144.6217	555	1371.93555
556	91.61273	556	875.9998
557	-3.4019165	557	-32.7354279
558	89.61243	558	867.284546
559	48.605896	559	473.7615
560	51.6063232	560	504.8113
561	81.611084	561	805.4883
562	123.6181	562	1230.52246
563	116.616882	563	1172.20227
564	59.607605	564	601.425354
565	63.6082153	565	646.4434
566	102.614563	566	1049.80029
567	46.60559	567	481.199066
568	54.60681	568	568.899963
569	36.6040039	569	383.675568
570	3.599121	570	37.92332
571	133.619812	571	1422.189
572	53.60663	572	575.7969
573	20.6016235	573	221.874054
574	119.617432	574	1293.31177
575	98.61389	575	1072.977
576	76.61029	576	839.818237
577	94.61322	577	1042.01355
578	95.6134	578	1059.11255
579	37.604187	579	419.38858
580	-8.402649	580	-94.41828
581	46.60559	581	525.94
582	39.6044922	582	449.331848
583	11.6002808	583	132.544449
584	125.618408	584	1444.61121
585	71.6095	585	826.5037
586	22.6019287	586	261.9669
587	43.6051025	587	507.630219
588	91.61273	588	1070.88184
589	43.6051025	589	512.8721
590	2.598938	590	30.7057934
591	36.6040039	591	435.972473
592	-10.4029541	592	-124.682564
593	119.617432	593	1443.95593
594	27.6026611	594	335.6449
595	147.622253	595	1798.20874
596	46.60559	596	570.489258
597	63.6082153	597	786.334961
598	72.60968	598	902.101746
599	53.60663	599	670.8454
600	69.60919	600	877.287964
</Group>
<Group>
RCQCSignal
1
301	
ExCorr	T636059838318915758
X	Y
300	0.214397132
301	0.21480456
302	0.21480456
303	0.214891523
304	0.21506092
305	0.214891523
306	0.214983076
307	0.214864075
308	0.215082258
309	0.214946479
310	0.214915961
311	0.214978516
312	0.214922041
313	0.2149953
314	0.214948
315	0.214948
316	0.214873224
317	0.214857966
318	0.214906782
319	0.214792341
320	0.2149724
321	0.214879334
322	0.21468097
323	0.214941889
324	0.214488685
325	0.2147359
326	0.214983076
327	0.215031922
328	0.21505329
329	0.215038031
330	0.21505174
331	0.215114325
332	0.214955628
333	0.216229737
334	0.215085328
335	0.215074629
336	0.215192139
337	0.215152472
338	0.21506092
339	0.215132624
340	0.21518755
341	0.215028852
342	0.2151494
343	0.215269953
344	0.215170771
345	0.2151311
346	0.214787781
347	0.214941889
348	0.215045661
349	0.215036482
350	0.2151784
351	0.215089887
352	0.215205878
353	0.215123475
354	0.214658082
355	0.211110353
356	0.214165211
357	0.214740455
358	0.21489
359	0.214969367
360	0.214848816
361	0.209997952
362	0.213806629
363	0.21454668
364	0.214667231
365	0.214961737
366	0.214886963
367	0.214839637
368	0.2149007
369	0.214958668
370	0.214726746
371	0.215076178
372	0.215405762
373	0.215234846
374	0.21505329
375	0.215086848
376	0.215067
377	0.21492359
378	0.21492359
379	0.214993775
380	0.214880854
381	0.214902222
382	0.2148656
383	0.214862555
384	0.2149663
385	0.214977
386	0.2143712
387	0.214902222
388	0.215033442
389	0.215028852
390	0.21505785
391	0.214954108
392	0.215041071
393	0.21492815
394	0.214978516
395	0.21493426
396	0.215112776
397	0.21493274
398	0.21492663
399	0.214964777
400	0.215022773
401	0.214993775
402	0.214745045
403	0.214723676
404	0.214520752
405	0.214740455
406	0.21505633
407	0.21505937
408	0.214964777
409	0.215018183
410	0.214998335
411	0.21505785
412	0.214958668
413	0.214993775
414	0.214944929
415	0.215065479
416	0.214986145
417	0.215025812
418	0.21493122
419	0.215009034
420	0.214986145
421	0.21505937
422	0.214958668
423	0.2147252
424	0.214882374
425	0.214850336
426	0.214694679
427	0.214825928
428	0.214790821
429	0.214828968
430	0.214517683
431	0.214899153
432	0.215044111
433	0.214835078
434	0.214851856
435	0.214922041
436	0.21492967
437	0.214920521
438	0.214970887
439	0.214914411
440	0.214615345
441	0.214946479
442	0.2148839
443	0.214906782
444	0.214949518
445	0.215041071
446	0.214915961
447	0.214908332
448	0.214777082
449	0.21479845
450	0.214899153
451	0.21492815
452	0.214491755
453	0.2147603
454	0.214796931
455	0.214819819
456	0.214902222
457	0.214793861
458	0.214847267
459	0.2149007
460	0.214948
461	0.214713
462	0.214861
463	0.214560419
464	0.214709938
465	0.214908332
466	0.214830488
467	0.214862555
468	0.214957148
469	0.2148656
470	0.214813709
471	0.214977
472	0.214902222
473	0.215025812
474	0.214891523
475	0.214484125
476	0.2148839
477	0.215126514
478	0.215085328
479	0.21505633
480	0.214989185
481	0.2148717
482	0.214922041
483	0.215085328
484	0.21505329
485	0.215063959
486	0.215096
487	0.215079218
488	0.215118885
489	0.215038031
490	0.215027332
491	0.214992255
492	0.214905262
493	0.215022773
494	0.214696229
495	0.214784712
496	0.215118885
497	0.214943409
498	0.214957148
499	0.21518299
500	0.215166181
501	0.214882374
502	0.215033442
503	0.21505633
504	0.215047181
505	0.214978516
506	0.215158552
507	0.2151784
508	0.215150923
509	0.214984626
510	0.214958668
511	0.215083808
512	0.215105146
513	0.215105146
514	0.2151601
515	0.215118885
516	0.214957148
517	0.215105146
518	0.215038031
519	0.215079218
520	0.21505174
521	0.215211958
522	0.215250134
523	0.2147786
524	0.215280652
525	0.216725677
526	0.217491657
527	0.215350837
528	0.215224177
529	0.215163141
530	0.215079218
531	0.215228766
532	0.215094477
533	0.215109736
534	0.215173811
535	0.215089887
536	0.215150923
537	0.215161622
538	0.215228766
539	0.2152135
540	0.21505785
541	0.21505785
542	0.214891523
543	0.215117365
544	0.215173811
545	0.215010554
546	0.215068549
547	0.21518907
548	0.215228766
549	0.21518755
550	0.215250134
551	0.215288281
552	0.215199769
553	0.215341687
554	0.215211958
555	0.215230286
556	0.215141773
557	0.215100586
558	0.215173811
559	0.214969367
560	0.215511054
561	0.215283692
562	0.215135664
563	0.21443224
564	0.215002924
565	0.215015143
566	0.2151433
567	0.215173811
568	0.215228766
569	0.21518144
570	0.21531117
571	0.215123475
572	0.215121955
573	0.215273023
574	0.2151494
575	0.215193659
576	0.214980036
577	0.215224177
578	0.215224177
579	0.215259284
580	0.215134144
581	0.21530354
582	0.2152364
583	0.215150923
584	0.21518755
585	0.215352356
586	0.215388983
587	0.2153371
588	0.215347767
589	0.2151967
590	0.215402722
591	0.215164661
592	0.21530658
593	0.2152608
594	0.21517536
595	0.2154958
596	0.215138733
597	0.214638233
598	0.215173811
599	0.215263844
600	0.215376765
</Group>
</Session>
