<Session>
Acquisition 1 2016-08-05 12:35:47
<Group>
Detector1
2
301		301	
D1 325:300-600	T636059838318917148	D1 325:300-600 [COR]	T636059838318917150
X	Y	X	Y
300	297.252319	300	2877.05127
301	226.237732	301	2215.17188
302	301.253174	302	2986.16064
303	332.2599	303	3300.67334
304	308.254639	304	3067.41577
305	356.265259	305	3541.594
306	391.2732	306	3889.483
307	426.281372	307	4199.89648
308	457.288818	308	4469.69629
309	392.273438	309	3798.3186
310	458.289185	310	4391.308
311	393.273682	311	3755.59937
312	487.296265	312	4632.17871
313	458.289185	313	4288.459
314	585.3218	314	5373.34766
315	645.3384	315	5965.71143
316	549.312256	316	5088.252
317	705.3557	317	6466.41162
318	970.4407	318	8820.506
319	1017.45715	319	9116.602
320	1413.61414	320	12481.6182
321	2349.109	321	20594.78
322	6877.978	322	59861.125
323	17525.5527	323	153102.7
324	29961.3555	324	261149.188
325	33466.05	325	289391.781
326	24295.8379	326	208882.938
327	16178.8154	327	139126.625
328	16965.54	328	145910.766
329	23293.9277	329	197637.844
330	33510.35	330	281013.781
331	47551.84	331	398436.875
332	65804.33	332	550338.1
333	86484.9844	333	730927.063
334	111359.992	334	948736.2
335	136277.156	335	1145648.63
336	161540.156	336	1341803.25
337	185440.75	337	1546683.13
338	205746.734	338	1721194.5
339	219255.813	339	1827968.5
340	230177.391	340	1906986.25
341	235877.813	341	1964457.25
342	240959.156	342	2007792.75
343	243909.219	343	2027998.75
344	245597.1	344	2037117.88
345	248904.125	345	2063636.75
346	256951.25	346	2132399.5
347	266656.75	347	2198070
348	279870.438	348	2292545.25
349	293849.9	349	2379561.75
350	311219.219	350	2487847.75
351	331554.063	351	2635128
352	350098.7	352	2767082.25
353	369160.25	353	2893475.5
354	382857.469	354	2983942.75
355	397295.031	355	3102439.75
356	409010.219	356	3195560.75
357	415334.531	357	3226525
358	419917.4	358	3244281.25
359	418498.063	359	3206330.5
360	415622.531	360	3162643.25
361	411057.719	361	3136610.25
362	403484.219	362	3087556.75
363	396984.281	363	3029884.25
364	389286.1	364	2959139.75
365	382828.3	365	2909942.5
366	377565.219	366	2867746.5
367	375081.8	367	2844951.75
368	372952	368	2825339.5
369	370004.531	369	2803114
370	369111.8	370	2794191.75
371	368923.375	371	2794770.5
372	367831.656	372	2784550.5
373	366785.4	373	2777641.25
374	364981.9	374	2766901.25
375	361540.219	375	2749477
376	358129.938	376	2730742.25
377	352964.656	377	2706079.25
378	349001.438	378	2684966.25
379	341404.563	379	2614791.25
380	334699.219	380	2551852.5
381	325501.281	381	2474651.25
382	317396.438	382	2405616.25
383	307941.969	383	2336333
384	301010.469	384	2285153.5
385	290546.938	385	2206056.75
386	280140.156	386	2128448.25
387	272502.438	387	2055134.88
388	264610.6	388	1982084.88
389	255843.719	389	1914245.25
390	249597.969	390	1866298.75
391	242041.344	391	1804412
392	235936.516	392	1756238.75
393	229083.125	393	1704250.38
394	222338.438	394	1652507.38
395	218682.156	395	1615042.88
396	212573.422	396	1560442.38
397	206214.688	397	1515840.75
398	200790.563	398	1475440.63
399	195253.75	399	1430651.38
400	190352.641	400	1390367.5
401	182651.531	401	1330351.88
402	177011.453	402	1281555.13
403	171966.7	403	1244924.63
404	165707.953	404	1200644.38
405	159215.438	405	1152293.63
406	152346.7	406	1098704.88
407	146829.266	407	1057688.75
408	140957.828	408	1016490.38
409	134536.375	409	967390
410	129207.891	410	926643.8
411	123792.8	411	885303.3
412	117934	412	841919
413	112951.531	413	805488.8
414	108483.008	414	772596.2
415	104292.148	415	738623.438
416	99486.49	416	700568.938
417	95137.01	417	670948.4
418	91911.76	418	648678.438
419	87188.1953	419	612751.438
420	84778.76	420	588583.6
421	80858.77	421	567608.9
422	77541.13	422	546408.6
423	73651.18	423	523182.656
424	70859.71	424	502809.469
425	67724.08	425	479822.969
426	65237.8672	426	459142.344
427	61295.7031	427	432320.9
428	58787.3828	428	416251.625
429	56735.5078	429	403960.75
430	52780.8359	430	380905.344
431	51212.37	431	364138.7
432	49279.7539	432	351205.5
433	46532.1367	433	332439.656
434	44043.32	434	315537.844
435	41562.8	435	298595.438
436	39331.4844	436	283330.219
437	38201.5859	437	275736.3
438	36178.2852	438	261794.656
439	34383.39	439	248968.375
440	32401.9	440	235152.453
441	30822.707	441	225321.172
442	29190.6934	442	214948.516
443	27992.68	443	206268.859
444	27063.4375	444	199477.4
445	25556.2969	445	188882.656
446	23865.7051	446	176875.375
447	22595.625	447	168368.422
448	21762.8125	448	163208.453
449	21170.1836	449	158952.4
450	19774.2656	450	148620.047
451	18572.4844	451	140181.469
452	17626.9238	452	134168.313
453	16918.3711	453	128684.406
454	16121.6221	454	122710.8
455	15600.8945	455	119167.938
456	14602.7314	456	111970.461
457	13958.7969	457	107507.766
458	13395.1709	458	103686.836
459	12662.1523	459	98070.53
460	11656.5557	460	90428.375
461	11266.6035	461	87749.375
462	10505.833	462	82139.13
463	10249.2617	463	80520
464	9338.34	464	73648.28
465	9039.746	465	71689.21
466	8558.827	466	68256.86
467	8189.15234	467	65359.5859
468	7649.216	468	61075.9023
469	7367.75	469	59135.9375
470	6884.989	470	55559.62
471	6703.715	471	54463.45
472	6217.012	472	50761.4844
473	6004.72	473	49152.7
474	5685.29834	474	46674.11
475	5629.22656	475	46579.77
476	5144.63037	476	42893.1563
477	4891.338	477	40989.28
478	4658.07959	478	39274.26
479	4373.7793	479	37029.1445
480	4093.499	480	34801.707
481	4012.42139	481	34197.6875
482	3816.23779	482	32674.4922
483	3692.12549	483	31700.9766
484	3519.975	484	30313.3164
485	3381.859	485	29295.98
486	3208.71826	486	27977.791
487	2945.516	487	25806.2422
488	2764.38477	488	24339.0078
489	2654.308	489	23490.1074
490	2407.14551	490	21433.3164
491	2470.186	491	22148.2988
492	2305.082	492	20801.9453
493	2042.92786	493	18508.4219
494	2056.93555	494	18711.3477
495	1974.89	495	18078.9863
496	1831.8136	496	16872.7734
497	1741.7677	497	16162.6992
498	1563.68176	498	14623.0449
499	1522.66272	499	14274.1016
500	1516.66	500	14265.377
501	1458.63391	501	13786.1064
502	1422.618	502	13519.7295
503	1253.54688	503	11951.4473
504	1166.51245	504	11162.3477
505	1117.49377	505	10751.7705
506	1074.47778	506	10382.2568
507	946.4324	507	9229.19
508	979.4437	508	9627.08
509	848.3998	509	8402.584
510	797.383545	510	7935.9585
511	909.4198	511	9077.118
512	824.3921	512	8260.501
513	813.38855	513	8204
514	726.361938	514	7380.49756
515	665.3441	515	6808.949
516	776.3771	516	7990.56836
517	697.3533	517	7203.30225
518	692.3518	518	7173.72852
519	588.322632	519	6136.139
520	606.3275	520	6362.54053
521	465.2909	521	4903.175
522	595.324463	522	6309.365
523	384.2716	523	4108.56445
524	465.2909	524	5006.422
525	541.3102	525	5851.76
526	472.2926	526	5130.53857
527	421.280151	527	4606.311
528	488.2965	528	5391.23926
529	471.292358	529	5231.59668
530	329.259277	530	3673.77148
531	415.2788	531	4654.439
532	416.279053	532	4695.378
533	324.258179	533	3673.22046
534	376.269775	534	4283.37061
535	317.2566	535	3635.14575
536	402.275757	536	4639.415
537	227.237976	537	2637.39185
538	297.252319	538	3464.01563
539	299.2528	539	3499.18237
540	251.242737	540	2947.51074
541	300.25293	541	3548.04883
542	313.255737	542	3726.44775
543	199.232483	543	2381.72925
544	253.243164	544	3041.381
545	199.232483	545	2407.373
546	328.259033	546	3981.895
547	165.226013	547	2016.2793
548	212.234985	548	2603.43359
549	180.228821	549	2219.03833
550	193.231323	550	2394.83862
551	197.232056	551	2454.22363
552	184.229614	552	2308.46924
553	138.221069	553	1741.84119
554	214.235413	554	2711.368
555	236.239746	555	3013.27246
556	151.22345	556	1943.1123
557	248.242188	557	3209.88721
558	122.2182	558	1589.08521
559	117.217346	559	1535.87439
560	102.214722	560	1345.29028
561	167.226379	561	2219.455
562	73.20978	562	979.464966
563	220.236572	563	2965.729
564	60.20758	564	815.6938
565	176.228088	565	2404.82837
566	131.219788	566	1805.78137
567	174.227722	567	2418.025
568	157.224548	568	2201.38574
569	253.243164	569	3567.51514
570	113.216614	570	1603.25659
571	190.230713	571	2720.25757
572	79.2107544	572	1142.77075
573	98.21399	573	1422.05371
574	60.20758	574	874.2114
575	198.2323	575	2898.29517
576	184.229614	576	2712.45728
577	75.21008	577	1113.05652
578	85.21179	578	1268.82532
579	126.218933	579	1892.26575
580	175.2279	580	2645.12476
581	74.2099	581	1125.58484
582	96.2136841	582	1468.15869
583	137.220886	583	2106.98926
584	159.224915	584	2461.62646
585	83.2114258	585	1291.92676
586	184.229614	586	2876.36353
587	122.2182	587	1925.27026
588	77.21045	588	1215.01318
589	123.218384	589	1946.50623
590	126.218933	590	2003.42468
591	109.215942	591	1746.17151
592	182.229248	592	2935.14771
593	2.19836426	593	35.6982651
594	177.228271	594	2909.45752
595	50.2059326	595	824.341736
596	111.216248	596	1828.71692
597	70.20923	597	1162.29614
598	110.216125	598	1838.27063
599	142.2218	599	2389.95679
600	164.22583	600	2781.115
</Group>
<Group>
RCQCSignal
1
301	
ExCorr	T636059838318917149
X	Y
300	0.182434529
301	0.182648182
302	0.182698518
303	0.182652742
304	0.182692409
305	0.182683259
306	0.182495564
307	0.182753444
308	0.1828267
309	0.182742774
310	0.182835847
311	0.182703108
312	0.182787031
313	0.182829738
314	0.183452308
315	0.182634443
316	0.1827214
317	0.18292129
318	0.182783961
319	0.182791591
320	0.1828328
321	0.182829738
322	0.182852626
323	0.182213277
324	0.18267107
325	0.182935029
326	0.1827977
327	0.18279466
328	0.182806849
329	0.182970136
330	0.182761073
331	0.1827504
332	0.182933509
333	0.182463527
334	0.182434529
335	0.18279466
336	0.182892323
337	0.182745814
338	0.18280229
339	0.182825178
340	0.1833745
341	0.182664961
342	0.182819068
343	0.182837367
344	0.182901472
345	0.18304491
346	0.182931989
347	0.18304491
348	0.183066279
349	0.182971656
350	0.183113575
351	0.183122724
352	0.1830861
353	0.18317309
354	0.182753444
355	0.182822108
356	0.183148652
357	0.1831151
358	0.183035761
359	0.18304643
360	0.182759553
361	0.182881624
362	0.1829915
363	0.182874
364	0.183015913
365	0.182902992
366	0.18292284
367	0.183043391
368	0.183134943
369	0.183011323
370	0.183035761
371	0.182901472
372	0.183026582
373	0.183113575
374	0.183073908
375	0.183026582
376	0.183072358
377	0.182893842
378	0.183076948
379	0.183090687
380	0.1831105
381	0.1831212
382	0.18317154
383	0.18305254
384	0.183006763
385	0.183075428
386	0.18305102
387	0.183075428
388	0.182979286
389	0.182947248
390	0.1828267
391	0.183035761
392	0.182976246
393	0.18292892
394	0.182950288
395	0.182912141
396	0.182812959
397	0.182687849
398	0.182878584
399	0.182863325
400	0.182896882
401	0.1825856
402	0.1828511
403	0.182874
404	0.182724476
405	0.182495564
406	0.182701588
407	0.182895362
408	0.182680219
409	0.1828084
410	0.182887733
411	0.183006763
412	0.18293047
413	0.182954878
414	0.183026582
415	0.182989955
416	0.1829747
417	0.182973176
418	0.183112055
419	0.183078468
420	0.1845113
421	0.183119684
422	0.18305406
423	0.1820088
424	0.1826253
425	0.182257533
426	0.182822108
427	0.183025062
428	0.182902992
429	0.18179214
430	0.179260671
431	0.1826253
432	0.182886213
433	0.182999134
434	0.18304947
435	0.183078468
436	0.183119684
437	0.18317154
438	0.1831212
439	0.183261573
440	0.183105946
441	0.183093727
442	0.183069319
443	0.1830861
444	0.18317765
445	0.183125764
446	0.183066279
447	0.183160871
448	0.183060169
449	0.183076948
450	0.183127314
451	0.183118135
452	0.182344526
453	0.182831287
454	0.183060169
455	0.183131874
456	0.183148652
457	0.183083057
458	0.182904512
459	0.1830968
460	0.183099836
461	0.18317154
462	0.183260053
463	0.18317917
464	0.183267683
465	0.1832799
466	0.183273792
467	0.183260053
468	0.183311939
469	0.183278352
470	0.183208168
471	0.183022022
472	0.183154762
473	0.183235645
474	0.1832448
475	0.183191389
476	0.1831868
477	0.183270723
478	0.183159351
479	0.1831151
480	0.18305406
481	0.183253944
482	0.183072358
483	0.183166981
484	0.183228016
485	0.183232576
486	0.183116615
487	0.1830861
488	0.183026582
489	0.183127314
490	0.183043391
491	0.183058649
492	0.183156282
493	0.183165461
494	0.183142573
495	0.183060169
496	0.183002174
497	0.183081537
498	0.183087617
499	0.18318072
500	0.183105946
501	0.183208168
502	0.183185279
503	0.183255464
504	0.1832448
505	0.183127314
506	0.183220387
507	0.183025062
508	0.18304491
509	0.182857215
510	0.183157831
511	0.18317917
512	0.1830144
513	0.183246315
514	0.183319569
515	0.1830968
516	0.1831334
517	0.183199018
518	0.183360755
519	0.183247834
520	0.183220387
521	0.183406532
522	0.183313459
523	0.183041841
524	0.183211237
525	0.183195978
526	0.183145612
527	0.183206648
528	0.18267259
529	0.182895362
530	0.183156282
531	0.183194429
532	0.182889253
533	0.18304795
534	0.1830922
535	0.183095247
536	0.183089167
537	0.182893842
538	0.183112055
539	0.18305102
540	0.183005214
541	0.182996064
542	0.183081537
543	0.182994545
544	0.182960987
545	0.182758033
546	0.182954878
547	0.1828328
548	0.182849586
549	0.1831685
550	0.1829564
551	0.183223426
552	0.182941139
553	0.182899952
554	0.183108985
555	0.183069319
556	0.183101356
557	0.183070838
558	0.18317613
559	0.182886213
560	0.183185279
561	0.183095247
562	0.183061689
563	0.1830571
564	0.183124244
565	0.183136463
566	0.182918251
567	0.183075428
568	0.183151722
569	0.183108985
570	0.183223426
571	0.183122724
572	0.18317154
573	0.183125764
574	0.183223426
575	0.183151722
576	0.183058649
577	0.18317613
578	0.183108985
579	0.1831395
580	0.183148652
581	0.183202058
582	0.1830205
583	0.183101356
584	0.183063209
585	0.183090687
586	0.182867885
587	0.181999654
588	0.182944179
589	0.183241755
590	0.183368385
591	0.183314979
592	0.183228016
593	0.1830098
594	0.182280421
595	0.182840437
596	0.183166981
597	0.18330583
598	0.18330887
599	0.183336347
600	0.183313459
</Group>
</Session>
