<Session>
Acquisition 1 2016-08-05 12:43:04
<Group>
Detector1
2
301		301	
D1 337:300-600	T636059838318917839	D1 337:300-600 [COR]	T636059838318917841
X	Y	X	Y
300	272.4475	300	1952.91125
301	170.427429	301	1236.01758
302	253.4436	302	1860.24573
303	236.440186	303	1737.9436
304	159.425415	304	1174.90454
305	205.434082	305	1511.92065
306	173.427979	306	1276.09912
307	186.43042	307	1360.58191
308	198.432739	308	1437.24622
309	221.4372	309	1587.79712
310	224.4378	310	1593.16687
311	209.434875	311	1480.41284
312	223.437561	312	1572.71936
313	297.452637	313	2062.49365
314	297.452637	314	2030.89075
315	346.463257	315	2369.96948
316	245.441956	316	1683.90784
317	328.459351	317	2232.02856
318	281.449341	318	1895.10022
319	499.4995	319	3315.67017
320	556.51416	320	3640.979
321	693.5521	321	4505.342
322	871.607056	322	5640.71045
323	1208.72839	323	7814.025
324	1747.9696	324	11287.2734
325	2228.2334	325	14285.4287
326	3225.9292	326	20554.2285
327	4518.12549	327	28781.3828
328	6880.17432	328	43866.18
329	9533.93	329	60056.3672
330	13768.4268	330	85575.66
331	19544.5117	331	121340.133
332	28066.2754	332	174058.922
333	37890.34	333	236894.328
334	54406.5547	334	342747.781
335	74774.0156	335	465775.3
336	91312.9	336	562234.7
337	95541.81	337	590422.8
338	94631.53	338	586687.4
339	94087.27	339	580757.1
340	96227.95	340	593461
341	98371.58	341	606384.9
342	100366.125	342	619594.2
343	101734.711	343	626780.2
344	103259.883	344	634576.3
345	104602.711	345	643062.25
346	107709.438	346	662214.9
347	111777.352	347	683312.3
348	117339.164	348	712435.6
349	122875.383	349	737281.4
350	130066.047	350	771268.25
351	137788.3	351	812345.9
352	147854.234	352	866008.563
353	154327.875	353	896587.563
354	161774.688	354	933612.75
355	168046.078	355	971697.438
356	173279.469	356	1004128.19
357	176454.031	357	1017287.44
358	175939.125	358	1008418.44
359	176163.938	359	999923.8
360	175647	360	989377.063
361	172544.375	361	975621.2
362	169129.156	362	961715.3
363	166362.469	363	940806.6
364	163828.8	364	922946.6
365	161861.469	365	909929.25
366	157857.9	366	892871.2
367	158270.813	367	890624.438
368	155304.813	368	874700.7
369	158142.813	369	888278.75
370	156098.25	370	875498
371	155741.234	371	873783.938
372	155592.672	372	872819.1
373	154402.156	373	866733.3
374	154897.3	374	870131.438
375	152918.016	375	862127.563
376	152011.656	376	858964
377	149174.047	377	846798.063
378	147287.672	378	839743.938
379	144155.234	379	817617
380	141403.359	380	798719.7
381	137815.016	381	776562.5
382	134398.781	382	756153.7
383	131238.469	383	737731.1
384	126386.336	384	710696.3
385	120823.688	385	679569.3
386	117970.945	386	664156.063
387	115368.539	387	644759.938
388	110533.828	388	613060.25
389	108659.922	389	602325.438
390	104369.859	390	576813
391	100467.148	391	554385.8
392	98698	392	544202.3
393	95547.93	393	526519.2
394	93558.37	394	515080.25
395	91281.32	395	499752.844
396	89384.07	396	485461.9
397	87512.9844	397	475645.938
398	84010.91	398	457448.156
399	81629.43	399	443200.625
400	79200.31	400	428133.844
401	76579.41	401	412068.9
402	74394.3359	402	398369.938
403	71941.3359	403	385388.438
404	69554.4453	404	372256.438
405	66702.4141	405	356283.8
406	63280.71	406	337163.063
407	61910.457	407	329904.563
408	58867.47	408	313791.6
409	56197.5234	409	298729.438
410	54130.5352	410	287097.219
411	52179.61	411	276068.844
412	49884.9648	412	263212.719
413	47250.0977	413	249168.578
414	45897.35	414	241854.672
415	42803.5664	415	224189.328
416	41455.0469	416	215836.1
417	39823.5938	417	207577.469
418	38465.8	418	200900.156
419	37047.92	419	192639.656
420	35404.8125	420	183318.8
421	33670.6133	421	174989.828
422	32181.6152	422	167663.844
423	31433.7617	423	164165.25
424	29656.67	424	155380.016
425	28452.5117	425	148436.063
426	27496.03	426	143096.438
427	26018.9238	427	135756.734
428	24638.74	428	128988.672
429	23764.3867	429	124359.336
430	22435.0586	430	117337.375
431	21222.5938	431	111399.313
432	20334.7773	432	107149.555
433	19327.6387	433	102110.109
434	18718.23	434	99287.21
435	17832.8672	435	94881.97
436	16506.12	436	88017.0547
437	15754.583	437	84170.85
438	15212.8262	438	81482.62
439	14200.7	439	76161.3047
440	13754.3857	440	73857.51
441	12877.9219	441	69683.625
442	12362.5449	442	67496.6
443	11610.6309	443	63345.4531
444	11102.4	444	60598.51
445	10577.1836	445	57899.08
446	9884.663	446	54219.918
447	9577.019	447	52818.1953
448	9010.881	448	49971.9063
449	8727.335	449	48491.03
450	8387.703	450	46657.53
451	7789.64551	451	43587.6172
452	7538.22266	452	42310.4023
453	6878.17139	453	38655.0039
454	6765	454	38124.39
455	6360.40771	455	35948.3242
456	6166.13525	456	34993.11
457	5706.52	457	32534.6973
458	5417.155	458	30993.0547
459	5270.976	459	30222.1855
460	4898.541	460	28135.9336
461	4699.32	461	27103.0488
462	4307.908	462	24940.8086
463	4239.83936	463	24655.7246
464	4098.7	464	23936.98
465	3917.52783	465	23058.3613
466	3669.30176	466	21680.6133
467	3402.07227	467	20102.1934
468	3166.88232	468	18729.2344
469	3080.81543	469	18308.9883
470	3013.76465	470	17988.3086
471	2736.563	471	16442.8262
472	2574.45215	472	15617.082
473	2492.39844	473	15106.2627
474	2339.30127	474	14216.1123
475	2291.27148	475	14024.58
476	2141.18213	476	13205.46
477	1995.09973	477	12389.4229
478	2005.1051	478	12513.7744
479	1757.97473	479	11003.2
480	1717.95471	480	10798.8125
481	1948.0741	481	12293.5713
482	1644.91907	482	10410.3848
483	1461.83435	483	9280.986
484	1364.79211	484	8697.81
485	1389.80286	485	8907.313
486	1311.7699	486	8451.966
487	1313.77087	487	8508.482
488	1215.73108	488	7906.81445
489	1123.69556	489	7354.813
490	970.640259	490	6385.48535
491	950.6334	491	6296.444
492	1032.66211	492	6891.705
493	881.6102	493	5907.315
494	881.6102	494	5941.389
495	905.6183	495	6131.74365
496	717.5591	496	4883.347
497	724.561157	497	4970.708
498	738.5654	498	5110.08057
499	619.5311	499	4298.895
500	647.53894	500	4504.362
501	580.5205	501	4069.30786
502	667.544556	502	4697.23145
503	652.5404	503	4606.23145
504	529.5071	504	3748.93433
505	496.498779	505	3533.38818
506	462.490234	506	3309.12427
507	510.502319	507	3683.46387
508	438.4845	508	3186.03784
509	449.487183	509	3295.373
510	455.488647	510	3354.71021
511	324.4585	511	2396.43262
512	382.471436	512	2833.40967
513	390.473267	513	2917.45215
514	384.4718	514	2897.315
515	268.446655	515	2032.59375
516	206.434265	516	1571.97876
517	207.434448	517	1585.41687
518	234.439758	518	1799.16736
519	322.458	519	2488.9292
520	244.441772	520	1901.32434
521	224.4378	521	1753.357
522	239.440735	522	1878.4751
523	155.424683	523	1228.15833
524	198.432739	524	1579.26367
525	233.439575	525	1865.32239
526	174.428162	526	1402.34631
527	166.4267	527	1345.46875
528	160.4256	528	1305.94556
529	137.421387	529	1130.27991
530	202.433472	530	1673.40344
531	164.426331	531	1362.94739
532	160.4256	532	1336.24512
533	197.432556	533	1653.55542
534	216.436218	534	1823.47131
535	50.4065552	535	427.121338
536	167.42688	536	1432.07654
537	74.41052	537	638.9651
538	112.416992	538	969.427368
539	130.420166	539	1129.056
540	93.4137	540	810.4672
541	87.41272	541	763.6093
542	83.41199	542	734.086243
543	164.426331	543	1453.2085
544	155.424683	544	1379.168
545	102.415283	545	914.108
546	109.416443	546	980.271
547	134.4209	547	1217.752
548	84.41217	548	765.9277
549	131.420349	549	1197.529
550	130.420166	550	1194.39709
551	130.420166	551	1201.49524
552	44.40558	552	411.418243
553	80.4115	553	749.0037
554	65.409	554	612.3158
555	212.435425	555	2003.58142
556	38.4046021	556	364.954529
557	164.426331	557	1572.54541
558	66.40918	558	639.026733
559	55.40735	559	536.264343
560	121.418579	560	1182.60571
561	134.4209	561	1319.131
562	13.4006958	562	132.468185
563	53.4070435	563	531.602234
564	61.4083252	564	614.998657
565	130.420166	565	1315.50464
566	79.4113159	566	807.323547
567	110.416626	567	1134.813
568	99.4147339	568	1028.64819
569	28.4030151	569	295.593445
570	83.41199	570	873.3159
571	70.40985	571	743.7453
572	56.40753	572	601.403137
573	74.41052	573	799.6253
574	-2.60174561	574	-27.9408283
575	85.41235	575	923.3271
576	33.40381	576	363.1231
577	45.40576	577	496.2515
578	42.4052734	578	466.457428
579	84.41217	579	934.4697
580	31.4035034	580	350.227356
581	63.40869	581	710.251648
582	7.39978027	582	83.3819
583	57.4077148	583	650.916565
584	76.41083	584	872.5193
585	9.400085	585	107.8735
586	30.4033813	586	350.5198
587	31.4035034	587	363.396362
588	8.399902	588	97.66181
589	17.4013062	589	203.324738
590	-23.6048584	590	-277.44696
591	9.400085	591	111.174652
592	56.40753	592	671.8291
593	38.4046021	593	460.537476
594	28.4030151	594	343.0058
595	98.41455	595	1192.06763
596	99.4147339	596	1208.00513
597	28.4030151	597	347.550171
598	13.4006958	598	165.25267
599	44.40558	599	552.000244
600	99.4147339	600	1245.9823
</Group>
<Group>
RCQCSignal
1
301	
ExCorr	T636059838318917840
X	Y
300	0.215393364
301	0.2156131
302	0.215739757
303	0.215843529
304	0.2156955
305	0.2157596
306	0.2155765
307	0.215726018
308	0.215730608
309	0.215774864
310	0.215800792
311	0.21582368
312	0.215846568
313	0.2157428
314	0.215678722
315	0.215811461
316	0.215710759
317	0.215776384
318	0.215741277
319	0.215744346
320	0.215751976
321	0.215751976
322	0.215018
323	0.215301812
324	0.215597838
325	0.2157489
326	0.215674132
327	0.215762645
328	0.215617687
329	0.215487987
330	0.215610057
331	0.215661943
332	0.21570465
333	0.215668052
334	0.215726018
335	0.215709239
336	0.215735167
337	0.215663463
338	0.215680242
339	0.215919822
340	0.215394914
341	0.215791643
342	0.215764165
343	0.215755016
344	0.2158542
345	0.215849638
346	0.215906084
347	0.215816051
348	0.215957969
349	0.2159183
350	0.215843529
351	0.215855718
352	0.216023564
353	0.21608308
354	0.2158069
355	0.2158832
356	0.2159122
357	0.215750426
358	0.215732127
359	0.2160373
360	0.215880156
361	0.215799272
362	0.2153247
363	0.215805382
364	0.215924382
365	0.216241777
366	0.2147815
367	0.215730608
368	0.215385735
369	0.21583131
370	0.2160129
371	0.215938121
372	0.215967119
373	0.216000676
374	0.216028154
375	0.215872526
376	0.216006786
377	0.215985417
378	0.216006786
379	0.216180742
380	0.2161136
381	0.216034263
382	0.2157596
383	0.216026634
384	0.216032743
385	0.216098338
386	0.216006786
387	0.216019
388	0.21607852
389	0.2159183
390	0.216283
391	0.216220409
392	0.21599
393	0.215939641
394	0.215959489
395	0.215745866
396	0.216049522
397	0.216040373
398	0.215793163
399	0.215779424
400	0.216086149
401	0.216099858
402	0.216167
403	0.216089189
404	0.216298252
405	0.216211259
406	0.216234148
407	0.216185331
408	0.216093779
409	0.216221929
410	0.216234148
411	0.2162967
412	0.2164127
413	0.21633333
414	0.216292143
415	0.2163547
416	0.216388255
417	0.2164661
418	0.216357738
419	0.216363847
420	0.21632266
421	0.216270775
422	0.216488987
423	0.216463029
424	0.216269255
425	0.216424882
426	0.216182262
427	0.21633029
428	0.216302812
429	0.216276884
430	0.216281444
431	0.2163074
432	0.216284513
433	0.216382176
434	0.216179222
435	0.216150224
436	0.216305882
437	0.216380626
438	0.216321141
439	0.216344029
440	0.216386735
441	0.216283
442	0.215890825
443	0.216215849
444	0.216292143
445	0.216194481
446	0.216275364
447	0.216380626
448	0.21645388
449	0.216321141
450	0.216348588
451	0.215977788
452	0.216217369
453	0.216365367
454	0.216189891
455	0.2164127
456	0.216374546
457	0.216255516
458	0.216376066
459	0.216261625
460	0.216237217
461	0.216286033
462	0.216394365
463	0.216382176
464	0.216400474
465	0.215922862
466	0.216295183
467	0.216441661
468	0.216400474
469	0.2164371
470	0.21658206
471	0.2163837
472	0.215555131
473	0.216385216
474	0.21645236
475	0.2165424
476	0.216536283
477	0.216247886
478	0.216362327
479	0.21657443
480	0.216482878
481	0.2164081
482	0.216559172
483	0.2165958
484	0.216493547
485	0.216553062
486	0.216676652
487	0.216565281
488	0.2166492
489	0.216504246
490	0.216624767
491	0.216681242
492	0.216557652
493	0.216545433
494	0.216154814
495	0.216415733
496	0.216572911
497	0.216534764
498	0.216377586
499	0.216388255
500	0.216487437
501	0.215993047
502	0.21632722
503	0.216421843
504	0.216553062
505	0.216479808
506	0.216351658
507	0.216286033
508	0.216510326
509	0.215993047
510	0.2164127
511	0.216449291
512	0.216446251
513	0.216298252
514	0.216128856
515	0.2163837
516	0.2164264
517	0.216492027
518	0.216464549
519	0.216511875
520	0.216131926
521	0.216319591
522	0.2165317
523	0.2165561
524	0.21657899
525	0.21671024
526	0.216377586
527	0.216658354
528	0.216635466
529	0.215832829
530	0.216162443
531	0.216588169
532	0.216553062
533	0.216482878
534	0.216316551
535	0.2164844
536	0.215855718
537	0.2161487
538	0.216366917
539	0.216188371
540	0.216373
541	0.216446251
542	0.2163837
543	0.216429472
544	0.2165195
545	0.2163364
546	0.216598839
547	0.215346068
548	0.216144115
549	0.216406584
550	0.216493547
551	0.216392845
552	0.216337919
553	0.216363847
554	0.21645692
555	0.216482878
556	0.216479808
557	0.216423362
558	0.216417253
559	0.216488987
560	0.216441661
561	0.216521025
562	0.2166385
563	0.2165424
564	0.216609508
565	0.216640055
566	0.216501176
567	0.216165483
568	0.21670717
569	0.2167255
570	0.216687351
571	0.216762125
572	0.216723979
573	0.215745866
574	0.216607988
575	0.216594249
576	0.216789573
577	0.216881126
578	0.216731608
579	0.216861308
580	0.216759056
581	0.216913164
582	0.216713279
583	0.216810942
584	0.216717869
585	0.216591209
586	0.2165378
587	0.216633946
588	0.2165088
589	0.2166202
590	0.2165195
591	0.216684282
592	0.216662943
593	0.216691911
594	0.216662943
595	0.216713279
596	0.2167255
597	0.2168445
598	0.216785014
599	0.21670717
600	0.21657747
</Group>
</Session>
