<Session>
Acquisition 1 2016-08-04 13:10:01
<Group>
Detector1
2
301		301	
D1 330:300-600	T636059097262971833	D1 330:300-600 [COR]	T636059097262971835
X	Y	X	Y
300	139.821411	300	1163.92322
301	148.823059	301	1253.99341
302	197.832214	302	1690.253
303	217.83606	303	1865.23828
304	143.822144	304	1232.5863
305	180.828979	305	1547.76306
306	197.832214	306	1690.87659
307	178.828613	307	1516.79321
308	71.80969	308	604.3788
309	248.842224	309	2074.2207
310	165.826172	310	1368.76672
311	215.8357	311	1778.89453
312	173.827637	312	1425.34546
313	222.837036	313	1797.34045
314	240.840637	314	1911.8269
315	156.824524	315	1248.31946
316	275.847778	316	2200.864
317	204.833557	317	1618.64063
318	205.83374	318	1612.57239
319	160.825256	319	1241.59326
320	166.826355	320	1269.6095
321	224.837463	321	1698.64136
322	221.836853	322	1664.57361
323	328.859	323	2468.30078
324	244.841431	324	1837.58374
325	225.837646	325	1684.90137
326	392.8733	326	2910.84375
327	352.864258	327	2614.86572
328	373.869019	328	2770.30444
329	473.8927	329	3466.2627
330	446.8861	330	3228.256
331	432.8827	331	3125.655
332	317.856567	332	2292.70044
333	363.8667	333	2646.012
334	424.880859	334	3112.525
335	460.8894	335	3338.41748
336	521.9048	336	3734.143
337	657.9414	337	4728.083
338	822.990967	338	5934.499
339	773.9757	339	5561.843
340	1043.06543	340	7467.443
341	1412.212	341	10123.73
342	2208.621	342	15840.7422
343	3065.20264	343	21947.2051
344	4833.86768	344	34566.36
345	8311.964	345	59431.48
346	14118.8545	346	100989.805
347	22559.03	347	160371.672
348	32982.3359	348	233047.422
349	44411.1641	349	309979
350	56646.02	350	390813.563
351	70865.31	351	485915.7
352	84215.74	352	574275.2
353	96967.6	353	655924.5
354	107541.219	354	721647.1
355	117482.906	355	790339.438
356	123616.938	356	833916.3
357	130359.008	357	875043.3
358	133249.641	358	888593.938
359	134888.234	359	891550.7
360	134561.5	360	881730.438
361	133754	361	879885.563
362	131643.4	362	868762.7
363	129183.727	363	849009.8
364	127099.688	364	832910.4
365	123543.125	365	809491.6
366	123999.352	366	811585.25
367	122251.578	367	799598.438
368	120591.5	368	787853.4
369	120910.148	369	789407.1
370	118390.188	370	772900.8
371	118378.93	371	772386.6
372	118091.156	372	770812.5
373	115542.938	373	754555
374	115173.453	374	753201.75
375	114794.789	375	752556.063
376	113258.93	376	744811.75
377	110830.766	377	731916.063
378	108008.25	378	716856.3
379	107157	379	707701.8
380	103987.305	380	683780.438
381	101664.68	381	666742.6
382	97550.93	382	638505.6
383	94984.61	383	621770.938
384	91573.05	384	599221.7
385	88463.09	385	579410.3
386	85209.5859	386	558353.2
387	82224.58	387	534846.75
388	81050.39	388	523625.5
389	77939.86	389	502879.125
390	75132.8	390	484018.938
391	73385.78	391	471510.1
392	70692.86	392	453534.75
393	69806.36	393	447350.1
394	67505.64	394	432434.063
395	65444.1	395	416474.469
396	64152.2773	396	405896.6
397	62740.2578	397	397198.844
398	60561.23	398	383494.656
399	57818.543	399	365118.656
400	57704.21	400	363108.5
401	54736.5859	401	342997.563
402	53137.1836	402	331224.469
403	51648.44	403	322429.469
404	49900.52	404	311286.219
405	48410.72	405	301020.625
406	45924	406	285087.063
407	43949.03	407	272506.4
408	42062.59	408	261003.844
409	40962.33	409	253505.188
410	39089.11	410	241334.453
411	37359.68	411	230262.547
412	35159.45	412	216300.453
413	34287.28	413	210696.219
414	33193.76	414	203672.859
415	31221.8	415	190695.047
416	30828.3086	416	187022.875
417	28443.8574	417	172979.625
418	27900.7227	418	169806.234
419	26714.08	419	161789.2
420	25701.6348	420	155053.266
421	24635.12	421	148995.328
422	23631.1328	422	143587.859
423	22998.0918	423	139967.188
424	21905.03	424	133540.719
425	21513.2734	425	130730.352
426	19897.3516	426	120529.305
427	19382.2539	427	117860.781
428	18413.4531	428	112303.68
429	17749.957	429	108221.063
430	16828.6367	430	102680.375
431	15840.2637	431	97142.52
432	15441.96	432	94944.87
433	14733.7188	433	90728.44
434	14008.5273	434	86706.6
435	13073.8584	435	80988.83
436	12751.9795	436	79216.96
437	12286.7451	437	76582.36
438	11559.9043	438	72108.09
439	10813.1221	439	67680.01
440	10599.6328	440	66319.75
441	10012.335	441	63179.7461
442	9812.909	442	62332.83
443	9208.67	443	58516.3
444	8885.035	444	56461.3828
445	8187.74072	445	52134.5664
446	7956.33252	446	50804.29
447	7606.736	447	48876.6758
448	7297.228	448	47158.6055
449	7023.79541	449	45425.4258
450	6652.231	450	43110.3164
451	6410.87939	451	41725.6133
452	6264.672	452	40952.47
453	5683.89	453	37206.4961
454	5542.71045	454	36366.3945
455	5373.50049	455	35394.9453
456	5065.132	456	33508.27
457	4794.824	457	31847.6738
458	4592.604	458	30606.99
459	4302.302	459	28704.53
460	4129.12939	460	27641
461	4025.02881	461	27048.49
462	3924.934	462	26463.6582
463	3697.72656	463	25048.8145
464	3374.44922	464	22954.1465
465	3416.484	465	23379.7168
466	3130.253	466	21542.6367
467	2994.149	467	20717.9512
468	2794.003	468	19298.5352
469	2892.07373	469	20036.4023
470	2674.92	470	18621.6641
471	2456.775	471	17199.1035
472	2412.74658	472	16987.5234
473	2431.75879	473	17165.95
474	2172.6	474	15387.2842
475	2208.621	475	15766.47
476	2042.52551	476	14709.3242
477	1925.4613	477	13932.4629
478	1919.45813	478	13979.1885
479	1890.4425	479	13805.832
480	1802.39661	480	13204.1563
481	1651.32166	481	12150.375
482	1467.23621	482	10824.2744
483	1403.20813	483	10416.417
484	1352.1864	484	10038.9844
485	1452.22961	485	10850.4834
486	1258.14758	486	9459.133
487	1359.18933	487	10274.5205
488	1146.10364	488	8690.197
489	1296.163	489	9889.046
490	1059.07117	490	8126.013
491	1046.06653	491	8080.22168
492	1078.07813	492	8389.075
493	980.0431	493	7658.578
494	925.0243	494	7255.67139
495	865.0044	495	6836.12354
496	881.009644	496	6992.07568
497	785.9794	497	6290.34
498	842.9973	498	6794.274
499	775.9763	499	6280.1377
500	713.957642	500	5793.84473
501	621.9314	501	5078.3125
502	639.9364	502	5246.543
503	659.942	503	5430.64746
504	641.9369	504	5299.77441
505	482.8949	505	4003.116
506	656.941162	506	5476.562
507	545.9109	507	4587.682
508	537.9088	508	4556.266
509	425.8811	509	3632.77319
510	453.887817	510	3894.94116
511	457.8888	511	3941.4314
512	418.8794	512	3615.64331
513	427.88147	513	3722.86987
514	377.869873	514	3315.14551
515	325.8584	515	2875.84619
516	331.859619	516	2944.859
517	372.868774	517	3325.173
518	339.86145	518	3044.64551
519	364.866943	519	3290.03931
520	364.866943	520	3305.20874
521	237.840027	521	2164.49268
522	413.878174	522	3785.87329
523	305.854	523	2819.582
524	244.841431	524	2275.038
525	228.838257	525	2134.019
526	258.844238	526	2424.03418
527	218.836243	527	2062.59277
528	139.821411	528	1328.30359
529	274.847534	529	2626.55859
530	281.849	530	2710.16919
531	192.831238	531	1864.32153
532	215.8357	532	2094.52686
533	193.831421	533	1891.135
534	229.83844	534	2255.12354
535	182.829346	535	1805.61719
536	224.837463	536	2235.345
537	109.8161	537	1097.105
538	202.83313	538	2037.59766
539	165.826172	539	1671.53857
540	188.8305	540	1908.12427
541	218.836243	541	2228.688
542	156.824524	542	1638.3429
543	111.816467	543	1154.26831
544	156.824524	544	1621.828
545	80.81116	545	839.1924
546	122.81842	546	1282.25867
547	92.81317	547	974.767761
548	89.81268	548	947.862
549	93.8133545	549	995.1876
550	113.816833	550	1214.0448
551	62.8081665	551	673.8866
552	97.8140259	552	1054.58118
553	85.81201	553	930.206
554	146.8227	554	1600.49951
555	41.80475	555	458.8591
556	107.815796	556	1192.70715
557	28.8026733	557	320.6074
558	104.815247	558	1173.46606
559	146.8227	559	1653.50378
560	10.7999268	560	122.384705
561	49.80603	561	568.871
562	102.814941	562	1183.64917
563	103.815063	563	1202.74255
564	45.80542	564	535.149658
565	49.80603	565	584.9913
566	138.821228	566	1643.74438
567	72.8098145	567	868.8101
568	26.8023682	568	322.7934
569	59.80768	569	725.748962
570	21.8015747	570	265.815033
571	112.81665	571	1387.593
572	75.8103	572	941.303467
573	84.81183	573	1056.99988
574	51.8063965	574	647.2195
575	70.80951	575	890.74585
576	18.8011475	576	238.031708
577	-25.2055054	577	-320.914856
578	107.815796	578	1381.17773
579	22.8017578	579	293.881439
580	101.814758	580	1320.85156
581	50.8062134	581	662.8118
582	16.8008423	582	220.207748
583	6.79925537	583	89.71273
584	26.8023682	584	357.634735
585	11.8000488	585	157.5359
586	23.80194	586	318.9019
587	51.8063965	587	697.934265
588	54.8068848	588	740.655457
589	52.80652	589	717.6114
590	68.80914	590	940.917236
591	33.8034668	591	465.424957
592	8.799561	592	121.928291
593	-7.20282	593	-100.444077
594	-32.206543	594	-452.47
595	88.8125	595	1251.90454
596	-23.2052	596	-328.7205
597	27.8025513	597	396.533875
598	65.8086548	598	945.378967
599	24.802063	599	358.9332
600	10.7999268	600	157.4863
</Group>
<Group>
RCQCSignal
1
301	
ExCorr	T636059097262971834
X	Y
300	0.200829059
301	0.20094654
302	0.20068258
303	0.200629175
304	0.200835168
305	0.200879425
306	0.200954169
307	0.200986236
308	0.201024383
309	0.200983167
310	0.200949609
311	0.2004247
312	0.200624585
313	0.200822949
314	0.200864166
315	0.2008138
316	0.200845838
317	0.200917572
318	0.200774133
319	0.2008611
320	0.200833648
321	0.200870246
322	0.200800061
323	0.200793952
324	0.200854987
325	0.200746655
326	0.200827539
327	0.2008321
328	0.200887054
329	0.2009435
330	0.2008672
331	0.200783283
332	0.20081684
333	0.200774133
334	0.200874835
335	0.2008611
336	0.2010259
337	0.2008138
338	0.200787872
339	0.200821429
340	0.2009145
341	0.200917572
342	0.201089978
343	0.201016754
344	0.200862616
345	0.200952649
346	0.20094502
347	0.200949609
348	0.20093435
349	0.200984687
350	0.200874835
351	0.200960279
352	0.200912982
353	0.200949609
354	0.200963348
355	0.200922132
356	0.200826019
357	0.200641364
358	0.200771064
359	0.200887054
360	0.20093891
361	0.2008428
362	0.200893134
363	0.20107016
364	0.200992316
365	0.200888574
366	0.2009786
367	0.200970978
368	0.201051831
369	0.201057941
370	0.2009435
371	0.2010549
372	0.2009725
373	0.201041162
374	0.200926721
375	0.2010198
376	0.2009725
377	0.201027423
378	0.200917572
379	0.2010259
380	0.201013684
381	0.200983167
382	0.20081532
383	0.200868726
384	0.2010152
385	0.20093435
386	0.200949609
387	0.200964868
388	0.200862616
389	0.200859576
390	0.200906873
391	0.20107168
392	0.200999945
393	0.201056421
394	0.200969428
395	0.200975537
396	0.20081228
397	0.200830579
398	0.200920612
399	0.200882465
400	0.200999945
401	0.200929761
402	0.201074719
403	0.200780243
404	0.20093739
405	0.201105237
406	0.200955719
407	0.201172382
408	0.201003015
409	0.201096088
410	0.2011373
411	0.2010442
412	0.2009786
413	0.201018274
414	0.201129675
415	0.200893134
416	0.201085418
417	0.200894684
418	0.201041162
419	0.201141864
420	0.201035053
421	0.2012273
422	0.200992316
423	0.2011312
424	0.201253265
425	0.20118764
426	0.201106787
427	0.200987756
428	0.201039642
429	0.200998425
430	0.200740546
431	0.200472
432	0.2007024
433	0.201013684
434	0.200598657
435	0.201021314
436	0.201045722
437	0.200829059
438	0.2011266
439	0.200726837
440	0.2010839
441	0.200821429
442	0.2009252
443	0.201007575
444	0.201158643
445	0.201247156
446	0.201169342
447	0.201100677
448	0.201125085
449	0.2012319
450	0.201077789
451	0.2010549
452	0.201016754
453	0.2011373
454	0.20106557
455	0.20106557
456	0.200983167
457	0.200993866
458	0.201134235
459	0.201238
460	0.200897723
461	0.200993866
462	0.20119527
463	0.201132715
464	0.201172382
465	0.201094568
466	0.201076269
467	0.2001302
468	0.200629175
469	0.201032013
470	0.20106709
471	0.201094568
472	0.201094568
473	0.201170862
474	0.201103717
475	0.201042682
476	0.200793952
477	0.200951129
478	0.200758874
479	0.200983167
480	0.201128125
481	0.200970978
482	0.201161712
483	0.2005834
484	0.201224267
485	0.201135755
486	0.20106557
487	0.200902313
488	0.201215118
489	0.201112866
490	0.201111346
491	0.201180011
492	0.201105237
493	0.201050311
494	0.201093048
495	0.200761914
496	0.201086938
497	0.200980127
498	0.2011312
499	0.200887054
500	0.200932831
501	0.200775653
502	0.201039642
503	0.2010198
504	0.201085418
505	0.201228857
506	0.20106405
507	0.201076269
508	0.201103717
509	0.201012164
510	0.201118976
511	0.201100677
512	0.201144934
513	0.2011205
514	0.2010152
515	0.201013684
516	0.201099157
517	0.200905353
518	0.200787872
519	0.200677991
520	0.20094654
521	0.20106861
522	0.201085418
523	0.200992316
524	0.200862616
525	0.20106405
526	0.201138824
527	0.201222748
528	0.201003015
529	0.201140344
530	0.201216638
531	0.20106861
532	0.2012609
533	0.201219678
534	0.2011205
535	0.2011205
536	0.201082349
537	0.201167822
538	0.201112866
539	0.201041162
540	0.201158643
541	0.201030463
542	0.197377473
543	0.200639844
544	0.201163232
545	0.201334119
546	0.201257825
547	0.201132715
548	0.201216638
549	0.2012792
550	0.201263934
551	0.2011846
552	0.201300561
553	0.201309711
554	0.201276153
555	0.201416522
556	0.201357
557	0.201344818
558	0.201410413
559	0.201456189
560	0.201434851
561	0.201434851
562	0.201418042
563	0.20144856
564	0.201053351
565	0.20144856
566	0.201276153
567	0.201598108
568	0.201596588
569	0.201259375
570	0.2014791
571	0.20157218
572	0.201502
573	0.201428741
574	0.201616436
575	0.201541662
576	0.201553851
577	0.201587439
578	0.201508075
579	0.201689661
580	0.201767474
581	0.201660663
582	0.201735437
583	0.2017385
584	0.2008138
585	0.201592
586	0.201755285
587	0.201485187
588	0.20169273
589	0.2016744
590	0.201518774
591	0.2015386
592	0.201654583
593	0.201765954
594	0.201660663
595	0.201639324
596	0.201294452
597	0.20144248
598	0.201498926
599	0.2015554
600	0.201556921
</Group>
</Session>
