<Session>
Acquisition 1 2016-06-17 09:27:47
<Group>
Detector1
1
451	
D1 400:250-700	T636016698369385288
X	Y
250	1114.12415
251	1120.12549
252	1129.12744
253	1123.1261
254	1193.14233
255	1109.123
256	1030.10608
257	1033.10669
258	1102.12146
259	1113.1239
260	1179.139
261	1069.11426
262	1051.11047
263	1112.12366
264	1121.12573
265	1076.11584
266	1120.12549
267	989.097839
268	1161.13477
269	1108.1228
270	1085.1178
271	1155.13342
272	1008.10162
273	1187.14087
274	1165.13574
275	1152.13269
276	1028.10571
277	1153.13293
278	1193.14233
279	1153.13293
280	1043.10876
281	1117.12476
282	1097.12036
283	1151.13245
284	1085.1178
285	1034.10693
286	1122.12585
287	1060.11243
288	1150.13232
289	1087.11816
290	1126.12683
291	1064.11328
292	1144.13086
293	1096.12012
294	1183.14
295	1132.12817
296	1079.11646
297	1080.1167
298	1019.10382
299	1085.1178
300	1001.10022
301	1038.10779
302	1137.12927
303	1107.12256
304	1132.12817
305	1207.14575
306	1102.12146
307	1149.13208
308	1100.121
309	1137.12927
310	1115.12439
311	1171.13708
312	1093.11951
313	1066.11365
314	1149.13208
315	1186.14063
316	1138.12952
317	977.095459
318	1056.11157
319	1003.10059
320	1029.106
321	1039.10791
322	1063.113
323	1015.103
324	1076.11584
325	1107.12256
326	1092.11926
327	1077.116
328	1077.116
329	1062.11279
330	1092.11926
331	1081.11682
332	1122.12585
333	997.0994
334	1084.11755
335	1111.12341
336	1031.10632
337	1070.1145
338	1077.116
339	1020.10406
340	1092.11926
341	1018.10364
342	988.097656
343	1054.11108
344	1039.10791
345	1066.11365
346	1024.10486
347	1051.11047
348	1059.11218
349	1075.1156
350	1082.11707
351	1109.123
352	1024.10486
353	990.098
354	1052.11072
355	1036.1073
356	1055.11133
357	1042.10864
358	1007.10144
359	1087.11816
360	970.0941
361	1043.10876
362	1036.1073
363	994.0988
364	937.0878
365	1038.10779
366	1035.10718
367	1004.10083
368	976.0953
369	1096.12012
370	1024.10486
371	1008.10162
372	1013.10266
373	1010.10205
374	1051.11047
375	978.095642
376	945.0893
377	915.08374
378	905.0819
379	1068.11414
380	953.0908
381	974.0949
382	963.0928
383	1011.10223
384	970.0941
385	1001.10022
386	1087.11816
387	969.093933
388	1060.11243
389	1029.106
390	1002.1004
391	974.0949
392	1058.11194
393	1007.10144
394	1190.1416
395	1238.15332
396	3271.06982
397	12360.2646
398	31521.15
399	59744.5234
400	76753.1
401	83853.22
402	84465.44
403	79293.44
404	63556.2344
405	37135.5625
406	13787.9932
407	3577.2793
408	1275.1626
409	1053.11084
410	1014.10284
411	1060.11243
412	1006.1012
413	1055.11133
414	1084.11755
415	968.0937
416	885.0783
417	998.0996
418	915.08374
419	995.099
420	999.0998
421	963.0928
422	988.097656
423	955.0912
424	986.0972
425	922.085
426	902.08136
427	889.079041
428	961.092346
429	1025.1051
430	925.0856
431	942.088745
432	950.0903
433	922.085
434	1015.103
435	1084.11755
436	1079.11646
437	980.096069
438	984.096863
439	942.088745
440	999.0998
441	945.0893
442	999.0998
443	965.09314
444	925.0856
445	849.0721
446	973.094666
447	896.080261
448	893.0798
449	990.098
450	915.08374
451	937.0878
452	909.082642
453	925.0856
454	983.0966
455	891.0794
456	955.0912
457	944.0891
458	915.08374
459	923.0852
460	974.0949
461	860.074
462	930.0865
463	926.085754
464	888.078857
465	965.09314
466	973.094666
467	891.0794
468	876.0767
469	963.0928
470	866.075
471	905.0819
472	938.088
473	954.091
474	916.0839
475	908.082458
476	893.0798
477	929.0863
478	957.0916
479	935.087463
480	916.0839
481	949.0901
482	920.084656
483	930.0865
484	942.088745
485	899.0808
486	926.085754
487	1001.10022
488	964.092957
489	1043.10876
490	949.0901
491	937.0878
492	962.0925
493	1045.10925
494	952.090637
495	953.0908
496	938.088
497	895.080139
498	963.0928
499	866.075
500	923.0852
501	939.0882
502	911.083
503	874.0764
504	958.0918
505	882.0778
506	963.0928
507	957.0916
508	956.091431
509	879.0773
510	881.077637
511	846.0716
512	959.092
513	939.0882
514	823.067749
515	913.0834
516	932.086853
517	851.072449
518	862.074341
519	934.0872
520	961.092346
521	851.072449
522	980.096069
523	889.079041
524	957.0916
525	847.0718
526	813.0661
527	902.08136
528	858.0736
529	893.0798
530	897.080444
531	857.0734
532	884.0781
533	950.0903
534	895.080139
535	863.074463
536	901.0812
537	968.0937
538	808.0653
539	926.085754
540	1006.1012
541	974.0949
542	1036.1073
543	1121.12573
544	1137.12927
545	1140.13
546	1106.12231
547	1075.1156
548	1085.1178
549	1030.10608
550	911.083
551	941.088562
552	936.087646
553	911.083
554	854.072937
555	853.072754
556	927.085938
557	869.0755
558	983.0966
559	833.0694
560	981.096252
561	863.074463
562	877.0769
563	874.0764
564	890.0792
565	917.0841
566	878.0771
567	906.0821
568	966.0933
569	885.0783
570	898.0806
571	887.0787
572	953.0908
573	841.07074
574	975.0951
575	927.085938
576	969.093933
577	908.082458
578	929.0863
579	909.082642
580	912.0832
581	965.09314
582	972.0945
583	841.07074
584	939.0882
585	809.0654
586	889.079041
587	905.0819
588	1024.10486
589	874.0764
590	953.0908
591	890.0792
592	899.0808
593	898.0806
594	815.0664
595	894.079956
596	873.076233
597	892.0796
598	925.0856
599	922.085
600	943.0889
601	941.088562
602	939.0882
603	874.0764
604	837.070068
605	951.090454
606	840.070557
607	809.0654
608	863.074463
609	882.0778
610	928.0861
611	988.097656
612	1016.10321
613	920.084656
614	1054.11108
615	1053.11084
616	970.0941
617	891.0794
618	867.0752
619	800.064
620	843.071045
621	979.0959
622	838.070251
623	803.0645
624	920.084656
625	860.074
626	820.067261
627	883.078
628	884.0781
629	824.067932
630	770.0593
631	903.081543
632	862.074341
633	918.0843
634	847.0718
635	901.0812
636	823.067749
637	833.0694
638	864.074646
639	815.0664
640	803.0645
641	784.061462
642	862.074341
643	879.0773
644	835.0697
645	802.064331
646	830.0689
647	794.063049
648	891.0794
649	806.064941
650	808.0653
651	869.0755
652	865.0748
653	862.074341
654	877.0769
655	896.080261
656	946.0895
657	827.0684
658	875.0766
659	851.072449
660	859.0738
661	817.0668
662	921.084839
663	826.068237
664	850.072266
665	871.075867
666	898.0806
667	916.0839
668	845.0714
669	892.0796
670	877.0769
671	850.072266
672	950.0903
673	889.079041
674	910.0828
675	890.0792
676	972.0945
677	901.0812
678	903.081543
679	865.0748
680	918.0843
681	854.072937
682	988.097656
683	851.072449
684	923.0852
685	868.0754
686	951.090454
687	908.082458
688	893.0798
689	870.0757
690	860.074
691	857.0734
692	877.0769
693	938.088
694	954.091
695	878.0771
696	807.0651
697	958.0918
698	917.0841
699	833.0694
700	839.0704
</Group>
<Group>
RCQCSignal
1
451	
ExCorr	T636016698369385289
X	Y
250	0.0141420616
251	0.0142153045
252	0.014280919
253	0.014248875
254	0.0141863124
255	0.0143205924
256	0.0142626073
257	0.0142870219
258	0.0142198829
259	0.014216831
260	0.014178683
261	0.0142595563
262	0.0142595563
263	0.0143785765
264	0.0143007552
265	0.0142412456
266	0.0141863124
267	0.0141542684
268	0.0142763406
269	0.0141939418
270	0.014178683
271	0.0142870219
272	0.01415732
273	0.0143053327
274	0.0142565044
275	0.01420615
276	0.014280919
277	0.014216831
278	0.0142259859
279	0.0142671857
280	0.0141954683
281	0.0142381936
282	0.0141969938
283	0.0141908908
284	0.0142015712
285	0.0142763406
286	0.0141130695
287	0.01416495
288	0.0141603723
289	0.0141802095
290	0.0142427711
291	0.0141741056
292	0.0142687112
293	0.0140917068
294	0.01409018
295	0.0140978107
296	0.0141344322
297	0.0142687112
298	0.0141710537
299	0.0141695281
300	0.014149691
301	0.0141664762
302	0.0141893644
303	0.0142290378
304	0.0140856029
305	0.0140703442
306	0.014149691
307	0.01410544
308	0.0141618978
309	0.0141908908
310	0.01416495
311	0.0141603723
312	0.0142290378
313	0.0140062561
314	0.014248875
315	0.0140688187
316	0.0141618978
317	0.0140703442
318	0.01407187
319	0.014047456
320	0.0141634243
321	0.0141939418
322	0.0141237509
323	0.01413138
324	0.0141298547
325	0.0141832605
326	0.0142336152
327	0.014082551
328	0.0142198829
329	0.0141741056
330	0.0141252764
331	0.0141008617
332	0.0143068591
333	0.0140993362
334	0.0142534524
335	0.0141878389
336	0.0141802095
337	0.0141451135
338	0.0141954683
339	0.0140138855
340	0.014178683
341	0.0141527429
342	0.0143221179
343	0.014280919
344	0.01409018
345	0.01415732
346	0.014082551
347	0.0141680017
348	0.0141115431
349	0.0142153045
350	0.0141252764
351	0.0140749216
352	0.0140352482
353	0.0141893644
354	0.0141100176
355	0.0141130695
356	0.0141710537
357	0.014117647
358	0.0141512165
359	0.0142030977
360	0.0142473485
361	0.0142610818
362	0.0142748151
363	0.0141969938
364	0.0142107271
365	0.0142885484
366	0.0143022817
367	0.0142687112
368	0.0142153045
369	0.0142687112
370	0.0142076751
371	0.0142275123
372	0.0142229339
373	0.01422446
374	0.0141374841
375	0.0141557949
376	0.0141435871
377	0.01413138
378	0.0142030977
379	0.0142397191
380	0.0141603723
381	0.0141420616
382	0.0142687112
383	0.0142427711
384	0.01415732
385	0.014082551
386	0.0143404286
387	0.0142793925
388	0.0141832605
389	0.0141557949
390	0.0142030977
391	0.0142259859
392	0.0142732887
393	0.0142412456
394	0.0142977033
395	0.0144609753
396	0.0144243538
397	0.014312963
398	0.0143938353
399	0.0142290378
400	0.0142214084
401	0.0143205924
402	0.0142565044
403	0.0143389031
404	0.01420615
405	0.01423209
406	0.0142748151
407	0.01413901
408	0.0141725792
409	0.01420615
410	0.01415732
411	0.0141710537
412	0.0142015712
413	0.0142183565
414	0.0142259859
415	0.0141084921
416	0.0141710537
417	0.0142442966
418	0.0141039137
419	0.01425803
420	0.0141420616
421	0.014280919
422	0.01419852
423	0.0140398256
424	0.0141405351
425	0.0141878389
426	0.0142229339
427	0.0141527429
428	0.0141863124
429	0.0141832605
430	0.0142030977
431	0.0141954683
432	0.0141969938
433	0.0142290378
434	0.0141603723
435	0.0142473485
436	0.014216831
437	0.0141771575
438	0.0142015712
439	0.0141329058
440	0.014213779
441	0.0142427711
442	0.0141664762
443	0.0141451135
444	0.0141588468
445	0.0141329058
446	0.0141222244
447	0.0142687112
448	0.0142198829
449	0.0142427711
450	0.014213779
451	0.0143205924
452	0.0142519269
453	0.0142015712
454	0.0142092016
455	0.01419852
456	0.0142763406
457	0.0141481655
458	0.0141206989
459	0.0141664762
460	0.0141863124
461	0.0141756311
462	0.0142336152
463	0.0141084921
464	0.0141374841
465	0.0141298547
466	0.0142030977
467	0.0141924163
468	0.0140749216
469	0.0141481655
470	0.01425803
471	0.0141115431
472	0.0142107271
473	0.0140856029
474	0.0141512165
475	0.0140794991
476	0.0141359577
477	0.0140978107
478	0.0141634243
479	0.0141771575
480	0.0141542684
481	0.0140566109
482	0.0141420616
483	0.0141710537
484	0.0142275123
485	0.0141695281
486	0.0141451135
487	0.01415732
488	0.0142641338
489	0.0142290378
490	0.0141695281
491	0.01413138
492	0.0142229339
493	0.01413138
494	0.0141298547
495	0.0141695281
496	0.0141542684
497	0.0140672922
498	0.0142076751
499	0.0141878389
500	0.0142366672
501	0.01413138
502	0.0141603723
503	0.0141832605
504	0.0142198829
505	0.0142656593
506	0.0142046232
507	0.0141298547
508	0.0143022817
509	0.0141008617
510	0.0141008617
511	0.0141100176
512	0.0142107271
513	0.0141588468
514	0.0141680017
515	0.0141908908
516	0.0141512165
517	0.0141542684
518	0.0141405351
519	0.0142442966
520	0.0141725792
521	0.0141206989
522	0.0142519269
523	0.0142534524
524	0.0142214084
525	0.01413138
526	0.0139620053
527	0.0139406426
528	0.0139681082
529	0.0142290378
530	0.014312963
531	0.0142671857
532	0.0142473485
533	0.0141756311
534	0.0142732887
535	0.0142595563
536	0.014178683
537	0.0142381936
538	0.014245823
539	0.0140978107
540	0.0142275123
541	0.0142870219
542	0.0143327992
543	0.0142412456
544	0.0143602658
545	0.0142183565
546	0.0141832605
547	0.014181735
548	0.0140993362
549	0.0141954683
550	0.014213779
551	0.01420615
552	0.0142030977
553	0.0141664762
554	0.0141954683
555	0.01413901
556	0.0140093081
557	0.0141741056
558	0.0141451135
559	0.01413901
560	0.0141023882
561	0.0140932323
562	0.0141527429
563	0.0141695281
564	0.0141832605
565	0.0142290378
566	0.0141161215
567	0.014181735
568	0.0140978107
569	0.0142153045
570	0.0142030977
571	0.0141100176
572	0.0140215149
573	0.0142397191
574	0.0142046232
575	0.0141222244
576	0.01423209
577	0.0140566109
578	0.01420615
579	0.0139009692
580	0.013913176
581	0.0139665827
582	0.0139391162
583	0.0139345387
584	0.0139284348
585	0.0139604788
586	0.0140306707
587	0.0143999392
588	0.0144045167
589	0.0142931258
590	0.01431754
591	0.014248875
592	0.0142824445
593	0.0142229339
594	0.0143007552
595	0.0142824445
596	0.0143053327
597	0.01437705
598	0.0143739991
599	0.0141512165
600	0.0143007552
601	0.0142366672
602	0.0142916
603	0.014312963
604	0.0143068591
605	0.01423209
606	0.0143083846
607	0.0142763406
608	0.0142717632
609	0.0142519269
610	0.0143404286
611	0.01432517
612	0.0142687112
613	0.0143297473
614	0.0142916
615	0.0143648433
616	0.0141939418
617	0.0141603723
618	0.0142931258
619	0.0141802095
620	0.0142656593
621	0.0141222244
622	0.01420615
623	0.0142183565
624	0.0142381936
625	0.0141405351
626	0.0141298547
627	0.0142336152
628	0.0142641338
629	0.0142046232
630	0.0142351417
631	0.01420615
632	0.0141756311
633	0.0140810255
634	0.0142000457
635	0.0142641338
636	0.0141481655
637	0.0140856029
638	0.014277867
639	0.0141344322
640	0.0140566109
641	0.0141435871
642	0.0142336152
643	0.0140596628
644	0.0141664762
645	0.0139360651
646	0.0143144885
647	0.0142854964
648	0.0143358512
649	0.0143694207
650	0.01420615
651	0.0142763406
652	0.0142504005
653	0.0142916
654	0.0143343247
655	0.0141802095
656	0.0142595563
657	0.0142030977
658	0.0141283283
659	0.014149691
660	0.0143007552
661	0.0142198829
662	0.01422446
663	0.0142534524
664	0.0142275123
665	0.014383154
666	0.0143572139
667	0.01428397
668	0.0141771575
669	0.01423209
670	0.0142229339
671	0.0141771575
672	0.0141954683
673	0.0142229339
674	0.0141710537
675	0.0142122526
676	0.0141756311
677	0.014149691
678	0.01415732
679	0.0142381936
680	0.0141863124
681	0.0140352482
682	0.0142900739
683	0.0142565044
684	0.0141725792
685	0.014117647
686	0.0141451135
687	0.014181735
688	0.0143617913
689	0.0144243538
690	0.0144945448
691	0.0144808115
692	0.0144533459
693	0.0144563969
694	0.0143099111
695	0.0143083846
696	0.014216831
697	0.0142900739
698	0.0142702376
699	0.01422446
700	0.0142565044
</Group>
</Session>
