<Session>
Acquisition 1 2016-08-08 11:15:39
<Group>
Detector1
1
21	
D1 300:290-310	T636062510510941236
X	Y
290	908.082458
291	997.0994
292	827.0684
293	893.0798
294	877.0769
295	897.080444
296	1130.12769
297	1589.25256
298	1675.28064
299	1687.28467
300	1219.14856
301	1021.10425
302	1065.1134
303	932.086853
304	822.067566
305	966.0933
306	847.0718
307	857.0734
308	761.0579
309	834.0696
310	815.0664
</Group>
<Group>
RCQCSignal
1
21	
ExCorr	T636062510510941237
X	Y
290	0.0139909973
291	0.0139360651
292	0.0140627148
293	0.0140077826
294	0.0139681082
295	0.0139726866
296	0.0139436945
297	0.0138353547
298	0.0139879454
299	0.0139925228
300	0.013980316
301	0.0139665827
302	0.013916228
303	0.0138826584
304	0.0140230414
305	0.0139040211
306	0.0140032042
307	0.0139147025
308	0.0139269093
309	0.0139681082
310	0.013881132
</Group>
</Session>
