<Session>
Acquisition 1 2016-08-08 11:12:40
<Group>
Detector1
1
21	
D1 350:340-360	T636062510510940201
X	Y
340	1063.113
341	1228.15088
342	1161.13477
343	1266.16028
344	1358.18445
345	2293.526
346	7724.96436
347	22503.5645
348	41215.4063
349	45739.5742
350	30775.52
351	12725.18
352	3992.59375
353	2674.71533
354	2467.609
355	2176.47363
356	2215.49072
357	2038.41541
358	2067.42725
359	1977.391
360	2086.4353
</Group>
<Group>
RCQCSignal
1
21	
ExCorr	T636062510510940202
X	Y
340	0.0146761276
341	0.0147219039
342	0.0147096971
343	0.0145922024
344	0.0147600519
345	0.0147524225
346	0.0147203784
347	0.0146944383
348	0.0147890439
349	0.0147768371
350	0.0147402156
351	0.0147081716
352	0.0147341117
353	0.0147661557
354	0.0147020677
355	0.0147142746
356	0.0148027772
357	0.0146257728
358	0.0147722587
359	0.0147814145
360	0.0149065387
</Group>
</Session>
