<Session>
Acquisition 1 2016-06-15 13:22:20
<Group>
Detector1
1
451	
D1 350:250-700	T636015873060002391
X	Y
250	817.0668
251	811.0658
252	805.0648
253	824.067932
254	789.062256
255	796.063354
256	765.058533
257	791.062561
258	817.0668
259	877.0769
260	811.0658
261	850.072266
262	833.0694
263	835.0697
264	895.080139
265	775.060059
266	866.075
267	830.0689
268	842.0709
269	858.0736
270	859.0738
271	896.080261
272	915.08374
273	842.0709
274	825.068054
275	898.0806
276	915.08374
277	787.061951
278	806.064941
279	900.081
280	876.0767
281	807.0651
282	847.0718
283	772.059631
284	822.067566
285	806.064941
286	842.0709
287	810.0656
288	857.0734
289	836.0699
290	825.068054
291	847.0718
292	968.0937
293	859.0738
294	778.060547
295	812.0659
296	804.064636
297	853.072754
298	837.070068
299	819.0671
300	791.062561
301	836.0699
302	816.0666
303	891.0794
304	891.0794
305	871.075867
306	834.0696
307	835.0697
308	817.0668
309	840.070557
310	773.059753
311	860.074
312	793.062866
313	843.071045
314	966.0933
315	799.063843
316	877.0769
317	794.063049
318	722.0521
319	886.0785
320	870.0757
321	852.0726
322	825.068054
323	858.0736
324	803.0645
325	772.059631
326	859.0738
327	793.062866
328	789.062256
329	822.067566
330	797.063538
331	798.06366
332	815.0664
333	874.0764
334	891.0794
335	804.064636
336	866.075
337	710.0504
338	861.074158
339	799.063843
340	732.0536
341	807.0651
342	784.061462
343	878.0771
344	771.059448
345	865.0748
346	722.0521
347	749.0561
348	793.062866
349	811.0658
350	748.055969
351	831.0691
352	786.061768
353	705.0497
354	863.074463
355	773.059753
356	815.0664
357	845.0714
358	790.062439
359	878.0771
360	785.061646
361	887.0787
362	754.0569
363	890.0792
364	843.071045
365	773.059753
366	806.064941
367	807.0651
368	767.058838
369	812.0659
370	772.059631
371	758.057434
372	769.059143
373	820.067261
374	781.061
375	864.074646
376	812.0659
377	792.062744
378	848.0719
379	831.0691
380	772.059631
381	742.055054
382	807.0651
383	885.0783
384	803.0645
385	800.064
386	817.0668
387	881.077637
388	896.080261
389	883.078
390	974.0949
391	869.0755
392	933.087036
393	932.086853
394	1033.10669
395	1014.10284
396	943.0889
397	1313.17249
398	2160.4668
399	3157.997
400	3824.46216
401	4277.82959
402	3586.286
403	2461.606
404	1837.33752
405	1447.20947
406	1185.1405
407	1430.20459
408	1425.20313
409	1352.18286
410	1336.17847
411	1379.19019
412	1485.22058
413	1495.22351
414	1432.20508
415	1649.272
416	1559.243
417	1561.24377
418	1629.26538
419	1762.31055
420	1697.28809
421	1941.37683
422	1837.33752
423	1950.38037
424	2051.42065
425	2097.44
426	2264.5127
427	2437.594
428	3885.50928
429	8583.363
430	14802.8906
431	19808.1855
432	20314.21
433	15251.2363
434	9577.166
435	4285.83643
436	2924.85522
437	3028.91724
438	2925.856
439	3018.91113
440	3125.977
441	3067.941
442	3120.97388
443	3138.985
444	3058.93555
445	3206.02759
446	3481.21167
447	3337.11328
448	3468.20264
449	3524.2417
450	3466.20117
451	3455.1936
452	3598.29443
453	3549.25952
454	3631.31836
455	3521.2395
456	3647.33
457	3642.32642
458	3652.33374
459	3570.27441
460	3572.276
461	3727.389
462	3715.38013
463	3715.38013
464	3698.36743
465	3786.43335
466	3627.31543
467	3608.30176
468	3571.27515
469	3533.248
470	3486.215
471	3654.33521
472	3710.37646
473	3634.32056
474	3441.18384
475	3698.36743
476	3805.44775
477	4294.844
478	4722.229
479	5536.06348
480	6562.30469
481	7509.63672
482	8910.936
483	9142.354
484	9183.429
485	9284.615
486	8971.043
487	8243.792
488	7731.975
489	7444.53955
490	6705.494
491	6633.39844
492	6096.71533
493	5706.255
494	5140.6416
495	4835.3374
496	4425.9585
497	3869.49683
498	3678.35278
499	3391.14966
500	3220.03662
501	3169.00415
502	3022.91357
503	2855.81543
504	2995.89746
505	2876.82739
506	2830.80127
507	2887.83374
508	2957.87476
509	2793.78027
510	2716.738
511	2746.75439
512	2829.80054
513	2760.762
514	2854.815
515	2772.7688
516	2782.77417
517	2722.74121
518	2892.83667
519	2952.87183
520	2743.75269
521	2733.74731
522	2737.74951
523	2855.81543
524	2971.883
525	2921.85352
526	3121.97437
527	3096.959
528	3357.12671
529	3447.188
530	3555.26367
531	3984.58716
532	4199.763
533	5124.62549
534	6579.32666
535	8989.075
536	13697.7461
537	20041.1113
538	26528.25
539	32066.6074
540	35896.5469
541	35988.2031
542	32648.36
543	27117.4023
544	20679.707
545	15318.4414
546	12187.8428
547	11115.3457
548	9951.897
549	9000.096
550	7931.287
551	6662.437
552	5971.56445
553	5581.114
554	5106.607
555	5192.69531
556	5210.71436
557	4998.49756
558	5083.5835
559	5071.57129
560	5039.539
561	4984.484
562	5108.609
563	5124.62549
564	5097.59766
565	5134.63574
566	5249.755
567	5224.729
568	5384.89844
569	5516.0415
570	5771.32959
571	6434.138
572	7098.03564
573	7903.24268
574	8746.64551
575	9105.285
576	9354.746
577	9454.934
578	9741.483
579	9855.707
580	10194.3857
581	10441.8955
582	11018.1309
583	10829.72
584	10830.7217
585	10284.57
586	9452.93
587	8686.541
588	8311.905
589	8048.474
590	7442.53662
591	6905.7666
592	6025.62939
593	5683.22852
594	5720.271
595	5945.53369
596	6257.91455
597	5685.231
598	5603.138
599	4803.30664
600	4741.247
601	4704.2124
602	4625.13867
603	4929.429
604	5784.34473
605	8513.243
606	14166.0488
607	20202.76
608	24331.1035
609	24736.0859
610	21713.0781
611	16083.8408
612	11353.8809
613	9036.16
614	7513.64258
615	6963.847
616	6706.49561
617	6800.62256
618	6670.44727
619	6125.751
620	5787.348
621	5395.91064
622	4971.4707
623	4809.312
624	4485.01074
625	4562.08057
626	4974.47363
627	4903.40332
628	4842.344
629	4240.798
630	3274.07178
631	2703.731
632	2416.584
633	2265.51318
634	2122.45044
635	2098.44019
636	1909.3645
637	1860.34607
638	1903.36218
639	1839.33826
640	1833.336
641	1879.35315
642	1724.29724
643	1789.32007
644	1905.363
645	2067.42725
646	1960.38428
647	2161.467
648	2023.40942
649	1978.39136
650	1772.31409
651	1766.31189
652	1548.23962
653	1436.2063
654	1476.2179
655	1382.191
656	1479.21875
657	1446.20911
658	1433.20544
659	1470.21619
660	1539.23694
661	1411.1991
662	1419.20142
663	1351.1825
664	1301.16931
665	1241.154
666	1329.17664
667	1221.149
668	1228.15088
669	1162.135
670	1192.14209
671	1154.13318
672	1118.125
673	1109.123
674	1210.14648
675	1083.11731
676	1107.12256
677	1102.12146
678	1058.11194
679	1000.10004
680	1090.11877
681	1075.1156
682	1070.1145
683	1195.14282
684	1211.14673
685	1246.15527
686	1124.12634
687	1070.1145
688	974.0949
689	1020.10406
690	1022.10449
691	1007.10144
692	1047.10962
693	810.0656
694	911.083
695	840.070557
696	907.0823
697	845.0714
698	878.0771
699	854.072937
700	927.085938
</Group>
<Group>
RCQCSignal
1
451	
ExCorr	T636015873060002392
X	Y
250	0.0189715419
251	0.0188296326
252	0.0188677814
253	0.018860152
254	0.0188799873
255	0.0187914856
256	0.018863203
257	0.0188571
258	0.018796064
259	0.0187884346
260	0.0189440753
261	0.0188113227
262	0.0188677814
263	0.0187426563
264	0.0189181361
265	0.0189471282
266	0.018802166
267	0.0188586246
268	0.0189181361
269	0.0188738834
270	0.0189044029
271	0.0188845657
272	0.01883879
273	0.0188555736
274	0.0188860912
275	0.0188372619
276	0.018802166
277	0.0188326854
278	0.0188952461
279	0.0188036934
280	0.0187624935
281	0.0188265815
282	0.0189044029
283	0.0187136643
284	0.018962387
285	0.01894255
286	0.0188174266
287	0.0188265815
288	0.0188326854
289	0.018860152
290	0.018863203
291	0.0186694134
292	0.0188067444
293	0.018860152
294	0.0188479442
295	0.018760968
296	0.0189745929
297	0.0187853817
298	0.0187838562
299	0.0188586246
300	0.0186984055
301	0.0188311581
302	0.0188540481
303	0.0189166088
304	0.0187518112
305	0.0187808033
306	0.0187884346
307	0.0187914856
308	0.0188204776
309	0.0187396053
310	0.01884947
311	0.0188769363
312	0.0187853817
313	0.01884947
314	0.0188677814
315	0.0188708324
316	0.0188738834
317	0.0187777523
318	0.01872282
319	0.0188952461
320	0.0188036934
321	0.0187426563
322	0.0188555736
323	0.0187472347
324	0.01883879
325	0.0187624935
326	0.0188647285
327	0.0187930111
328	0.01884184
329	0.0188998245
330	0.0188738834
331	0.0188967735
332	0.0187838562
333	0.0188342109
334	0.0188189521
335	0.0189394988
336	0.0188555736
337	0.018825056
338	0.0188479442
339	0.0188555736
340	0.0188693069
341	0.0188586246
342	0.0188265815
343	0.0190066379
344	0.0188204776
345	0.0188113227
346	0.0189028755
347	0.0188097954
348	0.0188647285
349	0.0188769363
350	0.01889067
351	0.018802166
352	0.0190096889
353	0.0188342109
354	0.0188479442
355	0.0187579151
356	0.018930342
357	0.0188509952
358	0.0188571
359	0.0188586246
360	0.01885252
361	0.0188509952
362	0.0188097954
363	0.0189028755
364	0.018802166
365	0.018863203
366	0.0188204776
367	0.01879759
368	0.01869688
369	0.0184664689
370	0.0185305569
371	0.0185000375
372	0.0187472347
373	0.0186022744
374	0.0186327919
375	0.0184969865
376	0.0186205842
377	0.0187212937
378	0.0184313729
379	0.0187273975
380	0.0185854882
381	0.01870756
382	0.0186877232
383	0.01870451
384	0.0186373685
385	0.018699931
386	0.0187518112
387	0.018802166
388	0.0185931176
389	0.0186053254
390	0.018626688
391	0.0187685974
392	0.0188403148
393	0.0186800938
394	0.018536659
395	0.018764019
396	0.0188342109
397	0.01880064
398	0.0187304486
399	0.0187365524
400	0.0187167171
401	0.0186602585
402	0.01875944
403	0.0186465252
404	0.0189868
405	0.0184481572
406	0.0189074539
407	0.0187350269
408	0.0186877232
409	0.0188036934
410	0.0187335014
411	0.0184573121
412	0.0187014565
413	0.0188326854
414	0.01873808
415	0.0187777523
416	0.0185671784
417	0.0188036934
418	0.0186709389
419	0.0186938271
420	0.0186694134
421	0.0187930111
422	0.01846189
423	0.018422218
424	0.01895323
425	0.0188433658
426	0.0187106133
427	0.0184237435
428	0.0185000375
429	0.0189044029
430	0.0183398183
431	0.01898375
432	0.018364232
433	0.01874876
434	0.0187579151
435	0.0185015649
436	0.0189074539
437	0.01842832
438	0.0189059284
439	0.0184740983
440	0.0187777523
441	0.0183321889
442	0.0189166088
443	0.0186495762
444	0.0186190587
445	0.0188876167
446	0.0183627065
447	0.018866254
448	0.0183260851
449	0.01865568
450	0.0190325789
451	0.018498512
452	0.0187106133
453	0.019003585
454	0.0188311581
455	0.01846952
456	0.0188586246
457	0.0186373685
458	0.01879759
459	0.018796064
460	0.0183520261
461	0.0188509952
462	0.0184878316
463	0.0187548641
464	0.0187853817
465	0.0189288165
466	0.0187533386
467	0.0188479442
468	0.0183947515
469	0.0188113227
470	0.0184496827
471	0.0190508887
472	0.0188769363
473	0.0183505
474	0.0188784618
475	0.0189745929
476	0.0184939355
477	0.0189913791
478	0.0188860912
479	0.018495461
480	0.01895018
481	0.018965438
482	0.0188357364
483	0.01884184
484	0.01835813
485	0.0188403148
486	0.0189379714
487	0.0187838562
488	0.018799115
489	0.01866331
490	0.01861448
491	0.0188738834
492	0.0188571
493	0.0187624935
494	0.018760968
495	0.01884184
496	0.0183566026
497	0.0188921951
498	0.01879759
499	0.0189227127
500	0.0184161142
501	0.0189181361
502	0.0186923016
503	0.01878996
504	0.0187182426
505	0.01871519
506	0.0186984055
507	0.01884947
508	0.0188677814
509	0.0186831467
510	0.0186358429
511	0.01883879
512	0.0188769363
513	0.018498512
514	0.0188464187
515	0.018664835
516	0.0188326854
517	0.0186663624
518	0.0188571
519	0.0186984055
520	0.0185687039
521	0.0188448913
522	0.0187060349
523	0.01842069
524	0.0189105067
525	0.0184817277
526	0.0189318676
527	0.0183886476
528	0.0189913791
529	0.0187945366
530	0.01851835
531	0.0189379714
532	0.018460365
533	0.0189715419
534	0.0189059284
535	0.0183123518
536	0.01903563
537	0.0189028755
538	0.0187029839
539	0.0184756238
540	0.0190341044
541	0.0188799873
542	0.0188342109
543	0.0185473412
544	0.0188479442
545	0.0188693069
546	0.018799115
547	0.0183306634
548	0.0189150833
549	0.0188647285
550	0.0185717549
551	0.0188769363
552	0.0189333949
553	0.0188784618
554	0.0184878316
555	0.018965438
556	0.0188342109
557	0.0186312664
558	0.0189135578
559	0.0189333949
560	0.0188616775
561	0.0183062479
562	0.0190371554
563	0.0188616775
564	0.0184893571
565	0.0188433658
566	0.0188372619
567	0.0187884346
568	0.018799115
569	0.0188036934
570	0.0187869072
571	0.0187838562
572	0.0187838562
573	0.018796064
574	0.018828107
575	0.018828107
576	0.0186816212
577	0.01870451
578	0.0187945366
579	0.0188586246
580	0.0187838562
581	0.0187762268
582	0.0188342109
583	0.0187792778
584	0.018898299
585	0.0188067444
586	0.0187655445
587	0.018799115
588	0.0187502857
589	0.018825056
590	0.0187502857
591	0.0188311581
592	0.01890898
593	0.0187304486
594	0.018802166
595	0.01889067
596	0.0189074539
597	0.0187701229
598	0.01885252
599	0.0188143738
600	0.0189410243
601	0.01884947
602	0.0188448913
603	0.0188204776
604	0.0188128483
605	0.0187792778
606	0.0187319759
607	0.0187197682
608	0.0188220032
609	0.0186907761
610	0.0189333949
611	0.0188571
612	0.0187701229
613	0.0187136643
614	0.01884947
615	0.0187914856
616	0.0187579151
617	0.0188235287
618	0.0187747013
619	0.0189181361
620	0.0188815128
621	0.0187701229
622	0.01889067
623	0.0188143738
624	0.0189211871
625	0.0188876167
626	0.018796064
627	0.0188845657
628	0.0188509952
629	0.0188097954
630	0.0188647285
631	0.0188464187
632	0.0187060349
633	0.0188357364
634	0.0187792778
635	0.0188571
636	0.0188723579
637	0.0186053254
638	0.0187762268
639	0.0188571
640	0.0187212937
641	0.01874113
642	0.0186877232
643	0.0187869072
644	0.01841764
645	0.0188357364
646	0.0188540481
647	0.0188052189
648	0.0188189521
649	0.01889067
650	0.0187624935
651	0.018866254
652	0.0188204776
653	0.0181918051
654	0.0189242382
655	0.0189745929
656	0.0188677814
657	0.01873808
658	0.0188616775
659	0.0188220032
660	0.0187579151
661	0.0188448913
662	0.0188891441
663	0.01880064
664	0.0187792778
665	0.0187808033
666	0.0188052189
667	0.0187472347
668	0.0186755173
669	0.01894255
670	0.0187655445
671	0.018825056
672	0.0187792778
673	0.0188540481
674	0.0187243465
675	0.0188448913
676	0.0187762268
677	0.0188174266
678	0.0187304486
679	0.0187762268
680	0.0187579151
681	0.0189120322
682	0.018802166
683	0.0187914856
684	0.0189257655
685	0.0189593341
686	0.018764019
687	0.0187762268
688	0.0188708324
689	0.0188464187
690	0.018866254
691	0.01883879
692	0.0188693069
693	0.0188433658
694	0.0188479442
695	0.0189181361
696	0.0188738834
697	0.0188647285
698	0.0189410243
699	0.0187808033
700	0.0188509952
</Group>
</Session>
