<Session>
Acquisition 1 2016-06-20 11:26:47
<Group>
Detector1
1
451	
D1 350:250-700	T636020166821878715
X	Y
250	595.0354
251	608.037
252	681.0464
253	681.0464
254	656.043
255	683.046631
256	616.037964
257	680.046265
258	667.0445
259	726.052734
260	635.040344
261	691.0477
262	597.035645
263	675.0456
264	720.0518
265	668.0446
266	623.0388
267	721.052
268	631.0398
269	762.058044
270	621.0386
271	612.0375
272	663.043945
273	657.043152
274	665.04425
275	719.0517
276	651.042358
277	624.03894
278	644.0415
279	649.0421
280	692.0479
281	588.0346
282	684.0468
283	713.050842
284	661.0437
285	664.044067
286	562.0316
287	639.040833
288	678.045959
289	612.0375
290	684.0468
291	662.0438
292	671.045044
293	672.045166
294	636.040466
295	654.0428
296	637.0406
297	682.0465
298	612.0375
299	671.045044
300	683.046631
301	618.0382
302	609.0371
303	695.0483
304	655.0429
305	675.0456
306	752.0566
307	627.0393
308	615.037842
309	682.0465
310	678.045959
311	638.0407
312	584.0341
313	656.043
314	592.035034
315	670.0449
316	666.0444
317	662.0438
318	632.0399
319	647.0419
320	684.0468
321	646.041748
322	651.042358
323	589.034668
324	658.0433
325	626.0392
326	688.047363
327	596.0355
328	667.0445
329	703.049438
330	626.0392
331	668.0446
332	680.046265
333	591.0349
334	682.0465
335	764.05835
336	659.043457
337	592.035034
338	606.036743
339	619.0383
340	651.042358
341	630.0397
342	695.0483
343	656.043
344	588.0346
345	638.0407
346	653.042664
347	660.0436
348	613.0376
349	676.0457
350	698.0487
351	745.0555
352	624.03894
353	633.0401
354	609.0371
355	642.0412
356	651.042358
357	602.036255
358	701.049133
359	708.0501
360	606.036743
361	610.037231
362	695.0483
363	687.0472
364	665.04425
365	666.0444
366	598.035767
367	677.045837
368	641.0411
369	603.0364
370	617.0381
371	623.0388
372	653.042664
373	602.036255
374	662.0438
375	705.0497
376	659.043457
377	634.0402
378	656.043
379	713.050842
380	671.045044
381	699.0489
382	639.040833
383	611.037354
384	668.0446
385	699.0489
386	688.047363
387	770.0593
388	630.0397
389	742.055054
390	731.053467
391	741.054932
392	747.0558
393	708.0501
394	784.061462
395	787.061951
396	818.0669
397	783.06134
398	779.060669
399	919.0845
400	815.0664
401	905.0819
402	1148.13184
403	2617.685
404	5726.278
405	6652.42334
406	3357.12671
407	1411.1991
408	1416.20056
409	1360.18494
410	1124.12634
411	1157.13391
412	1129.12744
413	1291.16675
414	1315.173
415	1312.17212
416	1384.19153
417	1354.18335
418	1522.23169
419	1483.22
420	1551.2406
421	1701.28943
422	1620.26245
423	1640.269
424	1781.31726
425	1878.35278
426	1910.36487
427	1881.35388
428	1902.36182
429	2175.47314
430	2158.46582
431	2243.50317
432	2455.60278
433	3732.39282
434	11850.0313
435	31286.6816
436	33947.9844
437	14127.9414
438	2799.78369
439	2910.84717
440	2903.843
441	2860.81836
442	2988.893
443	2946.86816
444	2954.873
445	3129.97949
446	2982.88965
447	3252.05737
448	3226.04053
449	3243.05151
450	3298.0874
451	3343.11743
452	3416.16675
453	3374.13818
454	3537.251
455	3479.21021
456	3765.41748
457	3541.25366
458	3693.36377
459	3631.31836
460	3656.33667
461	3680.35425
462	3686.35864
463	3610.30322
464	3678.35278
465	3734.39429
466	3628.31616
467	3693.36377
468	3623.3125
469	3702.37036
470	3579.28076
471	3621.311
472	3548.25879
473	3622.31177
474	3532.24731
475	3564.27
476	3585.28516
477	3482.2124
478	3493.22
479	3491.21851
480	3722.38525
481	3991.59277
482	4411.946
483	5284.792
484	6537.272
485	7663.87061
486	9148.364
487	9619.247
488	9492.004
489	9381.796
490	8608.406
491	8451.138
492	8050.47754
493	7383.44873
494	6876.72656
495	6026.63037
496	5979.574
497	5524.05029
498	5422.94
499	4812.315
500	4244.80127
501	3921.53735
502	3587.28662
503	3294.085
504	3068.94165
505	3096.959
506	2944.867
507	2814.79224
508	2932.86
509	2745.75366
510	2661.70825
511	2885.83276
512	2732.74658
513	2759.76147
514	2720.74
515	2780.77319
516	2845.80981
517	2829.80054
518	2664.71
519	2757.7605
520	2664.71
521	2577.66431
522	2657.7063
523	2678.71753
524	2654.70459
525	2826.79883
526	2735.74829
527	2821.79614
528	2941.86523
529	2810.78979
530	3004.90283
531	3038.92334
532	3084.95142
533	3453.19214
534	3478.20947
535	3572.276
536	3747.404
537	4510.033
538	5847.418
539	7808.09326
540	10798.6523
541	17587.8965
542	27472.334
543	34593.3945
544	35521.8828
545	36916.9531
546	38402.0938
547	28312.0059
548	15544.1367
549	12622.9209
550	11822.9668
551	10848.7607
552	10250.5
553	9388.81
554	7546.69238
555	6067.68
556	5158.66
557	4828.33057
558	4853.355
559	5035.53467
560	4977.47656
561	4885.38574
562	5071.57129
563	5113.614
564	4989.489
565	5211.71533
566	4972.47168
567	5075.575
568	5144.646
569	5192.69531
570	5011.51074
571	4929.429
572	5053.553
573	5296.80469
574	5193.69629
575	5679.224
576	6884.738
577	8299.885
578	8370.002
579	8920.953
580	9380.794
581	9165.39551
582	9082.244
583	9717.437
584	10510.0381
585	10586.1992
586	9817.632
587	10593.2139
588	11619.4912
589	10603.2354
590	8968.038
591	7757.014
592	7862.178
593	7988.378
594	8041.463
595	6753.559
596	6001.60059
597	5526.05273
598	5281.78857
599	5634.17334
600	6003.603
601	5751.30664
602	5270.77734
603	4562.08057
604	4467.99561
605	4650.16162
606	4450.98047
607	4418.952
608	4850.352
609	5676.2207
610	9197.454
611	18057.5684
612	30787.5938
613	30229.1973
614	19135.57
615	13103.1543
616	10815.6895
617	8199.72
618	6700.488
619	6155.7876
620	6239.892
621	6573.319
622	6497.21973
623	5897.47656
624	5435.954
625	4957.457
626	4569.087
627	4156.72754
628	4133.7085
629	4085.6687
630	4349.8916
631	5004.504
632	5305.814
633	4166.736
634	2488.61914
635	2365.55957
636	2242.50269
637	2018.40735
638	1883.35461
639	1883.35461
640	1751.30664
641	1823.3324
642	1757.30884
643	1761.31018
644	1711.29285
645	1760.30981
646	1594.25415
647	1699.2887
648	1600.2561
649	1697.28809
650	1848.34155
651	2092.43774
652	2016.40649
653	1665.27734
654	1574.2478
655	1486.22083
656	1322.1748
657	1312.17212
658	1446.20911
659	1258.15833
660	1242.1543
661	1145.1311
662	1425.20313
663	1436.2063
664	1368.18713
665	1105.12207
666	1064.11328
667	1111.12341
668	1184.14026
669	1089.11865
670	1144.13086
671	1086.11792
672	1055.11133
673	955.0912
674	1060.11243
675	1036.1073
676	975.0951
677	968.0937
678	1024.10486
679	1038.10779
680	1017.10345
681	990.098
682	913.0834
683	979.0959
684	962.0925
685	940.0884
686	893.0798
687	910.0828
688	1028.10571
689	1099.12085
690	1010.10205
691	861.074158
692	841.07074
693	820.067261
694	881.077637
695	943.0889
696	882.0778
697	885.0783
698	766.058655
699	729.053162
700	716.0513
</Group>
<Group>
RCQCSignal
1
451	
ExCorr	T636020166821878716
X	Y
250	0.02341802
251	0.0234088656
252	0.0234729536
253	0.0234882124
254	0.0232852679
255	0.02345159
256	0.02341802
257	0.023480583
258	0.02347448
259	0.02345617
260	0.0233691912
261	0.0233798735
262	0.0233875029
263	0.0234393831
264	0.02345922
265	0.023480583
266	0.0234470125
267	0.0234576948
268	0.0234103911
269	0.0234287027
270	0.0234287027
271	0.0234302282
272	0.023483634
273	0.0233081561
274	0.02345617
275	0.0233722441
276	0.0233493559
277	0.0233920813
278	0.0233829245
279	0.0234027617
280	0.0234409086
281	0.02347448
282	0.0233722441
283	0.0234973673
284	0.0234271772
285	0.02336614
286	0.02341802
287	0.0234302282
288	0.0234531164
289	0.0234363321
290	0.023445487
291	0.02341497
292	0.0233264659
293	0.0235233083
294	0.0233600363
295	0.02343328
296	0.0233981833
297	0.0233966578
298	0.0235172044
299	0.0234470125
300	0.0234027617
301	0.0235461965
302	0.02350805
303	0.0234058145
304	0.0233676657
305	0.02337377
306	0.0233493559
307	0.0233920813
308	0.02341802
309	0.023442436
310	0.023419546
311	0.0233798735
312	0.023381399
313	0.0234302282
314	0.02345617
315	0.0234225988
316	0.02341802
317	0.0233875029
318	0.02336309
319	0.0232928973
320	0.0234363321
321	0.023442436
322	0.0233035777
323	0.0233844519
324	0.0234683752
325	0.0234103911
326	0.0234393831
327	0.02347448
328	0.02350805
329	0.0234576948
330	0.023477532
331	0.02345159
332	0.0234088656
333	0.02341802
334	0.0235141534
335	0.0234287027
336	0.0234851614
337	0.0235034712
338	0.02335851
339	0.0233371481
340	0.0234042872
341	0.0234287027
342	0.0233752951
343	0.023442436
344	0.023419546
345	0.0234622713
346	0.0233524069
347	0.0234988946
348	0.0233844519
349	0.0234088656
350	0.02347448
351	0.0233981833
352	0.0233646147
353	0.02346685
354	0.0232990012
355	0.0233081561
356	0.0234653242
357	0.0235416181
358	0.0233707186
359	0.023445487
360	0.0234973673
361	0.0234241243
362	0.0234821085
363	0.0235660337
364	0.023448538
365	0.0234500654
366	0.0235309377
367	0.02347448
368	0.0234882124
369	0.0234637987
370	0.02346685
371	0.0235355161
372	0.02354925
373	0.0234622713
374	0.0235172044
375	0.0235156789
376	0.0233798735
377	0.0234134439
378	0.0234760046
379	0.023442436
380	0.02345922
381	0.0235416181
382	0.023477532
383	0.0235172044
384	0.0234576948
385	0.0236270688
386	0.02358587
387	0.0235324632
388	0.0235202555
389	0.02352636
390	0.02350805
391	0.0235782415
392	0.023416495
393	0.02349279
394	0.02347448
395	0.0235019457
396	0.0234760046
397	0.0236133356
398	0.023547722
399	0.0235919729
400	0.0235324632
401	0.0233890284
402	0.0235385671
403	0.0235339887
404	0.0234622713
405	0.0234683752
406	0.023506524
407	0.0234958418
408	0.0234851614
409	0.023544671
410	0.023506524
411	0.0234637987
412	0.0235049967
413	0.0235904474
414	0.0235248338
415	0.0235873964
416	0.0235889219
417	0.0235873964
418	0.0235980768
419	0.02341497
420	0.0235645082
421	0.0236209668
422	0.0235034712
423	0.0235614553
424	0.0236072335
425	0.0236285962
426	0.0235370416
427	0.0235919729
428	0.0235507749
429	0.02355993
430	0.0235172044
431	0.0235324632
432	0.0235049967
433	0.02350042
434	0.0234882124
435	0.0235873964
436	0.0235324632
437	0.0235721376
438	0.02357061
439	0.0235584043
440	0.023579767
441	0.0235889219
442	0.0234714281
443	0.0235873964
444	0.0236240178
445	0.0236713216
446	0.0235965513
447	0.0236072335
448	0.0236163884
449	0.0236163884
450	0.0234683752
451	0.0235141534
452	0.023608759
453	0.0235126261
454	0.0235202555
455	0.02360418
456	0.0236270688
457	0.023646906
458	0.02352636
459	0.0235553514
460	0.0236301217
461	0.0236133356
462	0.0234729536
463	0.0236255433
464	0.02350042
465	0.0235736631
466	0.0236163884
467	0.02360418
468	0.0236346982
469	0.02354925
470	0.0235294122
471	0.0235584043
472	0.0235202555
473	0.0235950258
474	0.0235873964
475	0.023710994
476	0.0236057062
477	0.023547722
478	0.023579767
479	0.0236270688
480	0.0235584043
481	0.0236072335
482	0.02358587
483	0.0236392766
484	0.0236591138
485	0.02345922
486	0.0235400926
487	0.0236346982
488	0.0235431455
489	0.0235950258
490	0.02358587
491	0.02368658
492	0.0236377511
493	0.02366064
494	0.0236026552
495	0.0236057062
496	0.023643855
497	0.0236163884
498	0.0236713216
499	0.0236896314
500	0.0236102846
501	0.0236484315
502	0.0235721376
503	0.0235690847
504	0.0236346982
505	0.0236987863
506	0.0235416181
507	0.0236224923
508	0.0235751886
509	0.0236331727
510	0.0234988946
511	0.02366369
512	0.02364538
513	0.0236652177
514	0.0235721376
515	0.02365301
516	0.0236301217
517	0.02361181
518	0.0235767141
519	0.0236133356
520	0.0237766076
521	0.0237399861
522	0.023582818
523	0.0236804765
524	0.0235950258
525	0.0236057062
526	0.0236774236
527	0.0235751886
528	0.02365301
529	0.0237216763
530	0.023678951
531	0.0236270688
532	0.0236804765
533	0.0235568788
534	0.02361944
535	0.0237232018
536	0.02368658
537	0.0236881059
538	0.02369726
539	0.0236728471
540	0.0236575883
541	0.02369421
542	0.0236102846
543	0.0236423276
544	0.0236621648
545	0.0236408021
546	0.02369726
547	0.0236026552
548	0.02370184
549	0.023784237
550	0.0237354077
551	0.02366064
552	0.023707943
553	0.02369421
554	0.0236591138
555	0.0236209668
556	0.02373846
557	0.0238025486
558	0.0236713216
559	0.0237338822
560	0.0236713216
561	0.0237689782
562	0.0236835275
563	0.023720149
564	0.02366369
565	0.023685053
566	0.0236392766
567	0.0235538259
568	0.0236621648
569	0.0236392766
570	0.02370184
571	0.0236758981
572	0.0236575883
573	0.0237155724
574	0.0236774236
575	0.02370489
576	0.0237689782
577	0.023643855
578	0.0235660337
579	0.0236804765
580	0.0236881059
581	0.0236987863
582	0.0237308312
583	0.02360113
584	0.0237140451
585	0.02370184
586	0.023710994
587	0.0236133356
588	0.0236255433
589	0.0237094685
590	0.0235812925
591	0.0237354077
592	0.023720149
593	0.0236575883
594	0.0236881059
595	0.0237750821
596	0.0237720311
597	0.0236621648
598	0.0236652177
599	0.0236346982
600	0.023685053
601	0.02364538
602	0.0236835275
603	0.0237323567
604	0.0236926824
605	0.023608759
606	0.0236514844
607	0.0236682687
608	0.0236392766
609	0.023707943
610	0.0236835275
611	0.0236697942
612	0.02368658
613	0.0236057062
614	0.0235965513
615	0.0237003136
616	0.02365301
617	0.0237659272
618	0.02374609
619	0.02369726
620	0.0236591138
621	0.0237033647
622	0.02375677
623	0.02364538
624	0.0237613488
625	0.0236728471
626	0.0237918664
627	0.0236774236
628	0.02374609
629	0.0236209668
630	0.0236835275
631	0.0237598233
632	0.0237369351
633	0.0236743726
634	0.0236621648
635	0.0237140451
636	0.0236926824
637	0.02377966
638	0.0237918664
639	0.02369421
640	0.0237827115
641	0.0236697942
642	0.0237338822
643	0.0237064157
644	0.0238132291
645	0.0237232018
646	0.0237415116
647	0.0236575883
648	0.0235980768
649	0.0237003136
650	0.023682002
651	0.0237170979
652	0.0237170979
653	0.0236224923
654	0.0236987863
655	0.0237170979
656	0.0237064157
657	0.0236224923
658	0.0237186234
659	0.0237964448
660	0.0236896314
661	0.0236987863
662	0.0237933937
663	0.0236545354
664	0.0238284878
665	0.0237277783
666	0.0237735566
667	0.02370489
668	0.0235980768
669	0.02368658
670	0.0237247273
671	0.0237140451
672	0.0236408021
673	0.0237323567
674	0.0237628743
675	0.02369726
676	0.0237964448
677	0.02369726
678	0.0237170979
679	0.0237628743
680	0.0237186234
681	0.0237689782
682	0.02357061
683	0.0237644
684	0.02375372
685	0.02375372
686	0.0237232018
687	0.0237232018
688	0.0236835275
689	0.0238193329
690	0.02369726
691	0.02373846
692	0.023749141
693	0.023678951
694	0.0237628743
695	0.0238513779
696	0.0237186234
697	0.02378729
698	0.0237186234
699	0.0238162819
700	0.0237369351
</Group>
</Session>
