<Session>
Acquisition 1 2016-06-17 15:22:46
<Group>
Detector1
1
451	
D1 600:250-700	T636017554186568996
X	Y
250	728.053
251	697.0486
252	677.045837
253	685.046936
254	681.0464
255	740.054749
256	680.046265
257	750.0563
258	727.052856
259	639.040833
260	727.052856
261	765.058533
262	829.0687
263	744.055359
264	719.0517
265	695.0483
266	705.0497
267	703.049438
268	818.0669
269	659.043457
270	726.052734
271	704.049561
272	650.042236
273	675.0456
274	715.051147
275	766.058655
276	680.046265
277	711.050537
278	708.0501
279	686.047058
280	690.0476
281	756.0571
282	725.052551
283	685.046936
284	663.043945
285	708.0501
286	725.052551
287	684.0468
288	668.0446
289	654.0428
290	779.060669
291	718.0516
292	711.050537
293	694.048157
294	704.049561
295	730.0533
296	692.0479
297	644.0415
298	759.0576
299	706.049866
300	677.045837
301	671.045044
302	754.0569
303	761.0579
304	741.054932
305	663.043945
306	771.059448
307	753.0567
308	691.0477
309	649.0421
310	685.046936
311	653.042664
312	717.0514
313	673.0453
314	708.0501
315	713.050842
316	753.0567
317	735.054
318	653.042664
319	731.053467
320	681.0464
321	718.0516
322	706.049866
323	762.058044
324	557.031
325	726.052734
326	721.052
327	766.058655
328	697.0486
329	697.0486
330	676.0457
331	651.042358
332	715.051147
333	651.042358
334	738.054443
335	637.0406
336	656.043
337	765.058533
338	658.0433
339	730.0533
340	713.050842
341	734.0539
342	682.0465
343	711.050537
344	658.0433
345	643.0413
346	693.048035
347	705.0497
348	669.044739
349	714.050964
350	650.042236
351	650.042236
352	751.0564
353	648.042
354	613.0376
355	739.0546
356	638.0407
357	679.0461
358	690.0476
359	637.0406
360	718.0516
361	743.055237
362	670.0449
363	669.044739
364	657.043152
365	695.0483
366	689.0475
367	631.0398
368	726.052734
369	733.0537
370	665.04425
371	649.0421
372	706.049866
373	779.060669
374	672.045166
375	644.0415
376	669.044739
377	632.0399
378	632.0399
379	598.035767
380	634.0402
381	688.047363
382	618.0382
383	618.0382
384	789.062256
385	685.046936
386	631.0398
387	707.05
388	722.0521
389	660.0436
390	622.0387
391	623.0388
392	724.0524
393	623.0388
394	730.0533
395	653.042664
396	652.042542
397	636.040466
398	625.039063
399	609.0371
400	696.048462
401	572.0327
402	689.0475
403	590.0348
404	689.0475
405	671.045044
406	554.0307
407	598.035767
408	628.0394
409	680.046265
410	645.0416
411	747.0558
412	707.05
413	666.0444
414	659.043457
415	721.052
416	681.0464
417	701.049133
418	650.042236
419	619.0383
420	765.058533
421	712.0507
422	650.042236
423	635.040344
424	615.037842
425	666.0444
426	704.049561
427	647.0419
428	697.0486
429	690.0476
430	750.0563
431	721.052
432	683.046631
433	689.0475
434	687.0472
435	640.040955
436	676.0457
437	684.0468
438	686.047058
439	717.0514
440	674.0454
441	664.044067
442	682.0465
443	671.045044
444	601.036133
445	600.036
446	706.049866
447	612.0375
448	617.0381
449	635.040344
450	655.0429
451	645.0416
452	546.0298
453	664.044067
454	684.0468
455	664.044067
456	645.0416
457	665.04425
458	698.0487
459	640.040955
460	723.0523
461	717.0514
462	668.0446
463	614.0377
464	660.0436
465	687.0472
466	686.047058
467	684.0468
468	720.0518
469	614.0377
470	625.039063
471	710.0504
472	688.047363
473	651.042358
474	628.0394
475	725.052551
476	718.0516
477	625.039063
478	675.0456
479	681.0464
480	652.042542
481	680.046265
482	687.0472
483	618.0382
484	609.0371
485	664.044067
486	719.0517
487	669.044739
488	664.044067
489	638.0407
490	670.0449
491	632.0399
492	659.043457
493	622.0387
494	710.0504
495	655.0429
496	683.046631
497	618.0382
498	654.0428
499	651.042358
500	647.0419
501	618.0382
502	643.0413
503	668.0446
504	675.0456
505	686.047058
506	669.044739
507	622.0387
508	637.0406
509	692.0479
510	658.0433
511	670.0449
512	703.049438
513	630.0397
514	665.04425
515	662.0438
516	620.038452
517	671.045044
518	656.043
519	694.048157
520	597.035645
521	694.048157
522	679.0461
523	680.046265
524	628.0394
525	733.0537
526	749.0561
527	724.0524
528	635.040344
529	674.0454
530	670.0449
531	702.049255
532	615.037842
533	653.042664
534	724.0524
535	667.0445
536	712.0507
537	720.0518
538	823.067749
539	835.0697
540	812.0659
541	695.0483
542	690.0476
543	746.055664
544	727.052856
545	626.0392
546	664.044067
547	618.0382
548	681.0464
549	624.03894
550	670.0449
551	733.0537
552	628.0394
553	667.0445
554	746.055664
555	666.0444
556	618.0382
557	665.04425
558	650.042236
559	633.0401
560	670.0449
561	611.037354
562	679.0461
563	572.0327
564	663.043945
565	637.0406
566	720.0518
567	616.037964
568	628.0394
569	665.04425
570	641.0411
571	651.042358
572	633.0401
573	589.034668
574	670.0449
575	732.0536
576	691.0477
577	632.0399
578	743.055237
579	701.049133
580	602.036255
581	741.054932
582	662.0438
583	658.0433
584	665.04425
585	664.044067
586	665.04425
587	661.0437
588	681.0464
589	715.051147
590	671.045044
591	634.0402
592	671.045044
593	649.0421
594	691.0477
595	701.049133
596	862.074341
597	1675.28064
598	4583.09961
599	8314.91
600	8756.663
601	5514.03955
602	2161.467
603	868.0754
604	702.049255
605	641.0411
606	706.049866
607	697.0486
608	714.050964
609	666.0444
610	673.0453
611	676.0457
612	639.040833
613	640.040955
614	676.0457
615	658.0433
616	677.045837
617	622.0387
618	560.0314
619	636.040466
620	709.0503
621	603.0364
622	667.0445
623	649.0421
624	722.0521
625	712.0507
626	619.0383
627	631.0398
628	688.047363
629	631.0398
630	631.0398
631	633.0401
632	602.036255
633	621.0386
634	652.042542
635	582.0339
636	680.046265
637	628.0394
638	608.037
639	683.046631
640	663.043945
641	641.0411
642	690.0476
643	664.044067
644	689.0475
645	719.0517
646	684.0468
647	667.0445
648	606.036743
649	633.0401
650	721.052
651	680.046265
652	640.040955
653	668.0446
654	597.035645
655	632.0399
656	653.042664
657	678.045959
658	659.043457
659	664.044067
660	680.046265
661	657.043152
662	692.0479
663	631.0398
664	673.0453
665	662.0438
666	715.051147
667	671.045044
668	612.0375
669	710.0504
670	547.0299
671	740.054749
672	639.040833
673	712.0507
674	733.0537
675	713.050842
676	644.0415
677	695.0483
678	747.0558
679	601.036133
680	622.0387
681	653.042664
682	686.047058
683	677.045837
684	719.0517
685	672.045166
686	632.0399
687	624.03894
688	760.057739
689	631.0398
690	646.041748
691	690.0476
692	669.044739
693	648.042
694	655.0429
695	655.0429
696	659.043457
697	668.0446
698	642.0412
699	666.0444
700	666.0444
</Group>
<Group>
RCQCSignal
1
451	
ExCorr	T636017554186568997
X	Y
250	0.0132295722
251	0.0133745326
252	0.0134538794
253	0.013376059
254	0.0133546963
255	0.013414206
256	0.0134081021
257	0.013376059
258	0.0134126805
259	0.0134340432
260	0.0134615088
261	0.0133684287
262	0.0133714806
263	0.0134294648
264	0.01330129
265	0.013344015
266	0.0134035246
267	0.0133653777
268	0.0133897914
269	0.0133958953
270	0.0133653777
271	0.0133653777
272	0.0133852139
273	0.0134615088
274	0.0134172579
275	0.0134233618
276	0.01338674
277	0.01332723
278	0.0133577473
279	0.0134447245
280	0.0132722976
281	0.0133897914
282	0.0134050511
283	0.0133638512
284	0.0133928433
285	0.013414206
286	0.0132982377
287	0.0134493019
288	0.01339437
289	0.0131929507
290	0.0134889754
291	0.0134843979
292	0.0134294648
293	0.0133226523
294	0.0133562218
295	0.013344015
296	0.0133775845
297	0.013350118
298	0.0134004727
299	0.0134019991
300	0.0133684287
301	0.0133333337
302	0.0133379111
303	0.0132829789
304	0.01338674
305	0.0133424886
306	0.0133653777
307	0.0134905009
308	0.0132570378
309	0.0134493019
310	0.0134370951
311	0.01335317
312	0.0133928433
313	0.0134309912
314	0.0134386206
315	0.0133897914
316	0.0134279393
317	0.0134401461
318	0.01329366
319	0.013382162
320	0.0134416725
321	0.0133852139
322	0.013347066
323	0.01329366
324	0.0133897914
325	0.0134035246
326	0.0132845044
327	0.013279927
328	0.0133669032
329	0.0134569313
330	0.0134401461
331	0.0133806365
332	0.013276875
333	0.0133318072
334	0.0134508274
335	0.0134065766
336	0.0134996567
337	0.0133806365
338	0.0132066831
339	0.0134081021
340	0.0135210194
341	0.0132463565
342	0.0134294648
343	0.0133852139
344	0.0134279393
345	0.013308919
346	0.0133150229
347	0.0133623257
348	0.0133730071
349	0.0133806365
350	0.0133623257
351	0.0132829789
352	0.0132997632
353	0.0134401461
354	0.0133730071
355	0.01337911
356	0.0133638512
357	0.0133775845
358	0.0133607993
359	0.0134248873
360	0.0133134965
361	0.0133287553
362	0.0133394366
363	0.0134599833
364	0.01344625
365	0.0134401461
366	0.0133516444
367	0.0133745326
368	0.0134050511
369	0.0133775845
370	0.0133073926
371	0.0134126805
372	0.0134279393
373	0.013311971
374	0.0134569313
375	0.0134355687
376	0.01342031
377	0.0134615088
378	0.0134065766
379	0.01347219
380	0.0133836884
381	0.0134019991
382	0.0133028151
383	0.0133974217
384	0.0133775845
385	0.0134966047
386	0.01332723
387	0.0132753495
388	0.0134019991
389	0.0134325167
390	0.0134019991
391	0.0133607993
392	0.0134386206
393	0.0133958953
394	0.0133379111
395	0.0133241778
396	0.0133363856
397	0.01339437
398	0.0132585643
399	0.0133577473
400	0.0134279393
401	0.0132753495
402	0.0132845044
403	0.013279927
404	0.0133623257
405	0.0133196
406	0.0133775845
407	0.0134309912
408	0.0133958953
409	0.0134523539
410	0.0134019991
411	0.013276875
412	0.01332723
413	0.0133257043
414	0.0134233618
415	0.0134477764
416	0.0133623257
417	0.0132814525
418	0.0133287553
419	0.0133806365
420	0.0133730071
421	0.0134615088
422	0.0133852139
423	0.0134004727
424	0.0134233618
425	0.0133638512
426	0.0133699551
427	0.0132280458
428	0.0134523539
429	0.01338674
430	0.01337911
431	0.01338674
432	0.0134431981
433	0.0132829789
434	0.0134554058
435	0.0132951858
436	0.0133546963
437	0.0134065766
438	0.0132784005
439	0.013411154
440	0.0134279393
441	0.0133546963
442	0.0133806365
443	0.0133974217
444	0.0134401461
445	0.0134233618
446	0.0134660872
447	0.013350118
448	0.0134233618
449	0.0134325167
450	0.0133577473
451	0.0133836884
452	0.0134554058
453	0.0134584578
454	0.013311971
455	0.0132692456
456	0.013414206
457	0.0133241778
458	0.0133363856
459	0.0133257043
460	0.0134187834
461	0.0134508274
462	0.0134279393
463	0.0134508274
464	0.0133653777
465	0.0133363856
466	0.0135027086
467	0.0134935528
468	0.0134019991
469	0.0134676127
470	0.0134447245
471	0.0134019991
472	0.013414206
473	0.0133958953
474	0.0134569313
475	0.0133623257
476	0.013481346
477	0.0134157324
478	0.0134157324
479	0.0133897914
480	0.0133669032
481	0.0133775845
482	0.0133913178
483	0.0133196
484	0.0134126805
485	0.013376059
486	0.0134645607
487	0.0134706646
488	0.0134538794
489	0.0135027086
490	0.0133028151
491	0.01338674
492	0.0134279393
493	0.0133623257
494	0.0133455405
495	0.0132982377
496	0.0134554058
497	0.0134248873
498	0.0134523539
499	0.0133485924
500	0.0133958953
501	0.0133714806
502	0.0133394366
503	0.0133028151
504	0.0133897914
505	0.0133745326
506	0.0133333337
507	0.013382162
508	0.0133852139
509	0.0133607993
510	0.0134370951
511	0.01339437
512	0.0134798195
513	0.01348745
514	0.0134050511
515	0.0132753495
516	0.0134416725
517	0.0133928433
518	0.0133455405
519	0.0134737166
520	0.0133485924
521	0.0133363856
522	0.0135057606
523	0.0134905009
524	0.013376059
525	0.0134630352
526	0.0135072861
527	0.0134157324
528	0.0134508274
529	0.013350118
530	0.0134187834
531	0.0133958953
532	0.0133546963
533	0.0134233618
534	0.0132906083
535	0.0134309912
536	0.0134264138
537	0.0133928433
538	0.01342031
539	0.0134477764
540	0.0134447245
541	0.0134355687
542	0.0133363856
543	0.01332723
544	0.0133928433
545	0.01338674
546	0.0132951858
547	0.0134233618
548	0.0134798195
549	0.01337911
550	0.0133150229
551	0.0133318072
552	0.0133928433
553	0.0133318072
554	0.0133775845
555	0.013311971
556	0.0133379111
557	0.0134065766
558	0.0133073926
559	0.01338674
560	0.0134447245
561	0.0134660872
562	0.0132951858
563	0.013347066
564	0.0133684287
565	0.01332723
566	0.0133897914
567	0.0133409631
568	0.0134554058
569	0.0133730071
570	0.01338674
571	0.0133989472
572	0.0135576408
573	0.0135042341
574	0.0133989472
575	0.013376059
576	0.0133546963
577	0.0134355687
578	0.0133196
579	0.0133958953
580	0.0134340432
581	0.0133348592
582	0.0133607993
583	0.0134081021
584	0.0134599833
585	0.0134340432
586	0.0133150229
587	0.0133562218
588	0.0133409631
589	0.0133699551
590	0.0133882659
591	0.0132845044
592	0.0132906083
593	0.0132707711
594	0.013308919
595	0.0132845044
596	0.0134706646
597	0.0133028151
598	0.0133196
599	0.013347066
600	0.0133775845
601	0.0133287553
602	0.013414206
603	0.0133882659
604	0.0133455405
605	0.0132875564
606	0.0134019991
607	0.01328603
608	0.013414206
609	0.0134569313
610	0.0132982377
611	0.0133897914
612	0.0133302817
613	0.01339437
614	0.0135072861
615	0.013411154
616	0.0132722976
617	0.0134416725
618	0.0134294648
619	0.01335317
620	0.01335317
621	0.013311971
622	0.0133546963
623	0.0134050511
624	0.0133104445
625	0.0134233618
626	0.0133562218
627	0.0133669032
628	0.0132585643
629	0.0134065766
630	0.0133882659
631	0.0134706646
632	0.0133684287
633	0.0133714806
634	0.0133302817
635	0.0132784005
636	0.0134264138
637	0.0133211259
638	0.0134264138
639	0.0133257043
640	0.0133577473
641	0.0133607993
642	0.01337911
643	0.0133852139
644	0.0132326242
645	0.0133196
646	0.0134905009
647	0.0134645607
648	0.0134081021
649	0.0133684287
650	0.0132280458
651	0.0132829789
652	0.0133363856
653	0.0133806365
654	0.0132784005
655	0.0132814525
656	0.01323415
657	0.013276875
658	0.013350118
659	0.0133226523
660	0.0132906083
661	0.01335317
662	0.0133806365
663	0.0133043416
664	0.0134126805
665	0.0134019991
666	0.0133150229
667	0.0133150229
668	0.0132280458
669	0.0133516444
670	0.0133409631
671	0.013347066
672	0.0133211259
673	0.0132478829
674	0.013376059
675	0.0134538794
676	0.01335317
677	0.0133409631
678	0.01337911
679	0.0133348592
680	0.0132967113
681	0.013347066
682	0.0133257043
683	0.0133226523
684	0.0134035246
685	0.013347066
686	0.013180743
687	0.013350118
688	0.013411154
689	0.0134615088
690	0.0133058671
691	0.0133180739
692	0.0134401461
693	0.0133104445
694	0.0133714806
695	0.0134538794
696	0.0133562218
697	0.0132753495
698	0.0133287553
699	0.0133348592
700	0.0133485924
</Group>
</Session>
