<Session>
Acquisition 1 2016-06-17 15:13:03
<Group>
Detector1
1
451	
D1 500:250-700	T636017554186568313
X	Y
250	756.0571
251	661.0437
252	598.035767
253	707.05
254	705.0497
255	702.049255
256	718.0516
257	649.0421
258	672.045166
259	683.046631
260	671.045044
261	705.0497
262	730.0533
263	728.053
264	754.0569
265	697.0486
266	732.0536
267	795.063232
268	666.0444
269	732.0536
270	680.046265
271	685.046936
272	677.045837
273	717.0514
274	653.042664
275	714.050964
276	711.050537
277	764.05835
278	743.055237
279	693.048035
280	688.047363
281	658.0433
282	660.0436
283	747.0558
284	786.061768
285	670.0449
286	747.0558
287	701.049133
288	745.0555
289	763.0582
290	745.0555
291	672.045166
292	721.052
293	697.0486
294	702.049255
295	659.043457
296	721.052
297	736.0542
298	712.0507
299	678.045959
300	744.055359
301	696.048462
302	655.0429
303	719.0517
304	637.0406
305	615.037842
306	685.046936
307	703.049438
308	717.0514
309	667.0445
310	657.043152
311	622.0387
312	725.052551
313	737.0543
314	731.053467
315	642.0412
316	654.0428
317	760.057739
318	737.0543
319	733.0537
320	801.064148
321	742.055054
322	723.0523
323	716.0513
324	719.0517
325	731.053467
326	711.050537
327	720.0518
328	720.0518
329	725.052551
330	696.048462
331	682.0465
332	715.051147
333	683.046631
334	734.0539
335	664.044067
336	704.049561
337	691.0477
338	652.042542
339	717.0514
340	731.053467
341	648.042
342	699.0489
343	806.064941
344	648.042
345	675.0456
346	698.0487
347	697.0486
348	612.0375
349	589.034668
350	662.0438
351	652.042542
352	621.0386
353	675.0456
354	678.045959
355	709.0503
356	692.0479
357	664.044067
358	711.050537
359	678.045959
360	600.036
361	732.0536
362	720.0518
363	676.0457
364	717.0514
365	609.0371
366	648.042
367	729.053162
368	667.0445
369	658.0433
370	715.051147
371	680.046265
372	601.036133
373	659.043457
374	692.0479
375	666.0444
376	685.046936
377	717.0514
378	670.0449
379	731.053467
380	684.0468
381	618.0382
382	656.043
383	718.0516
384	719.0517
385	660.0436
386	682.0465
387	587.0345
388	618.0382
389	602.036255
390	641.0411
391	678.045959
392	636.040466
393	697.0486
394	610.037231
395	643.0413
396	683.046631
397	669.044739
398	718.0516
399	726.052734
400	642.0412
401	608.037
402	618.0382
403	647.0419
404	715.051147
405	630.0397
406	623.0388
407	647.0419
408	685.046936
409	587.0345
410	630.0397
411	646.041748
412	652.042542
413	691.0477
414	626.0392
415	668.0446
416	684.0468
417	694.048157
418	609.0371
419	618.0382
420	659.043457
421	624.03894
422	635.040344
423	679.0461
424	676.0457
425	629.039551
426	705.0497
427	636.040466
428	692.0479
429	736.0542
430	757.0573
431	685.046936
432	632.0399
433	691.0477
434	659.043457
435	655.0429
436	701.049133
437	617.0381
438	636.040466
439	656.043
440	706.049866
441	694.048157
442	647.0419
443	680.046265
444	631.0398
445	714.050964
446	646.041748
447	614.0377
448	704.049561
449	712.0507
450	760.057739
451	618.0382
452	621.0386
453	660.0436
454	618.0382
455	639.040833
456	603.0364
457	641.0411
458	660.0436
459	608.037
460	657.043152
461	707.05
462	679.0461
463	623.0388
464	676.0457
465	690.0476
466	700.049
467	645.0416
468	632.0399
469	668.0446
470	632.0399
471	664.044067
472	637.0406
473	704.049561
474	652.042542
475	634.0402
476	738.054443
477	634.0402
478	660.0436
479	750.0563
480	655.0429
481	691.0477
482	707.05
483	645.0416
484	654.0428
485	635.040344
486	730.0533
487	674.0454
488	669.044739
489	614.0377
490	654.0428
491	691.0477
492	662.0438
493	672.045166
494	719.0517
495	886.0785
496	1648.27161
497	7358.412
498	22638.1719
499	39902.8
500	39704.2266
501	20997.0254
502	6832.6665
503	1381.1908
504	685.046936
505	648.042
506	635.040344
507	642.0412
508	665.04425
509	643.0413
510	618.0382
511	653.042664
512	663.043945
513	617.0381
514	650.042236
515	622.0387
516	632.0399
517	672.045166
518	650.042236
519	641.0411
520	658.0433
521	615.037842
522	589.034668
523	592.035034
524	680.046265
525	658.0433
526	663.043945
527	667.0445
528	694.048157
529	649.0421
530	678.045959
531	648.042
532	651.042358
533	703.049438
534	710.0504
535	664.044067
536	716.0513
537	755.057
538	826.068237
539	789.062256
540	714.050964
541	744.055359
542	709.0503
543	750.0563
544	704.049561
545	717.0514
546	670.0449
547	676.0457
548	607.036865
549	633.0401
550	681.0464
551	639.040833
552	699.0489
553	677.045837
554	700.049
555	699.0489
556	714.050964
557	642.0412
558	678.045959
559	597.035645
560	666.0444
561	617.0381
562	722.0521
563	714.050964
564	649.0421
565	706.049866
566	599.0359
567	655.0429
568	586.034363
569	696.048462
570	663.043945
571	626.0392
572	641.0411
573	650.042236
574	660.0436
575	667.0445
576	720.0518
577	657.043152
578	666.0444
579	681.0464
580	691.0477
581	652.042542
582	740.054749
583	711.050537
584	613.0376
585	635.040344
586	673.0453
587	715.051147
588	610.037231
589	735.054
590	670.0449
591	729.053162
592	637.0406
593	646.041748
594	675.0456
595	688.047363
596	704.049561
597	707.05
598	646.041748
599	617.0381
600	607.036865
601	669.044739
602	646.041748
603	654.0428
604	670.0449
605	608.037
606	713.050842
607	708.0501
608	718.0516
609	679.0461
610	693.048035
611	619.0383
612	777.060364
613	600.036
614	695.0483
615	656.043
616	680.046265
617	665.04425
618	662.0438
619	606.036743
620	666.0444
621	678.045959
622	624.03894
623	680.046265
624	640.040955
625	649.0421
626	739.0546
627	611.037354
628	614.0377
629	587.0345
630	642.0412
631	681.0464
632	642.0412
633	652.042542
634	633.0401
635	682.0465
636	660.0436
637	650.042236
638	726.052734
639	657.043152
640	691.0477
641	590.0348
642	614.0377
643	637.0406
644	617.0381
645	694.048157
646	598.035767
647	664.044067
648	652.042542
649	598.035767
650	683.046631
651	652.042542
652	559.03125
653	625.039063
654	612.0375
655	592.035034
656	664.044067
657	597.035645
658	631.0398
659	665.04425
660	703.049438
661	651.042358
662	625.039063
663	637.0406
664	668.0446
665	630.0397
666	635.040344
667	667.0445
668	631.0398
669	715.051147
670	668.0446
671	745.0555
672	699.0489
673	640.040955
674	657.043152
675	677.045837
676	675.0456
677	610.037231
678	661.0437
679	658.0433
680	661.0437
681	649.0421
682	727.052856
683	621.0386
684	783.06134
685	681.0464
686	688.047363
687	551.030334
688	588.0346
689	703.049438
690	677.045837
691	667.0445
692	632.0399
693	694.048157
694	674.0454
695	610.037231
696	667.0445
697	679.0461
698	674.0454
699	649.0421
700	721.052
</Group>
<Group>
RCQCSignal
1
451	
ExCorr	T636017554186568314
X	Y
250	0.01473106
251	0.0147432666
252	0.0146318758
253	0.0145769436
254	0.014753948
255	0.0145159075
256	0.0146257728
257	0.0146028837
258	0.01465629
259	0.0146028837
260	0.0146547649
261	0.0146593424
262	0.0145616848
263	0.0146852825
264	0.0146089876
265	0.0146669718
266	0.01463035
267	0.0145571074
268	0.0146257728
269	0.0146929119
270	0.0147341117
271	0.0145922024
272	0.0145571074
273	0.014715801
274	0.0145418476
275	0.0145571074
276	0.0146074621
277	0.0145571074
278	0.0145418476
279	0.0145784691
280	0.01456321
281	0.0146089876
282	0.0146410316
283	0.0146196689
284	0.01460441
285	0.0146028837
286	0.014514382
287	0.0146211945
288	0.0145326927
289	0.0145967808
290	0.0146349277
291	0.0146334022
292	0.0146456091
293	0.0145906769
294	0.014549477
295	0.0146272983
296	0.0145006487
297	0.01456321
298	0.0146227209
299	0.0145830475
300	0.0146288238
301	0.01466392
302	0.0146257728
303	0.01463798
304	0.0145616848
305	0.0146623943
306	0.0146395052
307	0.0145983063
308	0.0146196689
309	0.0146211945
310	0.0145433741
311	0.0146425571
312	0.0145830475
313	0.0146242464
314	0.0145967808
315	0.0145906769
316	0.0145647367
317	0.01469749
318	0.0146196689
319	0.01466392
320	0.0146059357
321	0.0145555809
322	0.0146272983
323	0.0145784691
324	0.0146211945
325	0.0145601584
326	0.0146456091
327	0.0145769436
328	0.01457084
329	0.0145952543
330	0.0145738916
331	0.01453727
332	0.014546426
333	0.0146028837
334	0.0146654462
335	0.0145693142
336	0.0145937288
337	0.0146746011
338	0.0146288238
339	0.0146684982
340	0.0144670783
341	0.0142214084
342	0.0141481655
343	0.0140749216
344	0.0142000457
345	0.0141481655
346	0.0142916
347	0.0141969938
348	0.0142687112
349	0.0142290378
350	0.0141481655
351	0.014213779
352	0.0141847869
353	0.0142504005
354	0.0142381936
355	0.0142092016
356	0.014213779
357	0.014312963
358	0.0141527429
359	0.0144029912
360	0.0141664762
361	0.0141741056
362	0.0143907834
363	0.0141344322
364	0.014178683
365	0.0141832605
366	0.0142442966
367	0.0141725792
368	0.0141618978
369	0.0142122526
370	0.0142259859
371	0.0142305642
372	0.0143297473
373	0.0142916
374	0.014248875
375	0.0141252764
376	0.0141954683
377	0.0141863124
378	0.0142290378
379	0.0142107271
380	0.0142595563
381	0.0142107271
382	0.0141969938
383	0.0140871294
384	0.0141863124
385	0.01420615
386	0.0142534524
387	0.0141741056
388	0.0142183565
389	0.0141008617
390	0.01416495
391	0.0141893644
392	0.014178683
393	0.0142549779
394	0.0141741056
395	0.0142198829
396	0.0142000457
397	0.0141023882
398	0.0142351417
399	0.01428397
400	0.0142290378
401	0.0142427711
402	0.014248875
403	0.0141695281
404	0.0142427711
405	0.0141603723
406	0.014178683
407	0.0141680017
408	0.01420615
409	0.0141405351
410	0.0142198829
411	0.0141557949
412	0.014181735
413	0.0141100176
414	0.0142092016
415	0.01423209
416	0.0142107271
417	0.01413901
418	0.0141695281
419	0.01413901
420	0.0142397191
421	0.0141847869
422	0.0141527429
423	0.014181735
424	0.0142229339
425	0.014117647
426	0.014178683
427	0.0142015712
428	0.014076448
429	0.0141847869
430	0.0141527429
431	0.014319066
432	0.0141298547
433	0.014319066
434	0.0141847869
435	0.0140932323
436	0.0141557949
437	0.0142397191
438	0.0142000457
439	0.0141206989
440	0.0142183565
441	0.0141405351
442	0.0142793925
443	0.0142305642
444	0.0142076751
445	0.0142366672
446	0.0141618978
447	0.0141878389
448	0.0142305642
449	0.0141268028
450	0.0141756311
451	0.0141344322
452	0.014178683
453	0.0142229339
454	0.0141542684
455	0.0141924163
456	0.0141603723
457	0.014117647
458	0.0141908908
459	0.0142153045
460	0.0141710537
461	0.0142473485
462	0.014216831
463	0.0142824445
464	0.0141618978
465	0.01416495
466	0.014181735
467	0.01415732
468	0.01416495
469	0.0142107271
470	0.01416495
471	0.0142122526
472	0.0142229339
473	0.0142641338
474	0.0142427711
475	0.0141359577
476	0.01428397
477	0.0141557949
478	0.0141939418
479	0.0141802095
480	0.0142549779
481	0.0142732887
482	0.0142442966
483	0.0142092016
484	0.0142900739
485	0.0141908908
486	0.0141725792
487	0.01425803
488	0.0141939418
489	0.0142397191
490	0.0141756311
491	0.0141878389
492	0.0142030977
493	0.0142092016
494	0.014245823
495	0.0142412456
496	0.0142183565
497	0.0141802095
498	0.014146639
499	0.0141969938
500	0.0141725792
501	0.0141771575
502	0.0142122526
503	0.0141832605
504	0.0141329058
505	0.0141512165
506	0.0141420616
507	0.0142183565
508	0.014178683
509	0.0142656593
510	0.0142412456
511	0.0140688187
512	0.01419852
513	0.0141603723
514	0.01415732
515	0.0141710537
516	0.0142275123
517	0.0141664762
518	0.01406424
519	0.0141634243
520	0.0142015712
521	0.01410544
522	0.0141756311
523	0.0142000457
524	0.0140993362
525	0.014245823
526	0.0142381936
527	0.0141603723
528	0.0141695281
529	0.0142397191
530	0.0141863124
531	0.0141954683
532	0.0141557949
533	0.0142351417
534	0.0141847869
535	0.014213779
536	0.0141908908
537	0.01413138
538	0.0143083846
539	0.0141969938
540	0.0142107271
541	0.0141023882
542	0.014181735
543	0.01413138
544	0.0141374841
545	0.0143022817
546	0.0142153045
547	0.0141939418
548	0.0142534524
549	0.0142656593
550	0.0141512165
551	0.0141359577
552	0.0141222244
553	0.0140947588
554	0.0141954683
555	0.0140321963
556	0.0140703442
557	0.0141603723
558	0.0141618978
559	0.01409018
560	0.0142183565
561	0.0142381936
562	0.0141283283
563	0.0140291443
564	0.014178683
565	0.0141725792
566	0.0141008617
567	0.0142214084
568	0.0141939418
569	0.01413901
570	0.0141741056
571	0.0140749216
572	0.0141100176
573	0.0141756311
574	0.0143297473
575	0.0142229339
576	0.0141542684
577	0.0141664762
578	0.0141695281
579	0.0141451135
580	0.0141329058
581	0.0141512165
582	0.0141893644
583	0.0141268028
584	0.0141481655
585	0.0142290378
586	0.0142336152
587	0.0141924163
588	0.01416495
589	0.0141939418
590	0.0141893644
591	0.0141100176
592	0.0140978107
593	0.0141161215
594	0.0141481655
595	0.0140749216
596	0.0142397191
597	0.0141329058
598	0.0141344322
599	0.0142504005
600	0.0141939418
601	0.0140611883
602	0.0140749216
603	0.0141832605
604	0.0141359577
605	0.0141924163
606	0.0140932323
607	0.0141969938
608	0.0141252764
609	0.0141756311
610	0.0141847869
611	0.0141298547
612	0.014245823
613	0.014114595
614	0.014117647
615	0.01413138
616	0.0140596628
617	0.0142030977
618	0.0142076751
619	0.0141206989
620	0.0141023882
621	0.0140962843
622	0.0140962843
623	0.0141954683
624	0.0141512165
625	0.01413901
626	0.0142351417
627	0.014216831
628	0.0141557949
629	0.0141206989
630	0.0141222244
631	0.0141908908
632	0.0141924163
633	0.0142336152
634	0.0141237509
635	0.0141435871
636	0.0142381936
637	0.0142122526
638	0.0142656593
639	0.0141451135
640	0.0141161215
641	0.0142015712
642	0.0142763406
643	0.014149691
644	0.0140886549
645	0.0141664762
646	0.0141664762
647	0.0141878389
648	0.01413901
649	0.0141344322
650	0.0141924163
651	0.0141222244
652	0.0141878389
653	0.014280919
654	0.0141756311
655	0.0141512165
656	0.0141298547
657	0.014146639
658	0.0142732887
659	0.0141206989
660	0.01413901
661	0.0142046232
662	0.0141542684
663	0.0141435871
664	0.0142122526
665	0.01425803
666	0.0141527429
667	0.0140947588
668	0.0141908908
669	0.0142305642
670	0.0141908908
671	0.0141557949
672	0.0141527429
673	0.0141954683
674	0.0142107271
675	0.0141893644
676	0.0141329058
677	0.0141863124
678	0.0141039137
679	0.0141695281
680	0.0141969938
681	0.0141100176
682	0.0141588468
683	0.0141634243
684	0.0141329058
685	0.0141344322
686	0.0142351417
687	0.0142671857
688	0.0141374841
689	0.014245823
690	0.0141374841
691	0.0141924163
692	0.0141924163
693	0.0141664762
694	0.014146639
695	0.0141680017
696	0.0141069656
697	0.0140856029
698	0.0142397191
699	0.0141527429
700	0.0141359577
</Group>
</Session>
