<Session>
Acquisition 1 2016-08-03 13:54:51
<Group>
Detector1
2
201		201	
D1 337:300-500	T636058240676096132	D1 337:300-500 [COR]	T636058240676096134
X	Y	X	Y
300	96.41687	300	181.3442
301	-17.605957	301	-33.5881233
302	46.4064941	302	89.5390854
303	-11.6047974	303	-22.431778
304	58.4089355	304	113.083305
305	1.397644	305	2.70467734
306	53.40796	306	103.195663
307	-67.61511	307	-129.664536
308	-48.6116943	308	-92.53362
309	27.40271	309	51.64185
310	-2.60308838	310	-4.85705
311	31.4035034	311	58.37083
312	63.4099731	312	117.359009
313	-35.609314	313	-64.87267
314	-26.607666	314	-47.71638
315	91.41577	315	164.367783
316	-2.60308838	316	-4.69137764
317	94.41638	317	168.614929
318	-8.604248	318	-15.2234678
319	40.4053345	319	70.48435
320	76.4126	320	131.388382
321	78.4130859	321	133.85878
322	99.41748	322	168.5116
323	98.41724	323	166.857468
324	102.418091	324	173.664154
325	161.43103	325	271.992035
326	212.442627	326	355.614716
327	451.5044	327	755.473
328	1489.90515	328	2494.12646
329	4297.06738	329	7104.25732
330	11475.7568	330	18729.873
331	23668.8613	331	38600.76
332	39743.53	332	64750.86
333	54622.0977	333	89695.8359
334	66059.46	334	109344.8
335	65439.2422	335	107077.859
336	55233.9	336	89353.95
337	38026.9063	337	61722.87
338	21424.334	338	34890.625
339	9407.045	339	15270.0928
340	3674.45215	340	5943.78857
341	1571.94617	341	2546.434
342	1378.85217	342	2236.68652
343	1232.786	343	1995.37134
344	1295.81384	344	2096.02881
345	1254.79553	345	2031.044
346	1408.86633	346	2278.845
347	1511.91614	347	2429.64624
348	1711.01843	348	2732.66431
349	1840.089	349	2903.07275
350	1876.10925	350	2924.05957
351	1859.09973	351	2881.50879
352	2149.27148	352	3311.4353
353	2115.25049	353	3233.80029
354	2143.268	354	3250.79761
355	2202.30469	355	3347.15845
356	2183.293	356	3326.14868
357	2166.28223	357	3280.51782
358	2389.42676	358	3598.06641
359	2391.42822	359	3570.63
360	2284.35742	360	3382.88647
361	2335.39063	361	3470.393
362	2256.33936	362	3364.58228
363	2202.30469	363	3273.742
364	2217.31445	364	3284.31738
365	2443.46338	365	3617.482
366	2285.358	366	3379.946
367	2237.32715	367	3306.99365
368	2163.28027	368	3195.875
369	2196.30127	369	3242.50854
370	2289.36084	370	3376.904
371	2123.25537	371	3132.07324
372	2334.39014	372	3443.296
373	2097.23975	373	3096.02026
374	2185.294	374	3228.50513
375	2163.28027	375	3205.87964
376	2063.21875	376	3066.3457
377	1986.173	377	2964.918
378	2234.3252	378	3351.77563
379	2002.1825	379	2990.29785
380	2028.19788	380	3016.2793
381	1981.17	381	2937.3833
382	1847.0929	382	2731.454
383	1842.09021	383	2722.05029
384	1884.11389	384	2787.55078
385	1694.0094	385	2507.85352
386	1661.99255	386	2461.40747
387	1762.046	387	2590.8606
388	1732.02966	388	2528.12817
389	1663.99353	389	2425.75732
390	1430.87659	390	2082.97314
391	1505.91321	391	2188.45264
392	1498.90979	392	2173.952
393	1259.79773	393	1825.642
394	1409.86658	394	2041.39209
395	1349.8385	395	1941.737
396	1279.80676	396	1829.13281
397	1263.79968	397	1807.51123
398	1288.81091	398	1844.1283
399	1164.75647	399	1661.62964
400	1062.71423	400	1511.71619
401	1194.76941	401	1691.7019
402	1203.77332	402	1696.47253
403	1148.74988	403	1619.07031
404	1000.68958	404	1410.489
405	1116.73645	405	1570.10474
406	919.658447	406	1289.98279
407	826.6244	407	1159.43115
408	858.635864	408	1207.51563
409	875.6421	409	1226.096
410	806.6172	410	1126.88428
411	734.5923	411	1024.51233
412	664.5691	412	924.208069
413	663.5687	413	921.792
414	510.521484	414	708.5097
415	597.5477	415	824.2935
416	640.5614	416	878.3615
417	614.5531	417	844.118652
418	522.525	418	718.8218
419	490.515625	419	671.834045
420	588.5449	420	802.4041
421	527.5265	421	721.8051
422	423.496582	422	581.359253
423	480.5127	423	661.21875
424	437.5005	424	603.434143
425	427.497681	425	587.402039
426	335.473022	426	459.3772
427	506.520264	427	695.834961
428	436.500244	428	601.5631
429	335.473022	429	462.138977
430	458.506348	430	631.3304
431	392.488159	431	542.4294
432	356.478516	432	494.480469
433	334.472778	433	465.350525
434	163.4314	434	228.057724
435	189.437378	435	265.103851
436	229.446655	436	322.083557
437	249.451538	437	350.922241
438	149.428345	438	210.66037
439	214.443115	439	302.721741
440	255.453	440	361.126617
441	136.425415	441	194.362
442	92.4160156	442	132.557083
443	254.452759	443	365.221039
444	127.423462	444	183.303589
445	124.422852	445	179.1841
446	199.4397	446	287.923828
447	162.431152	447	235.291763
448	73.41199	448	107.186127
449	153.4292	449	224.427948
450	140.42627	450	205.6293
451	133.4248	451	196.192734
452	130.424072	452	192.572433
453	67.41077	453	99.72121
454	9.399231	454	13.929081
455	115.4209	455	171.740234
456	42.4057	456	63.3348236
457	32.4037476	457	48.58357
458	88.41516	458	133.120575
459	102.418091	459	154.409531
460	102.418091	460	154.712662
461	-28.6080322	461	-43.40517
462	59.40912	462	90.529274
463	65.4104	463	100.087944
464	72.4118652	464	111.28656
465	146.427612	465	226.282883
466	31.4035034	466	48.79798
467	61.4095459	467	95.49927
468	-26.607666	468	-41.40242
469	42.4057	469	66.32105
470	23.4019165	470	36.77261
471	-61.6140747	471	-97.37391
472	-3.60327148	472	-5.72295427
473	35.4042969	473	56.425766
474	-27.60785	474	-44.1293
475	70.41138	475	113.416443
476	35.4042969	476	57.54434
477	-54.612793	477	-89.32767
478	-64.61456	478	-106.041039
479	-92.61951	479	-152.572708
480	46.4064941	480	76.7353
481	-37.60968	481	-62.4675674
482	18.40094	482	30.656805
483	7.39880371	483	12.3631411
484	-51.6122437	484	-86.51535
485	51.40753	485	86.6858
486	77.41284	486	131.29892
487	92.4160156	487	157.454041
488	16.4005737	488	28.0720081
489	25.4023438	489	43.7289848
490	57.4087524	490	99.3669357
491	-28.6080322	491	-49.8633
492	1.397644	492	2.45268583
493	-29.6082153	493	-52.1670876
494	22.4017334	494	39.6277237
495	-67.61511	495	-120.277359
496	35.4042969	496	63.3452377
497	-39.6100464	497	-71.42338
498	-103.6214	498	-188.2881
499	-68.6152954	499	-125.027733
500	-39.6100464	500	-72.38667
</Group>
<Group>
RCQCSignal
1
201	
ExCorr	T636058240676096133
X	Y
300	0.820883155
301	0.8196609
302	0.82070154
303	0.820780933
304	0.821044862
305	0.8205551
306	0.8209396
307	0.8209808
308	0.8208633
309	0.8209884
310	0.8209838
311	0.820758045
312	0.820883155
313	0.8211319
314	0.8211364
315	0.821040332
316	0.8211639
317	0.8210571
318	0.821040332
319	0.820959449
320	0.8209274
321	0.8210037
322	0.8209579
323	0.820954859
324	0.8210434
325	0.82094115
326	0.8209304
327	0.821433961
328	0.8212112
329	0.8210388
330	0.82107234
331	0.8209838
332	0.8210922
333	0.8211227
334	0.821037233
335	0.821170032
336	0.8211044
337	0.821090639
338	0.8210693
339	0.8210464
340	0.8212127
341	0.821142554
342	0.821130335
343	0.821241736
344	0.820083559
345	0.8198135
346	0.8206634
347	0.820982337
348	0.820994556
349	0.8211807
350	0.8212066
351	0.8210601
352	0.8212295
353	0.821141
354	0.8211227
355	0.821339369
356	0.821276844
357	0.8213653
358	0.821141
359	0.8212799
360	0.8211273
361	0.8211288
362	0.821098268
363	0.820994556
364	0.8212402
365	0.8211135
366	0.8214172
367	0.821299732
368	0.8211349
369	0.8211548
370	0.821357667
371	0.821296632
372	0.8213379
373	0.8213562
374	0.8214096
375	0.821250856
376	0.821276844
377	0.82132566
378	0.820954859
379	0.8209671
380	0.820834339
381	0.8210388
382	0.8208801
383	0.821786463
384	0.821084559
385	0.8210067
386	0.8211227
387	0.8210617
388	0.8210617
389	0.8210235
390	0.821109
391	0.821008265
392	0.8211288
393	0.8211273
394	0.821137965
395	0.821121156
396	0.821008265
397	0.821000636
398	0.8211868
399	0.8212295
400	0.821156263
401	0.8212448
402	0.821360767
403	0.82132107
404	0.821296632
405	0.8214004
406	0.8213638
407	0.8213226
408	0.8190765
409	0.820848048
410	0.8209167
411	0.8205322
412	0.821089149
413	0.8212341
414	0.821250856
415	0.8214706
416	0.821614
417	0.8214584
418	0.8214172
419	0.821405
420	0.821548462
421	0.821455359
422	0.8216232
423	0.8215393
424	0.8215164
425	0.821720839
426	0.821612537
427	0.8216369
428	0.821672
429	0.8215744
430	0.821517944
431	0.821559131
432	0.8216003
433	0.8216598
434	0.821737647
435	0.8218033
436	0.8216812
437	0.8217666
438	0.821871936
439	0.821936
440	0.8219314
441	0.821469069
442	0.821774244
443	0.821861267
444	0.8206619
445	0.8217636
446	0.8217468
447	0.8238236
448	0.8221527
449	0.8216934
450	0.8218567
451	0.821879566
452	0.821925342
453	0.8219818
454	0.8221298
455	0.822032154
456	0.822161853
457	0.8223343
458	0.8222122
459	0.822464
460	0.82219696
461	0.822163343
462	0.8221557
463	0.8223465
464	0.8223343
465	0.822406
466	0.8224533
467	0.8223877
468	0.822483838
469	0.822438061
470	0.8226791
471	0.8226837
472	0.8232849
473	0.8228973
474	0.8229294
475	0.8228546
476	0.821644545
477	0.8210067
478	0.8227905
479	0.8228851
480	0.822946131
481	0.8222259
482	0.822644055
483	0.8229599
484	0.823091149
485	0.823069751
486	0.823121667
487	0.82321775
488	0.8232025
489	0.8231781
490	0.82334137
491	0.823399365
492	0.8235626
493	0.8235275
494	0.8234909
495	0.823735058
496	0.823770165
497	0.8238266
498	0.823905945
499	0.824028
500	0.8240372
</Group>
</Session>
