<Session>
Acquisition 1 2016-08-03 15:16:27
<Group>
Detector1
2
201		201	
D1 310:300-500	T636058240676096841	D1 310:300-500 [COR]	T636058240676096843
X	Y	X	Y
300	13433.5078	300	48397.582
301	13273.0479	301	48428.49
302	14245.915	302	52632.9844
303	14706.3379	303	54426.9961
304	14592.9844	304	54095.8047
305	16008.5918	305	59406.17
306	17198.7734	306	63625.1133
307	18818.9219	307	69118.43
308	20253.8027	308	73792.09
309	22118.0566	309	79805.27
310	22909.7715	310	81845.77
311	23042.4043	311	81968.6
312	22453.6152	312	79542.01
313	21906.082	313	76388.65
314	21527.3672	314	73912.51
315	21937.2246	315	75506.29
316	23275.53	316	80298.43
317	24624.2422	317	84157.4453
318	26534.37	318	89854.31
319	29734.9629	319	99274.81
320	34385.6133	320	113114.094
321	40307.86	321	131661.563
322	49387.7344	322	160180.6
323	63394.582	323	205624.422
324	84660.28	324	274693.719
325	116492.375	325	375443.281
326	165374.266	326	529440.4
327	236112.047	327	756315.25
328	346388.844	328	1109430.38
329	508018.281	329	1606395.5
330	741948.563	330	2316335.75
331	1061599.13	331	3310869.5
332	1487916	332	4637424
333	1996174.88	333	6271499.5
334	2534409	334	8026068
335	2978362.75	335	9322019
336	3258929	336	10084931
337	3334195.75	337	10352281
338	3249393.25	338	10122511
339	3100222.5	339	9633693
340	2940236.5	340	9118079
341	2805500.5	341	8697713
342	2699802.75	342	8378405.5
343	2616574.75	343	8106056.5
344	2548371.25	344	7877723
345	2477659.75	345	7658620
346	2391396.5	346	7394525
347	2288250.5	347	7035147.5
348	2153295.25	348	6575804.5
349	2005485.75	349	6047626
350	1863112.38	350	5553271.5
351	1710206	351	5068486.5
352	1561074.5	352	4598587
353	1434352	353	4193559.75
354	1328946.75	354	3853567.75
355	1244997.38	355	3618142.5
356	1181071.88	356	3440732.5
357	1143647	357	3311804
358	1127392	358	3244806.5
359	1123786.75	359	3207762.75
360	1138584.13	360	3222211.25
361	1168514.38	361	3318138.25
362	1201839.38	362	3424819.25
363	1240947.25	363	3524095.75
364	1280359.63	364	3624376.75
365	1314800.13	365	3718627.25
366	1348185.38	366	3811306.5
367	1369760.13	367	3870085.75
368	1391209.25	368	3927264.25
369	1404142	369	3961558
370	1409173.63	370	3972549.5
371	1417781.75	371	3996543
372	1429655.75	372	4029695.5
373	1439762.38	373	4062035.75
374	1456241.25	374	4112605.75
375	1477344.88	375	4183684.75
376	1502586	376	4266685
377	1540088.88	377	4391185
378	1581067.25	378	4528721
379	1626009	379	4636832
380	1683094.88	380	4779042
381	1744954.38	381	4941004
382	1813040.75	382	5120463.5
383	1888719.88	383	5335981
384	1974048.5	384	5581669.5
385	2058915.25	385	5821274
386	2132296.25	386	6030377
387	2218977.5	387	6228336
388	2293186.25	388	6391430.5
389	2366516.75	389	6585454.5
390	2446698	390	6801737
391	2516819.25	391	6985231.5
392	2577898.5	392	7141385.5
393	2633054.25	393	7287909
394	2694032.5	394	7448943.5
395	2752982	395	7561902.5
396	2806685.75	396	7658660
397	2856872.5	397	7799671
398	2911561.25	398	7954167
399	2959969.25	399	8065067
400	3011449	400	8179381.5
401	3061069	401	8275943
402	3104101	402	8354022
403	3148484.5	403	8473829
404	3190538.5	404	8586339
405	3223300.75	405	8653857
406	3247018.25	406	8697996
407	3273924.25	407	8775954
408	3288478.25	408	8811665
409	3295151.25	409	8806386
410	3294733.75	410	8783340
411	3283013.25	411	8733633
412	3267733.25	412	8674938
413	3236811.5	413	8582374
414	3208591.25	414	8500710
415	3170383.5	415	8351791
416	3123153	416	8179013
417	3079470.25	417	8076415
418	3029325.5	418	7957992
419	2970301.5	419	7767030
420	2916111.25	420	7589946.5
421	2858445.5	421	7467047.5
422	2790433.75	422	7313991
423	2727468.25	423	7166710.5
424	2657265.75	424	6997634
425	2584155	425	6781382
426	2511778.75	426	6568444
427	2436538.75	427	6394763.5
428	2362072.75	428	6216681
429	2287228	429	6016564.5
430	2212356.5	430	5816551
431	2132760.5	431	5626586.5
432	2052449.88	432	5435184
433	1980717.88	433	5261463.5
434	1905229.63	434	5076364
435	1832583.88	435	4897852.5
436	1755792	436	4706056
437	1685797.13	437	4528055
438	1617284.13	438	4353409.5
439	1549918.13	439	4179101
440	1485359	440	4010095.25
441	1421085.75	441	3862950.5
442	1355303.63	442	3711968
443	1297897.13	443	3557008.5
444	1237006.88	444	3392889.25
445	1181738.13	445	3249345.25
446	1129939.13	446	3114110
447	1077607.88	447	2987593.75
448	1029921.56	448	2872021.25
449	983627.063	449	2746678.75
450	940639.25	450	2629762
451	894892.4	451	2511957
452	854882.2	452	2410552.25
453	816893.438	453	2307790.75
454	774722.25	454	2195155.5
455	737595.063	455	2096859.25
456	703835.5	456	2008455.25
457	668079.563	457	1914420.25
458	636529.2	458	1831482.13
459	606490.8	459	1748035.75
460	575615	460	1661252.13
461	545551.1	461	1582065
462	520955.625	462	1516963.5
463	492312.344	463	1445624.5
464	469537.719	464	1380064.63
465	445625.125	465	1318135.25
466	422149.6	466	1255173.88
467	403362.531	467	1199665.25
468	380494.219	468	1132413.38
469	362391.8	469	1083898
470	344848.7	470	1036678
471	328444.531	471	992814.7
472	313492.031	472	953138
473	297129.719	473	905908.9
474	282548.781	474	864089.4
475	271011.281	475	834992.9
476	256394.625	476	795908.6
477	243746.188	477	761020.3
478	233578.313	478	733028.938
479	222457.438	479	701041.438
480	211181.766	480	669019.5
481	201318.281	481	639383.5
482	190858	482	608227.75
483	183259.516	483	585751.7
484	173030.5	484	554977.2
485	166101.109	485	535926.5
486	156924.656	486	509207.656
487	150024.734	487	489130.219
488	141580.422	488	463714.2
489	134614.3	489	443418.5
490	126859.641	490	420265.969
491	120524.609	491	402067.875
492	115724.6	492	388858.281
493	110639.8	493	373152.875
494	104190.469	494	352693.125
495	98773.57	495	336348.656
496	94241.04	496	322860.3
497	89564.95	497	309270.531
498	85324.61	498	296889.9
499	80872.35	499	282217.844
500	77028.375	500	269610.938
</Group>
<Group>
RCQCSignal
1
201	
ExCorr	T636058240676096842
X	Y
300	0.554404736
301	0.554446
302	0.5544734
303	0.55459094
304	0.5547481
305	0.5535762
306	0.5547084
307	0.5545497
308	0.5548244
309	0.5547405
310	0.5547176
311	0.5548076
312	0.554828942
313	0.5549785
314	0.5548534
315	0.5548656
316	0.554961741
317	0.5550365
318	0.554963231
319	0.5549236
320	0.555118859
321	0.5550899
322	0.555042565
323	0.5551372
324	0.5550853
325	0.555218041
326	0.5552959
327	0.5551036
328	0.555274546
329	0.5553493
330	0.555311143
331	0.5553935
332	0.5552669
333	0.5552242
334	0.5551738
335	0.555381358
336	0.5553127
337	0.5553035
338	0.5552959
339	0.554862559
340	0.5541591
341	0.555070043
342	0.5552638
343	0.5550853
344	0.555141747
345	0.555369139
346	0.5553676
347	0.5551479
348	0.555463731
349	0.555804
350	0.5555202
351	0.5555095
352	0.5556713
353	0.5554836
354	0.555642247
355	0.5556911
356	0.5556148
357	0.5556743
358	0.5557872
359	0.5557628
360	0.5558711
361	0.5559032
362	0.55585283
363	0.555958152
364	0.555924535
365	0.5560451
366	0.555935264
367	0.55585134
368	0.5559337
369	0.5558895
370	0.55598253
371	0.556011558
372	0.5560466
373	0.55598557
374	0.555900156
375	0.5559841
376	0.556087852
377	0.556293845
378	0.5562267
379	0.5562465
380	0.556177855
381	0.556161046
382	0.556048155
383	0.556066453
384	0.5558101
385	0.556138158
386	0.5562816
387	0.556432664
388	0.556275547
389	0.556422
390	0.5562526
391	0.556141257
392	0.556158
393	0.5561748
394	0.5562908
395	0.5563106
396	0.556312144
397	0.5564037
398	0.556422
399	0.5562526
400	0.556370139
401	0.5564129
402	0.556423545
403	0.556422
404	0.5564876
405	0.5564846
406	0.556400657
407	0.5559734
408	0.5561275
409	0.5563747
410	0.5565456
411	0.5565105
412	0.556454062
413	0.55661273
414	0.5565395
415	0.5564968
416	0.5565471
417	0.556565464
418	0.55648
419	0.5565975
420	0.5567257
421	0.5566341
422	0.5566906
423	0.5565929
424	0.556647837
425	0.55661577
426	0.5565792
427	0.5563747
428	0.556620359
429	0.55661124
430	0.5566051
431	0.556777537
432	0.556754649
433	0.55674547
434	0.5567577
435	0.5566799
436	0.556718051
437	0.556795835
438	0.5568523
439	0.5567043
440	0.5567882
441	0.556977451
442	0.5567623
443	0.5568416
444	0.5568233
445	0.556802
446	0.556870639
447	0.5568523
448	0.5568904
449	0.5568401
450	0.556888938
451	0.556983531
452	0.556785166
453	0.556824863
454	0.5562633
455	0.5566143
456	0.5566906
457	0.556624949
458	0.5566051
459	0.556566954
460	0.55673784
461	0.55648303
462	0.556602061
463	0.554375768
464	0.5562648
465	0.5558452
466	0.556066453
467	0.556295335
468	0.556312144
469	0.55635184
470	0.5563106
471	0.5564403
472	0.556382358
473	0.55649066
474	0.5564434
475	0.556531847
476	0.5565517
477	0.556428134
478	0.556638658
479	0.5564754
480	0.5556926
481	0.556284666
482	0.5563808
483	0.5565807
484	0.556499839
485	0.55648607
486	0.5565929
487	0.556530356
488	0.556548655
489	0.5565395
490	0.556508958
491	0.5565563
492	0.556423545
493	0.556565464
494	0.556719542
495	0.556682944
496	0.5565685
497	0.556544065
498	0.556620359
499	0.556637168
500	0.556599
</Group>
</Session>
