<Session>
Acquisition 1 2016-07-22 16:16:25
<Group>
Detector1
2
301		301	
D1 327:300-600	T636047953494538779	D1 327:300-600 [COR]	T636047953494538781
X	Y	X	Y
300	12408.1084	300	21362.9238
301	12684.8672	301	22090.5918
302	12578.5742	302	22181.18
303	12307.8379	303	21743.5117
304	12253.6924	304	21688.5137
305	12355.9678	305	21847.1738
306	12127.3545	306	21428.9141
307	12636.7344	307	22172.2324
308	12490.333	308	21751.9824
309	12773.1123	309	22003.127
310	12758.0713	310	21749.3281
311	12579.5771	311	21364.5547
312	12743.0293	312	21551.7578
313	12989.7207	313	21631.3359
314	13233.417	314	21697.3613
315	13344.7383	315	21973.92
316	13371.8174	316	22042.9375
317	13292.5879	317	21699.293
318	13455.06	318	21757.3867
319	13703.793	319	21860.4316
320	13862.2666	320	21811.207
321	14992.79	321	23380.3633
322	18912.9824	322	29628.8984
323	28335.6113	323	44177.7148
324	47062.6563	324	73001.63
325	73983.81	325	113742.289
326	103556.031	326	158163.422
327	125131.805	327	191215.563
328	130282.891	328	199450.984
329	118823.313	329	179400.469
330	93720.625	330	139857.484
331	67031.85	331	99809.13
332	44206.0352	332	65747.19
333	31242.5625	333	46886.8
334	25874.7285	334	39095.6953
335	26066.77	335	38951.45
336	26602.71	336	39302.457
337	27929.2363	337	41407.37
338	28606.2129	338	42553.87
339	28300.4043	339	41986.0234
340	28049.94	340	41456.6953
341	27315.7129	341	40435.957
342	27148.7656	342	40240.9648
343	27230.2266	343	40276.0977
344	26519.248	344	39137.03
345	27024.0625	345	39905.9922
346	27876.9336	346	41183.19
347	28592.1289	347	41981.3047
348	29069.9883	348	42537.92
349	31630.084	349	45591.5078
350	32507.9	350	46278.28
351	33964.8945	351	48078.2578
352	34738.37	352	48895.78
353	36770.3242	353	51355.1328
354	38081.41	354	52782.69
355	38865.6055	355	53987.1641
356	40128.84	356	55857.7148
357	41750.4453	357	57765.0234
358	43960.8242	358	60492.77
359	45422.17	359	61975.66
360	48764.2852	360	65967.77
361	51874.1523	361	70433.05
362	55015.28	362	75019.63
363	58637.06	363	79685.125
364	62198.668	364	84179.46
365	66016.19	365	89287.34
366	71582.5547	366	96754.125
367	78001.35	367	105358.383
368	87071.96	368	117704.688
369	98731.3	369	133191.141
370	112596.43	370	151794.4
371	131711.156	371	177512.391
372	157957.516	372	212952.063
373	189446.828	373	255628.844
374	231379.2	374	312502.25
375	286644.3	375	388218
376	360190.625	376	489286.75
377	451138.75	377	615887.1
378	584171.6	378	800200.438
379	736638.8	379	1004745.94
380	970628.6	380	1318649.75
381	1224394.5	381	1658462.88
382	1556825.25	382	2102774.75
383	1970406	383	2662726.75
384	2441323.75	384	3300371.25
385	2847767	385	3855205
386	3247221.25	386	4399839.5
387	3256373.5	387	4378908.5
388	2884532.75	388	3848445
389	2350429.25	389	3129252.25
390	1739404.13	390	2315442.75
391	1248410.25	391	1656780.63
392	814101.1	392	1078514.25
393	557651.438	393	738211.75
394	385701.8	394	510227.375
395	295481	395	388573
396	245642.859	396	320694.969
397	228336.828	397	298294.125
398	240139.672	398	313955.344
399	277074.656	399	361191.1
400	339060.969	400	440708.8
401	438174.844	401	566646.438
402	558798.9	402	719647.9
403	675033.8	403	869447.6
404	774855.563	404	998161.2
405	825619.4	405	1061194.13
406	813898.7	406	1043471.75
407	747812.5	407	958812.938
408	639968.9	408	819849.2
409	529092.5	409	676754.938
410	422482.344	410	539067.75
411	334889.156	411	426897.625
412	262661.1	412	333821.469
413	205381.313	413	260794.578
414	164549.219	414	208608.656
415	136558.578	415	172244.188
416	114054.445	416	143020.328
417	100384.266	417	126032.461
418	92526.3047	418	116323.195
419	88242.57	419	110359.906
420	88748.57	420	110625.992
421	93165.21	421	116494.906
422	103590.75	422	130073.4
423	123603.922	423	155495.438
424	154667.5	424	195488.813
425	192648.578	425	242010.813
426	249308.7	426	311961.063
427	318896.469	427	400255.656
428	402954.969	428	507429.656
429	492670.063	429	620240.5
430	582916.063	430	733303.2
431	665758	431	842235.7
432	727261.938	432	921749.8
433	769558.438	433	978226.8
434	791753.2	434	1009625.56
435	793687.1	435	1015329.44
436	779095.6	436	999228.5
437	759727.3	437	976711.4
438	732724.063	438	944187.25
439	713261.9	439	921124.6
440	690821.7	440	893279.3
441	675976.1	441	879715.7
442	671020.563	442	879566.75
443	674944.563	443	885564.9
444	689281.9	444	904965
445	709380.4	445	933894.4
446	740018.438	446	976213.9
447	782678.438	447	1038760.19
448	831484.1	448	1110068
449	891914.4	449	1192364.63
450	965077.7	450	1290404.5
451	1047118	451	1406956.5
452	1149347.25	452	1551063.63
453	1259347	453	1702861.88
454	1388950.88	454	1882737.5
455	1524274.25	455	2074185.13
456	1677708.38	456	2291067.75
457	1836095.75	457	2516891.75
458	2007636	458	2771826
459	2156628.75	459	2972966
460	2303167.75	460	3179604.5
461	2434878.5	461	3378939.25
462	2547564.75	462	3548917
463	2638213	463	3692664
464	2720127.5	464	3821344.5
465	2782653.5	465	3930900.25
466	2831312	466	4021865
467	2868890.25	467	4076698.5
468	2906550.75	468	4132250.25
469	2935333	469	4194947.5
470	2959969.75	470	4251620.5
471	2985173.75	471	4313263.5
472	3010910.75	472	4374959
473	3032736	473	4420401
474	3058998	474	4472159
475	3084173.75	475	4543059.5
476	3115876	476	4625938
477	3142774.75	477	4691057.5
478	3168001.5	478	4756147
479	3188026.5	479	4806498
480	3206893	480	4853964.5
481	3224777	481	4896995.5
482	3233151	482	4924846
483	3236973.5	483	4947216
484	3231415.5	484	4955429
485	3220518	485	4974096.5
486	3193382.75	486	4956456.5
487	3160462.25	487	4927403.5
488	3115652	488	4882300
489	3065610.25	489	4831044
490	2998913.75	490	4753550.5
491	2931259.75	491	4676290
492	2855532.5	492	4587345.5
493	2772678.5	493	4482598
494	2686739.5	494	4350047.5
495	2603562.25	495	4241205
496	2521593.75	496	4131513
497	2443547.5	497	4035546.5
498	2363952.5	498	3934450.25
499	2288101.75	499	3822223
500	2218061.25	500	3716722
501	2154029	501	3625491.25
502	2090082.75	502	3536819.25
503	2032082.25	503	3451846
504	1975548.5	504	3368147.5
505	1924838.88	505	3296448.5
506	1874808.75	506	3226046.5
507	1829310.38	507	3176256
508	1774784.5	508	3113437
509	1729167	509	3042503
510	1686720.63	510	2992114.25
511	1638320.38	511	2910871.25
512	1591774.38	512	2836211.5
513	1545387.75	513	2774464.5
514	1494563.13	514	2703320.5
515	1450672.38	515	2640053
516	1396372.38	516	2558095
517	1348312.25	517	2479109.25
518	1297086.13	518	2393749.5
519	1250332.63	519	2320825.75
520	1200390.5	520	2241424.5
521	1152391.88	521	2165838.5
522	1104420.38	522	2084876.75
523	1055082.5	523	2006001.63
524	1008249.19	524	1931057.63
525	960740	525	1848524.5
526	915672.8	526	1772053.5
527	873617.5	527	1701962.13
528	829823.7	528	1626086.88
529	793749.25	529	1566320.63
530	750718.5	530	1490475.88
531	717799.9	531	1431907.38
532	679909.7	532	1363856.25
533	648831.4	533	1309455.88
534	615576.75	534	1247424.63
535	588512.938	535	1199614.25
536	557337.2	536	1143353.38
537	534001.6	537	1101487.25
538	508268.063	538	1055011.38
539	484864.469	539	1010939.5
540	463449.375	540	966785.7
541	441554.156	541	927787.25
542	422364.8	542	894435.6
543	405072.844	543	861192.5
544	386058.375	544	824152.6
545	373321.156	545	800844.438
546	358239.969	546	772341.6
547	342605.281	547	744522.7
548	329016.625	548	717241.063
549	317442.531	549	695534.8
550	305841.969	550	673854.938
551	294026.4	551	651191.063
552	283197.625	552	631277.063
553	273036.6	553	611350.7
554	263244.1	554	592504.5
555	252731.047	555	573107.938
556	242935.125	556	555346.25
557	234618.422	557	539343.8
558	223538.75	558	517059.781
559	214840.719	559	500022.438
560	205035.328	560	480053.25
561	196751.2	561	464433.3
562	187716.375	562	447040.438
563	180885.625	563	433211.2
564	173829.1	564	418853.281
565	165326.625	565	401244.7
566	157519.828	566	385063.438
567	150852.844	567	372710.438
568	143254.891	568	356851
569	137135.281	569	343581.875
570	131524.25	570	331404.063
571	125623.086	571	319642.7
572	120173.516	572	308955.875
573	115028.734	573	296230.125
574	109461.867	574	282795.7
575	105135	575	273331.781
576	100272.008	576	262892
577	95246.54	577	250668.531
578	92491.6641	578	245230.234
579	87812.98	579	234218.188
580	83500.73	580	224112.9
581	80151.5859	581	216205.078
582	76440.06	582	207388.391
583	73422.47	583	200563.578
584	69553.65	584	191134.25
585	66950.75	585	184765.609
586	63415.1367	586	175751.109
587	61314.61	587	170650.125
588	58845.543	588	164423.734
589	56961.4063	589	160161.578
590	53989.9258	590	152527.453
591	51772.0742	591	147355.359
592	50098.7227	592	143499.344
593	47560.46	593	137155.859
594	46087.3867	594	133866.922
595	44718.6953	595	130291.891
596	42848.957	596	125269.8
597	40959.7461	597	120995.563
598	39568.2578	598	117362.531
599	38582.35	599	115443.5
600	36957.7461	600	111275.023
</Group>
<Group>
RCQCSignal
1
301	
ExCorr	T636047953494538780
X	Y
300	1.00285649
301	1.004155
302	1.00421762
303	1.00430918
304	1.0043503
305	1.00431526
306	1.00390935
307	1.00345469
308	1.00338292
309	1.0044297
310	1.004892
311	1.00453961
312	1.00459754
313	1.00459146
314	1.00439155
315	1.00259256
316	1.003978
317	1.00449526
318	1.00462961
319	1.0039674
320	1.0032593
321	1.00507057
322	0.9933318
323	0.998355031
324	1.00370336
325	1.00613868
326	1.00617993
327	1.00585639
328	1.00421762
329	1.00542617
330	1.0042603
331	1.00560164
332	1.00585949
333	1.00477755
334	1.00585341
335	1.00558782
336	1.00548255
337	1.00528574
338	1.00522768
339	1.00462961
340	1.00513768
341	1.00489354
342	1.004947
343	1.00501561
344	1.00518954
345	1.00493014
346	1.00484014
347	1.00485086
348	1.00207984
349	1.00516212
350	1.00543523
351	1.00539255
352	1.00528574
353	1.00518191
354	1.00485849
355	1.00498211
356	1.0052048
357	1.00536048
358	1.00488746
359	1.00504923
360	1.00523078
361	1.0050019
362	1.00413525
363	1.00430155
364	1.00513613
365	1.00513923
366	1.00512242
367	1.00507975
368	1.00354767
369	1.00497591
370	1.00500345
371	1.00527656
372	1.004947
373	1.0049088
374	1.00481117
375	1.00493932
376	1.00483859
377	1.00434268
378	1.00542915
379	1.00530255
380	1.00485241
381	1.00503242
382	1.00506449
383	1.00492871
384	1.0049119
385	1.00404215
386	1.00368965
387	1.00399792
388	1.00455022
389	1.005356
390	1.00417793
391	1.00540018
392	1.00531018
393	1.00523841
394	1.00511181
395	1.00446475
396	1.00513
397	1.00516975
398	1.00508273
399	1.00504458
400	1.00500345
401	1.0055635
402	1.005156
403	1.00507212
404	1.00496829
405	1.00480044
406	1.00495
407	1.00478065
408	1.00552988
409	1.00489962
410	1.00516665
411	1.00393534
412	1.00476229
413	1.00470436
414	1.00538647
415	1.00470281
416	1.004747
417	1.00502026
418	1.0051682
419	1.00599372
420	1.00487673
421	1.00523686
422	1.00452733
423	1.0049516
424	1.00255132
425	1.00512242
426	1.00549018
427	1.00568855
428	1.00562906
429	1.005356
430	1.00557113
431	1.0036912
432	1.00557876
433	1.00571609
434	1.00561988
435	1.005362
436	1.00572217
437	1.00560308
438	1.00553751
439	1.00475931
440	1.00490427
441	1.00567639
442	1.00562751
443	1.00544143
444	1.00557113
445	1.00528574
446	1.00568855
447	1.00554514
448	1.00551915
449	1.00543678
450	1.00654006
451	1.00584579
452	1.00566268
453	1.0056535
454	1.00514686
455	1.00520337
456	1.00557876
457	1.00585485
458	1.00272834
459	1.00591588
460	1.006096
461	1.00524151
462	1.00572979
463	1.00536048
464	1.0060426
465	1.00610662
466	1.00613713
467	1.00648665
468	1.00669873
469	1.0065217
470	1.00646377
471	1.00628519
472	1.00637364
473	1.006241
474	1.00619209
475	1.00625622
476	1.00594187
477	1.00610363
478	1.00583053
479	1.00546885
480	1.00539708
481	1.00572217
482	1.00622261
483	1.00620437
484	1.00614786
485	1.00491953
486	1.00589764
487	1.006041
488	1.00555885
489	1.00560462
490	1.00542915
491	1.00604713
492	1.00607312
493	1.00367737
494	1.00616622
495	1.00593114
496	1.00598609
497	1.00589156
498	1.00592971
499	1.00519109
500	1.00502169
501	1.00598
502	1.00597084
503	1.00575268
504	1.00567794
505	1.006006
506	1.00604868
507	1.00512707
508	1.00286567
509	1.00645614
510	1.00481725
511	1.00623631
512	1.00638747
513	1.00666666
514	1.00698411
515	1.00678265
516	1.00605476
517	1.00637829
518	1.0066514
519	1.00685287
520	1.006839
521	1.00555587
522	1.00634015
523	1.0065186
524	1.00644994
525	1.0064714
526	1.00525522
527	1.00544751
528	1.00643325
529	1.00603652
530	1.00649726
531	1.00645149
532	1.00559092
533	1.00467694
534	1.0057466
535	1.006392
536	1.00647748
537	1.00628364
538	1.00524449
539	1.00383
540	1.00637984
541	1.0063386
542	1.00564277
543	1.00616157
544	1.0064714
545	1.00660408
546	1.00657511
547	1.00393832
548	1.006099
549	1.00647283
550	1.00633252
551	1.00660717
552	1.00556493
553	1.00656748
554	1.00678873
555	1.00690317
556	1.00637829
557	1.00691843
558	1.00683141
559	1.0067842
560	1.00692451
561	1.00664687
562	1.00562751
563	1.00646222
564	1.00680852
565	1.00688946
566	1.00690925
567	1.00558782
568	1.00663924
569	1.006749
570	1.00690007
571	1.006331
572	1.00510108
573	1.006778
574	1.00693369
575	1.00716567
576	1.00521863
577	1.00721908
578	1.00555277
579	1.00656593
580	1.00724351
581	1.00729692
582	1.00655377
583	1.00641036
584	1.00706649
585	1.0072099
586	1.00735176
587	1.00727546
588	1.00748146
589	1.00668037
590	1.00740063
591	1.00691533
592	1.00749981
593	1.00766921
594	1.00737774
595	1.00753641
596	1.007358
597	1.00450289
598	1.00792861
599	1.00683
600	1.00819409
</Group>
</Session>
