<Session>
Acquisition 1 2016-07-22 16:32:28
<Group>
Detector1
2
301		301	
D1 327:300-600	T636047953494539470	D1 327:300-600 [COR]	T636047953494539472
X	Y	X	Y
300	27465.1543	300	46695.32
301	28086.7344	301	48378.39
302	28913.6152	302	50372.64
303	29519.2773	303	51575.8672
304	31171.6387	304	54561.15
305	31774.5547	305	55561.41
306	32379.5547	306	56556.7539
307	34114.4336	307	59161.043
308	34558.5742	308	59486.68
309	36523.9258	309	62318.57
310	37283.68	310	63042.37
311	39188.61	311	65833
312	40400.48	312	67697.47
313	43141.89	313	71130.96
314	45892.88	314	74384.15
315	48957.48	315	79553.93
316	53907.22	316	87819.37
317	60614.0547	317	97830.44
318	70146.97	318	112180.805
319	82086.96	319	129562.9
320	100021.492	320	155392.547
321	130125.891	321	200728.578
322	175374.9	322	268614.875
323	242499.859	323	371639.719
324	352921.625	324	541068.438
325	519249.3	325	790733.9
326	743444.063	326	1125927.63
327	1036793.88	327	1570246.63
328	1434415.5	328	2180015
329	1930280.5	329	2886208
330	2534529.5	330	3737880.75
331	3105240.75	331	4573656.5
332	3316078.5	332	4879725
333	2970797.75	333	4407346.5
334	2267849.5	334	3392557.75
335	1620590.75	335	2396200.75
336	1149023.25	336	1681035.25
337	891150.2	337	1307621.38
338	770606.5	338	1134418.75
339	758941.9	339	1112804.75
340	831285.1	340	1218365.75
341	953169.8	341	1394848
342	1094158.25	342	1602887
343	1181866.75	343	1727995
344	1165587.88	344	1700586
345	1046302.69	345	1525012.63
346	860256	346	1255310.75
347	675392.75	347	979312.563
348	507413.063	348	731373.3
349	382173.781	349	544443.4
350	287900.563	350	405119.719
351	221635.188	351	310202.3
352	169277.031	352	235567.859
353	136201.891	353	188152.875
354	112350.227	354	153928.984
355	105090.508	355	144358.484
356	107916.68	356	148540.359
357	124716.617	357	170670.313
358	151922.75	358	206701.047
359	191248.719	359	258104.641
360	239374.141	360	320294
361	293248.625	361	394145.8
362	339654.1	362	457976.844
363	372287.281	363	500747.625
364	382931.75	364	512644.5
365	374879.438	365	501272.656
366	355877.469	366	475529.7
367	330850.344	367	441848.969
368	310459.469	368	414276.281
369	292646.219	369	390301.063
370	281966.625	370	375864.375
371	279136.6	371	372117.156
372	279829.4	372	372978.75
373	286564.7	373	382069.125
374	298138.438	374	398124.4
375	317760.563	375	426651.8
376	340624.1	376	457483.375
377	378018.75	377	509659.156
378	423435.8	378	573502.438
379	485317.531	379	654403.2
380	545748.6	380	732675.8
381	610881.1	381	817878.938
382	713133.8	382	951782.7
383	788605.5	383	1053556.13
384	870813	384	1163967.25
385	939502.6	385	1256310.88
386	1023815.81	386	1369856.63
387	1084960.75	387	1441215.63
388	1132589.88	388	1494752
389	1166573	389	1536385.88
390	1201358.25	390	1582364.88
391	1227856.75	391	1611827.88
392	1268764.75	392	1662567
393	1307607.38	393	1711825.63
394	1365541.5	394	1786139.13
395	1425871.75	395	1854341.38
396	1495044.13	396	1930712.88
397	1569464.63	397	2026610.25
398	1662196	398	2150230.25
399	1757622	399	2269978.75
400	1852351.5	400	2380015
401	1963376.25	401	2510779.25
402	2082591.25	402	2651108.75
403	2200686	403	2801737.5
404	2325622.25	404	2960579.75
405	2438764	405	3097251
406	2566700.5	406	3252306
407	2674367.5	407	3389139
408	2780474.5	408	3523087.25
409	2869393.25	409	3628086.25
410	2945718.75	410	3717724
411	3013245.5	411	3793667
412	3068463.25	412	3856848.25
413	3118395	413	3912679.5
414	3154887	414	3954591.5
415	3184998.75	415	3980664.5
416	3210937.75	416	3978182.5
417	3230349.25	417	4010856.5
418	3246342.75	418	4033470.5
419	3255376	419	4027814.25
420	3254449.75	420	4017806.5
421	3245242	421	4023458.25
422	3231742.5	422	4008974.5
423	3206892.25	423	3986450
424	3171725	424	3951262.5
425	3131217.25	425	3892436.5
426	3083253.5	426	3814438.25
427	3024399.5	427	3756289.75
428	2958607.5	428	3683979.75
429	2886629.5	429	3596163
430	2814194	430	3500295.25
431	2732945.75	431	3412243.5
432	2652336.75	432	3324220.75
433	2565860	433	3225927.5
434	2478744.75	434	3125855.5
435	2390022.75	435	3025934.75
436	2305919.75	436	2929702.5
437	2228401.5	437	2833593
438	2144759.5	438	2732913.75
439	2067557.63	439	2638095
440	1992800.63	440	2546237.25
441	1914202.38	441	2463858.75
442	1839173.75	442	2384356.5
443	1770606.25	443	2297855.75
444	1702015.88	444	2212879.25
445	1632653.63	445	2125191.5
446	1567855	446	2046570.88
447	1509431	447	1980641.38
448	1445130.13	448	1907213
449	1381944.88	449	1828344
450	1326080.88	450	1755102.88
451	1266924.13	451	1683492.13
452	1208273.13	452	1612563.13
453	1154040.13	453	1543434.13
454	1097341.25	454	1473012.75
455	1048161.19	455	1411235.38
456	997591.563	456	1346959.75
457	946670	457	1283265.63
458	901008.5	458	1226633.38
459	850149.2	459	1160037.25
460	807941.4	460	1103486.13
461	769818.938	461	1055975.25
462	728970.7	462	1004272.69
463	690912.75	463	956016.25
464	656063.4	464	911962.9
465	622327.4	465	869712.438
466	589815.6	466	829937.438
467	561514.25	467	790021.438
468	531526.3	468	749986.438
469	505139.7	469	714185.5
470	482535.3	470	685606.7
471	460177.4	471	657600.4
472	438637.5	472	630386.1
473	418214.281	473	603423.563
474	400714.719	474	579995.8
475	380525.375	475	555223
476	364178.938	476	534490.1
477	346933.625	477	512032.938
478	330266.9	478	490853.25
479	315373.625	479	470033.25
480	303562.281	480	453936.1
481	288753.531	481	433362.563
482	272773.6	482	410862.719
483	260733.563	483	394215.1
484	246536.359	484	373826.5
485	238225.328	485	363421.3
486	224843.984	486	345205.938
487	214909.469	487	331314.781
488	203863.1	488	316124.469
489	191524.125	489	298283.563
490	184142.391	490	288680.8
491	174867.328	491	275761.875
492	166263.953	492	263981.875
493	157101.453	493	250468.8
494	149378.7	494	239115.547
495	141437.375	495	227942.609
496	134922.391	496	218538.531
497	128351.227	497	209556.391
498	122562.539	498	201649.828
499	116043.422	499	191689.781
500	112374.781	500	186001.563
501	105876.078	501	176185.969
502	101847.383	502	170586.047
503	96699.0547	503	162944.625
504	92577.89	504	156009.891
505	87598.9	505	148284.438
506	82747.9141	506	140957.766
507	80085.33	507	137346.25
508	75676.22	508	130848.883
509	73606.09	509	128102.195
510	69828.48	510	122309.9
511	66311.15	511	116496.57
512	62891.5078	512	110816.992
513	60992.7148	513	108307.43
514	57868.11	514	103568.117
515	55786.125	515	100495.977
516	53763.65	516	97170.04
517	51058.85	517	92642.8
518	49007.9844	518	89560.17
519	47560.7578	519	87339.64
520	45829.2852	520	84610.5547
521	43505.1	521	80822.5
522	41407.91	522	77322.08
523	39849.96	523	74906.56
524	38701.7227	524	73282.54
525	36643.8242	525	69696.625
526	35957.71	526	68899.16
527	35200.17	527	67757.69
528	33075.2461	528	64087.3359
529	31942.66	529	62296.2852
530	31243.1	530	61343.07
531	30167.2754	531	59542.52
532	29252.6563	532	57989.86
533	27843.3223	533	55476.5625
534	26652.59	534	53352.7461
535	25694.375	535	52003.61
536	25669.24	536	52117.0273
537	24595.6211	537	50192.44
538	23766.44	538	48712.0664
539	23153.4336	539	47598.082
540	22867.0566	540	47166.41
541	22131.5918	541	45970.83
542	21795.043	542	45607.4
543	20672.0371	543	43476.61
544	20298.4277	544	42883.082
545	19872.625	545	42174.9727
546	19376.5742	546	41336.3672
547	18711.9	547	40210.43
548	18311.332	548	39485.3828
549	17965.002	549	38940.55
550	17819.45	550	38850.28
551	17560.4766	551	38473.5742
552	17258.3613	552	38024.17
553	16487.5938	553	36527.9375
554	16359.1436	554	36435.7852
555	16186.5439	555	36328.3047
556	15770.124	556	35665.5977
557	15376.8135	557	34981.2734
558	15489.1846	558	35472.0039
559	15158.1	559	34929.043
560	14845.0928	560	34406.02
561	14370.6035	561	33566.2266
562	14320.4492	562	33743.9531
563	14108.8018	563	33444.625
564	13786.833	564	32901.2656
565	13563.1729	565	32580.9512
566	13761.7588	566	33295.25
567	13494.9736	567	32963.7461
568	12958.4385	568	31939.3125
569	13003.5654	569	32242.6875
570	12774.9258	570	31859.9961
571	12625.5137	571	31805.7
572	12189.3369	572	30962.9355
573	12450.0361	573	31726.3027
574	12627.52	574	32315.9316
575	12308.6553	575	31681.0352
576	12007.8584	576	31108.9316
577	11975.7744	577	31209.56
578	11840.4219	578	31031.3652
579	11858.4688	579	31327.3457
580	11774.252	580	31289.9668
581	11815.3574	581	31557.543
582	11829.3936	582	31791.2188
583	11629.8818	583	31437.041
584	11373.2354	584	30935.81
585	11114.5977	585	30355.7852
586	11309.0762	586	31037.53
587	11168.73	587	30778.2324
588	11336.1436	588	31367.66
589	11066.48	589	30849.8613
590	11059.4639	590	30975.8359
591	10833.92	591	30528.6328
592	11038.4121	592	31307.7734
593	10610.3926	593	30305.7051
594	10348.7871	594	29767.127
595	10405.918	595	30034.9648
596	10466.0566	596	30309.7422
597	10595.3574	597	30911.7578
598	10195.4385	598	29968.043
599	10467.0586	599	30999.9766
600	10510.1582	600	31365.2871
</Group>
<Group>
RCQCSignal
1
301	
ExCorr	T636047953494539471
X	Y
300	1.015553
301	1.01524782
302	1.01645637
303	1.01548731
304	1.0156033
305	1.01553464
306	1.015582
307	1.0152539
308	1.015144
309	1.01406825
310	1.01313293
311	1.01557279
312	1.01394928
313	1.01464355
314	1.01602137
315	1.01596653
316	1.01592076
317	1.01597559
318	1.01582158
319	1.01468468
320	1.01606572
321	1.01606107
322	1.01598477
323	1.01565218
324	1.01551783
325	1.01575434
326	1.01471519
327	1.01488316
328	1.01156116
329	1.015231
330	1.01617551
331	1.01659214
332	1.01662874
333	1.016412
334	1.01595581
335	1.01626408
336	1.01536071
337	1.01572692
338	1.01578641
339	1.01650059
340	1.013586
341	1.01652646
342	1.01680732
343	1.016705
344	1.01676607
345	1.01813936
346	1.01729858
347	1.01752746
348	1.01731694
349	1.01701629
350	1.01718879
351	1.01682866
352	1.016795
353	1.01625645
354	1.01656926
355	1.01625943
356	1.01654172
357	1.016464
358	1.0163312
359	1.016116
360	1.01630521
361	1.01524627
362	1.01549351
363	1.0146786
364	1.01614344
365	1.01667762
366	1.01672637
367	1.01654172
368	1.01664245
369	1.016528
370	1.01640141
371	1.01631594
372	1.01646852
373	1.017021
374	1.01627779
375	1.01367462
376	1.01631284
377	1.016966
378	1.01686215
379	1.01690185
380	1.01685607
381	1.016792
382	1.01713836
383	1.01650214
384	1.01636469
385	1.016473
386	1.01641512
387	1.01636469
388	1.01551175
389	1.01630676
390	1.01486933
391	1.01642585
392	1.01636469
393	1.01649451
394	1.01652038
395	1.01570714
396	1.01612365
397	1.01692629
398	1.015788
399	1.01444674
400	1.01668215
401	1.016879
402	1.01689124
403	1.016824
404	1.01693845
405	1.01692319
406	1.01680732
407	1.01658607
408	1.01663637
409	1.01656461
410	1.0162183
411	1.01649141
412	1.01594508
413	1.01679349
414	1.01683784
415	1.01395082
416	1.01692629
417	1.01625788
418	1.01708043
419	1.01685762
420	1.0146054
421	1.01383936
422	1.01679349
423	1.01701784
424	1.0171597
425	1.015733
426	1.0169965
427	1.016322
428	1.01701474
429	1.01595736
430	1.01704383
431	1.01697052
432	1.01689732
433	1.01683784
434	1.01687443
435	1.01583374
436	1.01524937
437	1.01669586
438	1.01687741
439	1.01694763
440	1.01697659
441	1.0168134
442	1.01676762
443	1.01650214
444	1.01543856
445	1.01672637
446	1.01635408
447	1.01704681
448	1.01717043
449	1.01595271
450	1.01686215
451	1.017082
452	1.01690185
453	1.01675236
454	1.01500368
455	1.01593745
456	1.01703465
457	1.01715362
458	1.0169003
459	1.01624727
460	1.01695073
461	1.01697052
462	1.01697516
463	1.01697361
464	1.01674473
465	1.016998
466	1.01570559
467	1.01654029
468	1.01433074
469	1.01740241
470	1.01746488
471	1.017468
472	1.0175
473	1.016496
474	1.01631749
475	1.01586115
476	1.01757789
477	1.01753354
478	1.01603365
479	1.01712012
480	1.01766026
481	1.017616
482	1.01757479
483	1.01711857
484	1.01756263
485	1.017413
486	1.01689732
487	1.01741457
488	1.01616335
489	1.01752591
490	1.01657987
491	1.01774716
492	1.01795328
493	1.01777315
494	1.01769841
495	1.01678288
496	1.01761138
497	1.017494
498	1.01759
499	1.01650822
500	1.01745272
501	1.01749241
502	1.0163449
503	1.013873
504	1.01746035
505	1.01778388
506	1.01625025
507	1.017619
508	1.01748168
509	1.01752746
510	1.01763737
511	1.017648
512	1.01767242
513	1.017764
514	1.01769841
515	1.01708341
516	1.01974916
517	1.01982546
518	1.01657844
519	1.01770139
520	1.01831031
521	1.01727879
522	1.01735044
523	1.01806307
524	1.01800358
525	1.01814544
526	1.015292
527	1.01759315
528	1.01782656
529	1.01793492
530	1.01776862
531	1.01721621
532	1.01754117
533	1.01764655
534	1.01813018
535	1.01357841
536	1.01695073
537	1.01713073
538	1.0180372
539	1.01810122
540	1.0178113
541	1.01797915
542	1.0177182
543	1.01709723
544	1.017027
545	1.01747715
546	1.01724672
547	1.01524317
548	1.01711857
549	1.01737487
550	1.01697659
551	1.01755035
552	1.01737332
553	1.0172894
554	1.01742828
555	1.01735961
556	1.017233
557	1.01748633
558	1.01692176
559	1.01687443
560	1.0171994
561	1.01731539
562	1.016348
563	1.01685
564	1.01657224
565	1.0172925
566	1.01737034
567	1.0171231
568	1.01736879
569	1.01726353
570	1.01730466
571	1.01643646
572	1.01726806
573	1.01743746
574	1.0165112
575	1.01731384
576	1.01727569
577	1.0171628
578	1.01728487
579	1.01627016
580	1.01727724
581	1.01731384
582	1.016145
583	1.01702547
584	1.01741767
585	1.01774263
586	1.01724672
587	1.01730466
588	1.017352
589	1.01537287
590	1.01612818
591	1.01704836
592	1.01747251
593	1.01740384
594	1.01726961
595	1.01704991
596	1.01692939
597	1.01708043
598	1.017091
599	1.01718569
600	1.01717651
</Group>
</Session>
