<Session>
Acquisition 1 2016-08-03 16:48:00
<Group>
Detector1
2
201		201	
D1 337:300-500	T636058240676098228	D1 337:300-500 [COR]	T636058240676098230
X	Y	X	Y
300	2166.49756	300	3547.91577
301	2103.458	301	3489.27271
302	2099.45557	302	3526.20532
303	2215.52881	303	3728.96
304	2389.64355	304	4029.33374
305	2464.69482	305	4151.86475
306	2350.61719	306	3955.42871
307	2526.73779	307	4219.98926
308	2623.80713	308	4348.122
309	2538.74658	309	4166.8335
310	2691.857	310	4373.581
311	2825.95752	311	4572.75732
312	2923.03271	312	4710.30029
313	2815.9502	313	4468.48828
314	3102.17627	314	4855.879
315	3176.23779	315	4978.54053
316	3418.44531	316	5368.219
317	3490.50928	317	5429.73047
318	3454.477	318	5324.381
319	3681.68457	319	5593.61475
320	3707.709	320	5551.362
321	3936.92969	321	5854.546
322	3924.918	322	5792.91748
323	4042.03418	323	5968.01
324	4247.245	324	6272.29639
325	4258.257	325	6247.97168
326	4693.733	326	6840.98242
327	4803.85938	327	7002.534
328	5197.331	328	7578.08154
329	5097.208	329	7337.076
330	5656.921	330	8039.20459
331	6034.437	331	8571.024
332	6789.55469	332	9632.457
333	7712.07471	333	11028.874
334	8502.512	334	12255.6768
335	9967.506	335	14203.4727
336	10948.751	336	15426.0537
337	12777.4473	337	18061.6738
338	15286.9775	338	21681.1914
339	18147.0918	339	25649.041
340	23018.0664	340	32434.8652
341	31178.79	341	43986.9
342	44783.42	342	63266.41
343	69744.55	343	98332.78
344	114197.281	344	160639.313
345	190371.313	345	267891.031
346	304879.5	346	429182.5
347	455177.1	347	636717.5
348	650478.4	348	904407.4
349	868860.9	349	1193562.13
350	1087016.38	350	1475132.63
351	1317790.38	351	1778567.5
352	1527056	352	2048373
353	1717906.25	353	2286629
354	1878262.25	354	2480079
355	2016956.38	355	2668678
356	2121058.75	356	2813614.25
357	2187171	357	2883797
358	2231608.25	358	2925544
359	2246709.75	359	2921222.75
360	2251490	360	2902822.25
361	2239510.25	361	2897643.75
362	2215773.5	362	2876766.25
363	2186718.75	363	2830343
364	2164232.75	364	2792139.5
365	2134823.75	365	2751928.5
366	2107369.75	366	2714909.25
367	2089807.75	367	2690462
368	2070767.88	368	2664466.5
369	2060103.88	369	2648654.75
370	2045452.5	370	2627895.5
371	2034293.88	371	2613741
372	2028059.88	372	2597995.75
373	2010992.13	373	2585771
374	1991993.25	374	2563055
375	1973468.5	375	2546792.5
376	1955294.5	376	2531244.25
377	1930264.38	377	2509776.5
378	1894455.5	378	2475460.5
379	1862562.63	379	2422432
380	1828104.38	380	2366703.75
381	1788684.25	381	2309361.5
382	1741031.63	382	2241370
383	1694137.75	383	2183775.5
384	1654850.5	384	2127169.5
385	1609218	385	2074043.63
386	1560520.25	386	2013420.63
387	1511184	387	1936828.75
388	1474750.88	388	1874582
389	1430215.75	389	1815636.63
390	1395913.88	390	1769619
391	1354892.63	391	1714672.38
392	1317920.5	392	1664412.75
393	1289975.25	393	1627666.38
394	1263158.63	394	1592560.25
395	1228082.38	395	1538114.5
396	1197786.88	396	1490416.75
397	1169633.63	397	1456419.38
398	1137157.25	398	1417070
399	1106642.25	399	1374913.38
400	1075041.13	400	1331699.5
401	1045585.94	401	1289183.25
402	1014593.81	402	1245450.13
403	981132.6	403	1204247.5
404	947085.2	404	1162621.88
405	918654.563	405	1125106.63
406	886993.938	406	1083736.25
407	851813.2	407	1040566.31
408	821499.4	408	1003585.25
409	787285.25	409	959703.6
410	757557.938	410	921439.9
411	727254.438	411	882602.063
412	697905	412	845133.938
413	666500.2	413	806217
414	643061.1	414	777092.9
415	617669	415	742320.9
416	591454.938	416	706978.3
417	570896.3	417	683271.3
418	548630.063	418	657579.6
419	527785.1	419	629624.6
420	507028.938	420	602128.25
421	489423	421	582987.1
422	470700.656	422	562802
423	451939.75	423	541592.063
424	433732.219	424	521002.4
425	415651.6	425	497554.219
426	400856.875	426	478172.719
427	382130.1	427	457327.9
428	366462.156	428	439993.781
429	353008.75	429	423894.438
430	334417.2	430	401133.625
431	321844.25	431	387423.031
432	308264.438	432	372641.625
433	292861.938	433	355016.5
434	282310.2	434	343207.531
435	270993.938	435	330455.75
436	258026.313	436	315594.219
437	244656.313	437	299854.344
438	235953.281	438	289905.438
439	223709.9	439	275234.063
440	215195.672	440	265144.969
441	206351.938	441	256084.313
442	197295.938	442	246609.813
443	189010.391	443	236426.656
444	178533.3	444	223523.3
445	170862.438	445	214827.859
446	164900.422	446	207464.734
447	155494.016	447	196760.7
448	149869.781	448	190766.016
449	142120.281	449	181179.1
450	135869.7	450	173381.828
451	129927.695	451	166476.3
452	125149.43	452	161036.9
453	119597.109	453	154188.281
454	113387.914	454	146467.953
455	109267.383	455	141694.375
456	104196.289	456	135643.219
457	100230.266	457	131010.477
458	95586.3047	458	125450.711
459	90937.49	459	119546.625
460	86662.41	460	114122.953
461	82266.9141	461	109252.977
462	78801.875	462	104903.141
463	75864.21	463	101303.977
464	72278.78	464	96881.51
465	68953.5	465	92927.76
466	65252.4375	466	88428.14
467	62781.5156	467	85122.18
468	60278.4063	468	81781.9
469	57231.21	469	78036.48
470	54918.97	470	75244.58
471	52683.6055	471	72587.31
472	50605.8477	472	70123.65
473	48358.27	473	67205.98
474	45937.07	474	64030.5938
475	44546.27	475	62544.4453
476	42305.45	476	59858.5234
477	40757.3359	477	57963
478	39006.08	478	55793.4766
479	37214.1172	479	53453.2031
480	36033.27	480	51959.0859
481	35083.3477	481	50770.18
482	33157.875	482	48155.71
483	31886.377	483	46467.418
484	30300.23	484	44297.98
485	28895.6621	485	42500.04
486	28019.5176	486	41448.8633
487	26563.3027	487	39484
488	25425.1758	488	37964.06
489	23978.76	489	36011.3
490	22888.4473	490	34563.5859
491	22254.4648	491	33840.82
492	21179.5938	492	32435.0723
493	20538.8	493	31581.8145
494	19448.2324	494	30047.1758
495	19080.7461	495	29653.0645
496	17877.0664	496	27929.2227
497	17097.19	497	26919.4375
498	16376.6387	498	26011.9434
499	15175.6172	499	24155.7266
500	14889.7021	500	23766.87
</Group>
<Group>
RCQCSignal
1
201	
ExCorr	T636058240676098229
X	Y
300	0.9427942
301	0.942669034
302	0.9427972
303	0.942634
304	0.9427271
305	0.9426416
306	0.942659855
307	0.942669034
308	0.9428873
309	0.9426675
310	0.942829251
311	0.942801833
312	0.942812443
313	0.9427042
314	0.940750957
315	0.9418267
316	0.942409635
317	0.9426111
318	0.942493558
319	0.9426049
320	0.9427637
321	0.94247067
322	0.9428034
323	0.942679763
324	0.9427148
325	0.9427011
326	0.9428537
327	0.9428979
328	0.942835331
329	0.943017
330	0.942978859
331	0.9426645
332	0.9429208
333	0.9428705
334	0.942835331
335	0.942945242
336	0.942792654
337	0.9428277
338	0.9428003
339	0.9429574
340	0.9427209
341	0.9428644
342	0.942852139
343	0.942798734
344	0.9430108
345	0.942984939
346	0.9429666
347	0.943154335
348	0.9430628
349	0.943111539
350	0.9431604
351	0.942905545
352	0.9432688
353	0.9431329
354	0.94321835
355	0.9434564
356	0.943207741
357	0.9433694
358	0.943201542
359	0.943107
360	0.943155766
361	0.943058133
362	0.9430673
363	0.9428903
364	0.9428766
365	0.9430368
366	0.942984939
367	0.942942142
368	0.942785
369	0.9429269
370	0.9430139
371	0.9429331
372	0.945725441
373	0.942991
374	0.943151236
375	0.9430765
376	0.942852139
377	0.942958951
378	0.942489
379	0.9427484
380	0.9429178
381	0.9428537
382	0.9429269
383	0.942073941
384	0.9450617
385	0.9430399
386	0.9425348
387	0.9419519
388	0.9428308
389	0.942809463
390	0.9428903
391	0.942775846
392	0.9430047
393	0.9430642
394	0.943032265
395	0.9430933
396	0.943018436
397	0.942995548
398	0.9429163
399	0.942965031
400	0.9429712
401	0.9430994
402	0.942978859
403	0.9431162
404	0.94302
405	0.942956
406	0.9429529
407	0.943029165
408	0.9428903
409	0.9428781
410	0.9428873
411	0.942948341
412	0.9429544
413	0.94311
414	0.9431634
415	0.942899466
416	0.9425317
417	0.9427438
418	0.9427774
419	0.943065763
420	0.943171
421	0.94359374
422	0.943314552
423	0.9433588
424	0.9432993
425	0.94322443
426	0.943155766
427	0.9431329
428	0.9431436
429	0.942518
430	0.943035245
431	0.943226
432	0.942775846
433	0.9430307
434	0.94321835
435	0.943114638
436	0.943029165
437	0.9432336
438	0.943026066
439	0.943088651
440	0.943048954
441	0.943046
442	0.9430094
443	0.9430536
444	0.942936063
445	0.9412439
446	0.9429345
447	0.9430765
448	0.943055153
449	0.942815542
450	0.9430871
451	0.9432001
452	0.943131447
453	0.9431696
454	0.9431802
455	0.943223
456	0.9432565
457	0.9432688
458	0.9432459
459	0.943235159
460	0.943154335
461	0.9392983
462	0.941105
463	0.942324162
464	0.942868948
465	0.9430307
466	0.9430642
467	0.9432565
468	0.9433023
469	0.943334341
470	0.943519
471	0.9436487
472	0.943647146
473	0.9436914
474	0.943697453
475	0.9440149
476	0.9438455
477	0.9442636
478	0.944021
479	0.9437295
480	0.9436914
481	0.943709731
482	0.9437082
483	0.9436319
484	0.9437356
485	0.9436288
486	0.943757057
487	0.943587661
488	0.9436532
489	0.943576932
490	0.9437158
491	0.943799734
492	0.94372344
493	0.943627357
494	0.942872047
495	0.9428735
496	0.9434122
497	0.9434732
498	0.942546964
499	0.943308353
500	0.9434396
</Group>
</Session>
