<Session>
Acquisition 1 2016-09-02 14:16:41
<Group>
Detector1
2
81		81	
D1 350:330-370	T636070406482236247	D1 350:330-370 [COR]	T636070406482236249
X	Y	X	Y
330	170.126526	330	1095.48193
330.5	207.633728	330.5	1338.45874
331	108.115295	331	696.6675
331.5	167.125977	331.5	1077.74915
332	162.625122	332	1047.93555
332.5	148.622559	332.5	960.187866
333	105.114807	333	678.176636
333.5	215.635254	333.5	1391.57178
334	183.629089	334	1184.06824
334.5	228.137756	334.5	1472.78394
335	180.128418	335	1162.75964
335.5	168.626282	335.5	1087.831
336	209.133972	336	1348.42139
336.5	239.139954	336.5	1543.104
337	261.644531	337	1688.84338
337.5	326.1582	337.5	2104.35986
338	326.658325	338	2108.31323
338.5	371.668335	338.5	2399.73779
339	365.667	339	2359.64063
339.5	411.1775	339.5	2654.57373
340	451.187134	340	2914.04
340.5	615.229736	340.5	3970.865
341	585.7217	341	3782.70313
341.5	595.724365	341.5	3848.63
342	723.260742	342	4672.6377
342.5	775.2765	342.5	5009.77246
343	888.3126	343	5740.174
343.5	1102.38806	343.5	7123.646
344	1191.92224	344	7701.039
344.5	1544.57275	344.5	9982.722
345	1794.69458	345	11596.7676
345.5	3002.459	345.5	19407.1914
346	5808.86035	346	37522.5
346.5	16804.377	346.5	108560.117
347	37764.62	347	244037.859
347.5	111628.383	347.5	721500.5
348	215135.516	348	1389968.63
348.5	405637.938	348.5	2620307.5
349	565789.3	349	3653993.5
349.5	746618.25	349.5	4824609.5
350	809274.75	350	5227275.5
350.5	763561.3	350.5	4933267
351	664137.563	351	4291538
351.5	453494.875	351.5	2931400.25
352	300748.125	352	1942825
352.5	140917.125	352.5	910576.9
353	69274.8359	353	447271.125
353.5	22035.4531	353.5	142391.984
354	8410.455	354	54328.11
354.5	3458.82349	354.5	22351.5117
355	2243.44458	355	14493.9521
355.5	1672.1333	355.5	10798.6377
356	1216.432	356	7848.488
356.5	1063.37366	356.5	6857.84131
357	945.3318	357	6095.6123
357.5	811.2877	357.5	5233.41748
358	665.7439	358	4294.10645
358.5	615.729858	358.5	3971.21851
359	527.2062	359	3400.40918
359.5	496.698364	359.5	3205.95679
360	499.6991	360	3225.38843
360.5	434.6831	360.5	2807.253
361	352.16394	361	2275.329
361.5	353.6643	361.5	2283.60425
362	241.14032	362	1557.553
362.5	334.660034	362.5	2162.4707
363	231.638428	363	1496.60693
363.5	279.1482	363.5	1803.61011
364	271.6466	364	1755.63477
364.5	167.626038	364.5	1083.98718
365	269.646118	365	1743.49683
365.5	160.624756	365.5	1037.40686
366	207.1336	366	1338.89612
366.5	174.62738	366.5	1128.64453
367	135.620178	367	876.2929
367.5	140.121033	367.5	905.9105
368	172.627014	368	1115.694
368.5	159.624573	368.5	1032.59058
369	105.614868	369	682.4005
369.5	143.121521	369.5	925.4143
370	105.114807	370	679.507751
</Group>
<Group>
RCQCSignal
1
81	
ExCorr	T636070406482236248
X	Y
330	0.155298322
330.5	0.155128956
331	0.155189216
331.5	0.155069441
332	0.155186176
332.5	0.154784858
333	0.154996186
333.5	0.15495804
334	0.155083179
334.5	0.154902369
335	0.154914558
335.5	0.155011445
336	0.1550954
336.5	0.1549733
337	0.154925257
337.5	0.154991627
338	0.154938221
338.5	0.1548787
339	0.154967219
339.5	0.154893965
340	0.154832155
340.5	0.154935926
341	0.154842079
341.5	0.154788673
342	0.154786378
342.5	0.154752821
343	0.1547536
343.5	0.154750526
344	0.154774189
344.5	0.1547246
345	0.154758155
345.5	0.154708564
346	0.154810041
346.5	0.154793262
347	0.154749
347.5	0.154716969
348	0.154777229
348.5	0.154805452
349	0.154841334
349.5	0.154752046
350	0.154817671
350.5	0.154778
351	0.154755116
351.5	0.154702455
352	0.154799372
352.5	0.154755861
353	0.1548833
353.5	0.154752046
354	0.154808521
354.5	0.154746711
355	0.154784858
355.5	0.154846668
356	0.154989332
356.5	0.155059516
357	0.155083954
357.5	0.155020624
358	0.155036628
358.5	0.155048072
359	0.155041963
359.5	0.154929817
360	0.154926777
360.5	0.154842854
361	0.154774934
361.5	0.154871076
362	0.154819965
362.5	0.154758155
363	0.154775709
363.5	0.1547719
364	0.154728413
364.5	0.15463838
365	0.1546582
365.5	0.154832929
366	0.15470475
366.5	0.154723078
367	0.154765785
367.5	0.154674232
368	0.154726118
368.5	0.1545865
369	0.1547696
369.5	0.154656678
370	0.15469256
</Group>
</Session>
