<Session>
Acquisition 1 2016-09-02 14:08:22
<Group>
Detector1
2
81		81	
D1 350:330-370	T636070406482235556	D1 350:330-370 [COR]	T636070406482235558
X	Y	X	Y
330	207.532043	330	1338.44519
330.5	167.524963	330.5	1079.7406
331	184.027832	331	1186.32739
331.5	214.533325	331.5	1383.23145
332	209.53241	332	1350.2168
332.5	237.5376	332.5	1531.55444
333	215.533508	333	1390.95972
333.5	191.029114	333.5	1232.449
334	227.535767	334	1468.30151
334.5	272.5443	334.5	1758.96082
335	227.535767	335	1467.97632
335.5	244.53894	335.5	1576.54138
336	196.53009	336	1269.23853
336.5	231.5365	336.5	1495.78259
337	283.0464	337	1827.25244
337.5	338.057434	337.5	2183.88013
338	284.04657	338	1834.27844
338.5	304.550659	338.5	1967.21033
339	319.55365	339	2066.422
339.5	315.052734	339.5	2036.57275
340	350.06	340	2262.86768
340.5	416.5744	340.5	2687.31885
341	408.5727	341	2639.98779
341.5	459.584167	341.5	2969.7002
342	523.599548	342	3385.83569
342.5	519.59845	342.5	3359.781
343	497.5932	343	3217.92114
343.5	571.1114	343.5	3692.086
344	742.6579	344	4804.78662
344.5	820.180969	344.5	5304.689
345	911.2094	345	5894.656
345.5	1080.76709	345.5	6995.813
346	1314.856	346	8513.007
346.5	1413.39648	346.5	9156.07
347	1670.51172	347	10813.7158
347.5	2301.35083	347.5	14893.1318
348	4322.47266	348	27969.1777
348.5	9112.072	348.5	59015.16
349	24410.4023	349	158223.625
349.5	62301.7227	349.5	403943.8
350	142367.422	350	923268.9
350.5	284651.844	350.5	1844804
351	464954.719	351	3012869.25
351.5	651388.75	351.5	4221301.5
352	786911.4	352	5103437.5
352.5	816065.938	352.5	5290082
353	743074.7	353	4818376
353.5	598836.3	353.5	3880335
354	396048.75	354	2563892.5
354.5	231242.5	354.5	1497544.5
355	111042.359	355	718621.9
355.5	45030.9531	355.5	291577.875
356	14886.2207	356	96397.6641
356.5	5895.8	356.5	38200.7266
357	2998.31763	357	19427.1289
357.5	1991.67432	357.5	12900.085
358	1483.92676	358	9613.112
358.5	1297.84912	358.5	8405.803
359	1086.269	359	7037.266
359.5	993.2365	359.5	6435.42432
360	898.205261	360	5808.92529
360.5	777.168	360.5	5026.29541
361	697.6451	361	4509.82666
361.5	606.1204	361.5	3910.67529
362	564.109558	362	3634.13037
362.5	513.097	362.5	3303.4978
363	475.08783	363	3053.41187
363.5	466.085754	363.5	2988.302
364	477.58844	364	3056.14624
364.5	323.054382	364.5	2061.86841
365	327.055237	365	2084.156
365.5	334.0567	365.5	2127.57275
366	304.050537	366	1936.10889
366.5	242.538574	366.5	1546.785
367	313.552429	367	2001.73962
367.5	232.536682	367.5	1484.65259
368	266.04303	368	1700.11755
368.5	220.534424	368.5	1410.77881
369	229.036011	369	1465.17847
369.5	229.536133	369.5	1469.20972
370	199.030518	370	1274.32349
</Group>
<Group>
RCQCSignal
1
81	
ExCorr	T636070406482235557
X	Y
330	0.155054554
330.5	0.155152962
331	0.155123964
331.5	0.155095741
332	0.155184254
332.5	0.155095741
333	0.154953077
333.5	0.1549996
334	0.154965267
334.5	0.1549462
335	0.1549996
335.5	0.155111
336	0.154840931
336.5	0.15479286
337	0.154902712
337.5	0.154796675
338	0.15485464
338.5	0.154813454
339	0.154641017
339.5	0.1546975
340	0.1546975
340.5	0.155014858
341	0.154763088
341.5	0.154757753
342	0.154644087
342.5	0.154652461
343	0.154631868
343.5	0.154685274
344	0.154566243
344.5	0.154614314
345	0.154582277
345.5	0.154487684
346	0.154452577
346.5	0.154367134
347	0.1544808
347.5	0.154524282
348	0.15454413
348.5	0.154402211
349	0.154277846
349.5	0.15423362
350	0.154199287
350.5	0.154299214
351	0.154322878
351.5	0.154309914
352	0.1541924
352.5	0.154263362
353	0.154216811
353.5	0.154325917
354	0.154471651
354.5	0.15441443
355	0.154521242
355.5	0.154438838
356	0.1544251
356.5	0.154337361
357	0.154336616
357.5	0.154392317
358	0.154364839
358.5	0.154399171
359	0.1543595
359.5	0.154338911
360	0.154625013
360.5	0.154620424
361	0.154694423
361.5	0.154991224
362	0.155225441
362.5	0.155319288
363	0.155592427
363.5	0.155970082
364	0.156271443
364.5	0.15668039
365	0.156924531
365.5	0.157013044
366	0.157042041
366.5	0.156801715
367	0.156639948
367.5	0.156626984
368	0.156485066
368.5	0.156321034
369	0.156319514
369.5	0.156231
370	0.156185225
</Group>
</Session>
