<Session>
Acquisition 1 2016-09-01 16:46:12
<Group>
Detector1
2
41		41	
D1 350:330-370	T636070406482234174	D1 350:330-370 [COR]	T636070406482234176
X	Y	X	Y
330	174.026978	330	1150.3584
331	112.016052	331	740.2951
332	117.016907	332	773.5477
333	98.01367	333	647.7689
334	186.029175	334	1229.11316
335	324.056519	335	2140.383
336	183.028625	336	1209.43445
337	322.056152	337	2126.82739
338	330.057861	338	2181.56079
339	325.056763	339	2146.96753
340	330.057861	340	2180.30713
341	342.060425	341	2258.20557
342	555.110962	342	3666.08325
343	505.098267	343	3336.225
344	638.133057	344	4211.622
345	853.1968	345	5634.428
346	1143.29749	346	7555.93555
347	1622.50061	347	10716.6729
348	4641.836	348	30654.8535
349	30342.3359	349	200596.141
350	179800.438	350	1188558.38
351	514044.438	351	3400937
352	774746.25	352	5131137
353	653991.5	353	4334577
354	295030.844	354	1955369.75
355	69459.4	355	460550.2
356	8737.916	356	57931.43
357	2247.835	357	14900.4893
358	1256.34131	358	8328.39551
359	888.2081	359	5884.319
360	756.1669	360	5012.28955
361	599.122437	361	3970.91113
362	548.109131	362	3634.382
363	492.0951	363	3261.11865
364	312.054077	364	2066.62671
365	296.050659	365	1961.75171
366	298.051147	366	1976.90674
367	119.017273	367	788.1546
368	179.0279	368	1186.13147
369	176.027344	369	1165.3092
370	253.041992	370	1675.18347
</Group>
<Group>
RCQCSignal
1
41	
ExCorr	T636070406482234175
X	Y
330	0.151280642
331	0.151312679
332	0.151273012
333	0.151309609
334	0.151352346
335	0.151401162
336	0.151334047
337	0.1514256
338	0.151294351
339	0.151402712
340	0.151381344
341	0.151474416
342	0.151417971
343	0.151398122
344	0.151517153
345	0.1514256
346	0.151311159
347	0.151399642
348	0.15142253
349	0.1512608
350	0.151276052
351	0.151147872
352	0.150989175
353	0.1508778
354	0.150882363
355	0.150818288
356	0.150832027
357	0.150856435
358	0.150850326
359	0.150944918
360	0.150862545
361	0.1508778
362	0.150812179
363	0.150897622
364	0.1509968
365	0.150911361
366	0.1507664
367	0.1510075
368	0.150934249
369	0.151056319
370	0.15105328
</Group>
</Session>
