<Session>
Acquisition 1 2016-07-13 15:37:50
<Group>
Detector1
2
251		251	
D1 366:350-600	T636040156528600670	D1 366:350-600 [COR]	T636040156528600672
X	Y	X	Y
350	255.441589	350	260.153229
351	256.441772	351	256.624268
352	277.445923	352	272.734467
353	245.439636	353	238.401733
354	284.447327	354	272.945618
355	351.4613	355	333.8244
356	544.5065	356	511.909058
357	756.5648	357	702.7664
358	1561.86792	358	1433.14026
359	6335.326	359	5671.153
360	22689.0762	360	19808.17
361	57734.7578	361	50415.02
362	121457.07	362	106088.68
363	191265.609	363	165755.484
364	258659.453	364	222584.563
365	297084.844	365	252243.25
366	286739.75	366	240220.9
367	230695.141	367	193098.7
368	154403.078	368	129092.266
369	82714.68	369	68241.99
370	33029.0156	370	26874.2617
371	8841.489	371	7176.38428
372	1880.02344	372	1522.0531
373	802.5786	373	644.7714
374	610.5237	374	487.2778
375	411.4745	375	327.9199
376	411.4745	376	327.386841
377	427.478149	377	337.842377
378	359.463	378	282.1467
379	329.456543	379	255.889664
380	445.482422	380	342.2783
381	490.493164	381	374.0495
382	488.492676	382	369.8924
383	581.516	383	440.006866
384	757.565063	384	572.7827
385	970.6327	385	729.866638
386	1172.70532	386	877.168335
387	1382.78931	387	1021.09784
388	1728.947	388	1260.26733
389	2062.12158	389	1488.62048
390	2578.43579	390	1842.34973
391	3164.85742	391	2248.97461
392	3730.329	392	2636.672
393	4150.7207	393	2923.429
394	4301.87061	394	3018.73169
395	4715.30273	395	3274.19482
396	5008.63037	396	3441.50537
397	5095.731	397	3480.4165
398	4942.555	398	3353.833
399	5107.745	399	3443.37939
400	4710.29736	400	3154.89185
401	4130.70166	401	2743.507
402	3908.49072	402	2574.62354
403	3505.1333	403	2296.9082
404	3368.01953	404	2194.74585
405	3140.83887	405	2042.81482
406	3225.90527	406	2093.74268
407	3602.21631	407	2327.28882
408	3470.104	408	2231.70923
409	3756.352	409	2398.51685
410	4002.57861	410	2539.637
411	4484.05664	411	2841.44019
412	4802.39844	412	3037.962
413	5032.65771	413	3170.82
414	5397.09033	414	3384.613
415	5796.595	415	3606.81128
416	5866.687	416	3622.4812
417	6331.321	417	3910.00171
418	6282.25146	418	3878.311
419	6466.513	419	3965.28027
420	6523.595	420	3972.975
421	6333.323	421	3857.91772
422	6475.526	422	3950.78613
423	6353.35156	423	3864.258
424	6026.901	424	3657.116
425	5777.57031	425	3495.09277
426	5408.104	426	3263.355
427	5047.67529	427	3049.06519
428	4743.3335	428	2868.313
429	4381.95166	429	2645.30542
430	4253.82227	430	2563.672
431	3893.477	431	2352.45264
432	3889.47314	432	2357.22925
433	3769.36377	433	2287.00977
434	3883.46777	434	2360.2146
435	3692.29541	435	2241.51733
436	3871.45654	436	2348.70874
437	3771.36572	437	2297.91357
438	3726.3252	438	2280.57544
439	3880.46484	439	2378.61426
440	3963.542	440	2433.84839
441	3819.40918	441	2356.97754
442	3908.49072	442	2422.3667
443	3879.46387	443	2408.75439
444	3945.52539	444	2454.25146
445	3912.49463	445	2439.49463
446	4032.60742	446	2523.60864
447	3750.34668	447	2357.764
448	3704.30566	448	2340.412
449	3648.25635	449	2305.78882
450	3486.11719	450	2203.23
451	3522.148	451	2236.6792
452	3343.99976	452	2132.858
453	3136.83569	453	2007.69556
454	3029.75415	454	1946.92114
455	2974.71313	455	1916.914
456	2757.55737	456	1781.0979
457	2387.31323	457	1548.07
458	2484.37451	458	1616.69971
459	2278.24658	459	1485.11072
460	2205.20337	460	1439.82861
461	1941.05566	461	1277.852
462	1967.06958	462	1305.7594
463	1856.011	463	1235.89832
464	1920.04443	464	1282.855
465	1700.93335	465	1142.58374
466	1757.96143	466	1187.49353
467	1646.90747	467	1113.46558
468	1792.979	468	1213.60938
469	1579.87622	469	1076.092
470	1483.833	470	1017.05371
471	1390.79272	471	959.327942
472	1621.89575	472	1125.34167
473	1406.79956	473	980.397034
474	1443.81543	474	1010.54584
475	1450.81836	475	1020.49146
476	1420.80542	476	1004.78644
477	1288.75061	477	917.713867
478	1206.71826	478	865.641541
479	1324.76514	479	954.789734
480	1303.75671	480	943.8348
481	1217.72253	481	887.6506
482	1074.66907	482	788.524353
483	1171.705	483	862.167664
484	1128.68872	484	832.830261
485	1093.6759	485	810.5942
486	920.6161	486	685.0053
487	994.640869	487	744.475159
488	926.618042	488	697.402466
489	864.5979	489	655.658
490	826.58606	490	631.296936
491	746.5619	491	574.231
492	693.5465	492	536.827942
493	670.540039	493	521.9577
494	722.5548	494	565.695862
495	637.531	495	502.235535
496	579.5155	496	459.4302
497	446.482666	497	355.771667
498	580.515747	498	464.768982
499	588.5178	499	472.91806
500	475.4895	500	383.672363
501	441.481445	501	358.920135
502	401.4723	502	328.451721
503	390.469849	503	321.4437
504	515.499268	504	426.3399
505	452.484	505	376.3108
506	365.464355	506	305.362061
507	385.46875	507	324.167053
508	365.464355	508	309.265625
509	341.4591	509	290.580566
510	364.4641	510	311.905518
511	438.4807	511	377.317139
512	312.453	512	270.4346
513	327.456177	513	285.710663
514	334.457642	514	294.226837
515	321.454956	515	284.273956
516	300.450562	516	267.113281
517	302.450928	517	270.784
518	280.446533	518	252.96492
519	222.435181	519	201.896
520	241.438843	520	220.576385
521	356.4624	521	327.994415
522	262.442932	522	242.973953
523	284.447327	523	265.23526
524	227.436157	524	213.448639
525	199.430908	525	188.590759
526	242.439026	526	231.027954
527	255.441589	527	245.004532
528	229.436523	528	221.516678
529	286.447754	529	278.523682
530	273.445129	530	267.765778
531	234.4375	531	230.9457
532	189.429077	532	187.67952
533	170.425659	533	169.892456
534	188.4289	534	189.0186
535	126.417969	535	127.471436
536	118.416626	536	120.067207
537	157.42334	537	160.712921
538	140.420349	538	144.350266
539	165.424744	539	171.075623
540	149.421936	540	155.358688
541	169.425476	541	177.467941
542	25.4017944	542	26.8107357
543	123.41748	543	131.030014
544	137.419861	544	146.799179
545	90.41199	545	97.021
546	114.415955	546	123.433571
547	77.40985	547	84.21067
548	108.414917	548	118.846916
549	144.421082	549	159.282471
550	99.41345	550	110.319557
551	65.40796	551	72.96586
552	138.420044	552	155.238708
553	97.4130859	553	110.315971
554	87.4115	554	99.92716
555	128.418274	555	147.810059
556	70.40875	556	81.58365
557	32.402832	557	37.7927666
558	124.4176	558	146.147232
559	-23.6052856	559	-27.9262848
560	59.4070435	560	70.76746
561	12.3999023	561	14.8917942
562	79.41022	562	96.13107
563	47.40515	563	57.9152031
564	-6.60290527	564	-8.141493
565	18.4007568	565	22.8908157
566	66.40814	566	83.26991
567	101.413757	567	128.421509
568	57.4066772	568	73.40473
569	65.40796	569	84.28283
570	81.41052	570	105.691422
571	111.415405	571	146.220245
572	128.418274	572	170.281631
573	103.414124	573	137.718277
574	46.40503	574	62.07279
575	63.4076538	575	85.43586
576	-17.6044312	576	-23.8975029
577	2.3984375	577	3.28147554
578	-4.6026	578	-6.347061
579	125.417786	579	173.911545
580	71.4089355	580	99.57658
581	29.4024048	581	41.3070145
582	88.41162	582	125.114769
583	-8.603149	583	-12.278121
584	44.4046631	584	63.8335457
585	1.39825439	585	2.02267885
586	68.40845	586	99.56546
587	5.39886475	587	7.908077
588	2.3984375	588	3.5364337
589	-12.60376	589	-18.6771374
590	-29.60614	590	-44.07862
591	-45.6083374	591	-68.46191
592	32.402832	592	49.0983429
593	79.41022	593	121.003273
594	89.4118042	594	137.230331
595	19.40094	595	29.9758987
596	-10.6034546	596	-16.4923344
597	101.413757	597	159.000748
598	6.398987	598	10.1106453
599	47.40515	599	75.5477142
600	82.4106445	600	132.440842
</Group>
<Group>
RCQCSignal
1
251	
ExCorr	T636040156528600671
X	Y
350	1.4974407
351	1.49753833
352	1.497578
353	1.49764061
354	1.49781
355	1.49800837
356	1.49811208
357	1.49803281
358	1.49806178
359	1.49849963
360	1.49847829
361	1.49850726
362	1.49843717
363	1.4998821
364	1.50004387
365	1.50001335
366	1.49966848
367	1.4997189
368	1.50016439
369	1.49968684
370	1.49980128
371	1.49973416
372	1.499841
373	1.50093651
374	1.50021636
375	1.5000546
376	1.50008667
377	1.500285
378	1.5006299
379	1.50065279
380	1.50099146
381	1.501225
382	1.50077629
383	1.50067711
384	1.50060546
385	1.500668
386	1.50038564
387	1.50053835
388	1.50060844
389	1.50028646
390	1.50065422
391	1.5007565
392	1.50059319
393	1.50065732
394	1.50091672
395	1.500813
396	1.50051546
397	1.50085258
398	1.50193453
399	1.50145078
400	1.500845
401	1.50121737
402	1.501225
403	1.50099456
404	1.50128746
405	1.50098383
406	1.50096858
407	1.5009656
408	1.50091064
409	1.50191927
410	1.5015713
411	1.50110435
412	1.50125241
413	1.50074732
414	1.501164
415	1.50138521
416	1.50130427
417	1.50102043
418	1.50151336
419	1.50127375
420	1.50113952
421	1.50244415
422	1.50169039
423	1.50251889
424	1.50220764
425	1.50294161
426	1.50284541
427	1.50261962
428	1.5023526
429	1.50258911
430	1.502789
431	1.50272954
432	1.50187349
433	1.50260592
434	1.50249445
435	1.50319493
436	1.50321925
437	1.503024
438	1.50263488
439	1.50272954
440	1.50249755
441	1.502081
442	1.50259221
443	1.502522
444	1.502435
445	1.50351226
446	1.50264406
447	1.50326967
448	1.503291
449	1.50295377
450	1.5031873
451	1.5026685
452	1.5027386
453	1.50337493
454	1.50321162
455	1.50276458
456	1.50303769
457	1.50274479
458	1.50307739
459	1.50291717
460	1.50289738
461	1.50291872
462	1.50276768
463	1.502853
464	1.50255859
465	1.50286376
466	1.50282252
467	1.50329411
468	1.503381
469	1.50377476
470	1.50407076
471	1.50403714
472	1.50459874
473	1.50471616
474	1.50492072
475	1.50486112
476	1.50410438
477	1.50441861
478	1.50398374
479	1.50387084
480	1.50409365
481	1.50391209
482	1.504173
483	1.50418675
484	1.50427222
485	1.504147
486	1.5047971
487	1.50467038
488	1.50508094
489	1.50486267
490	1.50524879
491	1.50481236
492	1.505473
493	1.50560892
494	1.50552034
495	1.50571716
496	1.5056653
497	1.50531137
498	1.50546241
499	1.50595832
500	1.50577056
501	1.50521827
502	1.506445
503	1.50543487
504	1.50677466
505	1.50600255
506	1.50654113
507	1.50637949
508	1.50651371
509	1.50651681
510	1.50647557
511	1.50690889
512	1.50682807
513	1.50649846
514	1.50582707
515	1.50645268
516	1.50692725
517	1.50703561
518	1.50638711
519	1.50679147
520	1.50673807
521	1.50601935
522	1.50672126
523	1.50606513
524	1.50638247
525	1.50634432
526	1.50608194
527	1.5060575
528	1.50582862
529	1.50577211
530	1.50565767
531	1.50550663
532	1.50568664
533	1.50577366
534	1.50563323
535	1.50603461
536	1.5058347
537	1.50612772
538	1.50622225
539	1.50563323
540	1.50592172
541	1.50593841
542	1.50558448
543	1.505499
544	1.50491154
545	1.50594
546	1.5057447
547	1.50525177
548	1.50568974
549	1.50574625
550	1.50563788
551	1.50584078
552	1.50589573
553	1.50560272
554	1.5056119
555	1.50575531
556	1.50604522
557	1.50663424
558	1.50633979
559	1.506474
560	1.5068891
561	1.50705242
562	1.50737286
563	1.506967
564	1.50636566
565	1.50592315
566	1.50681126
567	1.5066098
568	1.50645268
569	1.50608492
570	1.5059675
571	1.50577366
572	1.5061872
573	1.50633216
574	1.506262
575	1.50620854
576	1.5058347
577	1.50598729
578	1.50598121
579	1.50642979
580	1.50670445
581	1.50669837
582	1.50687993
583	1.50613379
584	1.50712872
585	1.50710273
586	1.507234
587	1.50762761
588	1.5076108
589	1.50749493
590	1.50781834
591	1.50771463
592	1.50570655
593	1.508386
594	1.508563
595	1.50816166
596	1.50772989
597	1.50754678
598	1.507626
599	1.50763988
600	1.50783968
</Group>
</Session>
