<Session>
Acquisition 1 2016-07-13 15:46:22
<Group>
Detector1
2
251		251	
D1 366:350-600	T636040156528601361	D1 366:350-600 [COR]	T636040156528601363
X	Y	X	Y
350	12892.7188	350	8886.891
351	12911.7715	351	8849.375
352	13335.9453	352	9086.279
353	14086.1113	353	9521.216
354	14279.6875	354	9568.537
355	14856.4512	355	9976.12
356	15219.5957	356	10243.4668
357	15736.27	357	10529.2861
358	16544.9961	358	11005.7744
359	17024.6738	359	11230.3223
360	17957.0684	360	11744.6035
361	18969.9512	361	12452.1328
362	23247.6055	362	15306.3867
363	37092.9375	363	24349.13
364	71734.9141	364	46915.9141
365	134765.922	365	88077.9
366	222423.172	366	145288.828
367	312977.563	367	204217.531
368	379900.281	368	247626.984
369	398517.031	369	259569.953
370	363563.531	370	236675.375
371	295186.3	371	192181.172
372	215176.875	372	140064.453
373	154586.063	373	100696.375
374	122385.836	374	79803.43
375	120074.125	375	78521.19
376	140818.313	376	92328.25
377	176502.953	377	116211.672
378	222982.625	378	147520.75
379	291323.75	379	191795.344
380	380227.281	380	249203.156
381	496855.2	381	324786.563
382	647117.9	382	421820.625
383	827865.6	383	539784.563
384	1053433.88	384	687545.5
385	1347667.75	385	878922.8
386	1783570.5	386	1164412
387	2242199.75	387	1452176.38
388	2696996.5	388	1733897.88
389	3073906.75	389	1974624.88
390	3352674.25	390	2150847.75
391	3353759.75	391	2146833
392	3017941.75	392	1929836
393	2586815.25	393	1651528
394	2132006	394	1360169.75
395	1646668.75	395	1043530.25
396	1273492.63	396	801846.1
397	1034357.06	397	651834.5
398	843530.75	398	532029.1
399	745342	399	468559.375
400	706107.3	400	442626.563
401	724461.1	401	452151.156
402	799440.1	402	496491.219
403	927697.6	403	576206.063
404	1099437.75	404	683085.1
405	1322874	405	819866.938
406	1567969.38	406	969619.3
407	1790503.75	407	1107109
408	1958623.13	408	1210484.38
409	2037370.75	409	1256646.13
410	2022085.25	410	1244642.63
411	1924304.38	411	1181926.13
412	1761839.38	412	1079534.38
413	1565932	413	958519.75
414	1365098	414	834447.9
415	1178956.25	415	716473.2
416	1016803.75	416	614356.2
417	885757.6	417	535913.3
418	776561.3	418	470508.156
419	697759.9	419	420952.031
420	635790.563	420	381988.344
421	590927.563	421	356355.156
422	564593.4	422	341619.125
423	550405.563	423	333810.281
424	549273.5	424	333852.938
425	564914.75	425	342087.063
426	597736.563	426	360683.781
427	658965	427	398977.6
428	741839.563	428	450721.656
429	854195.25	429	518571.7
430	989350.063	430	600370.9
431	1146979.63	431	698107.5
432	1322579.63	432	807774.8
433	1495280.75	433	915902.9
434	1659759.75	434	1019988.25
435	1794348.38	435	1106757.13
436	1891881	436	1169252.88
437	1960190.38	437	1214260.13
438	1994530.63	438	1238348.63
439	1997780.75	439	1242361.63
440	1975621.75	440	1230245.63
441	1944645.75	441	1219501.63
442	1900950.75	442	1200842.63
443	1865664.63	443	1179709.63
444	1831345.5	444	1158752.88
445	1808827.5	445	1147206.5
446	1797746.13	446	1142827.25
447	1803357.63	447	1153439.38
448	1822833	448	1172509.75
449	1856502	449	1195687
450	1903388.38	450	1227414.38
451	1957762	451	1267866.75
452	2029324.38	452	1319816.75
453	2106083.5	453	1372208.38
454	2196207.25	454	1433441.75
455	2303119.5	455	1510169
456	2412951.25	456	1587032.38
457	2533358.75	457	1673118.75
458	2665281.5	458	1767990.88
459	2784984	459	1849750
460	2906032.5	460	1933017.13
461	3017612.75	461	2015503.25
462	3115478.75	462	2090653.63
463	3190547	463	2149663
464	3243177	464	2194654.5
465	3285617.5	465	2236193
466	3305486.75	466	2262788
467	3320715	467	2273816
468	3320151.5	468	2275292.25
469	3316232.25	469	2284387.25
470	3303263.25	470	2287295.5
471	3299223.75	471	2297949.25
472	3292887.5	472	2306934.5
473	3282907.25	473	2306426.25
474	3271553.75	474	2305361.25
475	3263677	475	2317233.5
476	3253216	476	2325944
477	3239407.5	477	2328775.5
478	3224784.75	478	2331497.25
479	3207468.5	479	2328139
480	3185126	480	2321044
481	3160198.75	481	2310533.5
482	3123161	482	2291475
483	3088736	483	2274059.5
484	3052004.5	484	2254382
485	2998896.75	485	2228595.5
486	2938753.5	486	2196708
487	2883739	487	2165814
488	2825347.75	488	2129541.5
489	2756946.75	489	2090371.75
490	2669578.5	490	2035896.63
491	2596361.25	491	1994528.25
492	2505112.5	492	1937869.13
493	2418013	493	1877642.13
494	2329656.25	494	1815749.25
495	2229902.25	495	1748475.38
496	2138665.25	496	1686624
497	2048585.5	497	1628354.88
498	1958510.63	498	1569214.25
499	1881060	499	1510850
500	1794677.75	500	1446294.5
501	1725774.88	501	1397476.5
502	1650447.5	502	1343511.38
503	1589104.5	503	1298700.63
504	1529827.63	504	1254988.88
505	1476340.63	505	1216624.5
506	1420295	506	1176079.25
507	1379665.25	507	1151972.38
508	1332006.5	508	1121325.38
509	1293325.75	509	1095122.63
510	1255651.75	510	1070487.63
511	1219681.13	511	1043122.56
512	1182851	512	1015342.19
513	1151518.13	513	995336.8
514	1116882.75	514	973169.4
515	1083587.38	515	949896.4
516	1052893.13	516	928900.25
517	1014814.81	517	898030.25
518	983218.7	518	873585.4
519	946655.1	519	846197.4
520	914583.5	520	822435.9
521	877643.938	521	793444.7
522	843968.8	522	767343.7
523	811303.563	523	741823.4
524	777462.063	524	716110.938
525	743989.7	525	688608.1
526	712414.2	526	662787
527	680101.75	527	636809.4
528	647744	528	610559.75
529	615902.063	529	584532.2
530	586047	530	559806.938
531	559382.75	531	536962.9
532	532131.2	532	513128.4
533	504108	533	488670.125
534	479774.625	534	468086.25
535	458557.438	535	449644.75
536	431851.75	536	426086.781
537	412839.125	537	409666.9
538	390894.375	538	389999.438
539	372842.563	539	372831.375
540	354989.875	540	356144.219
541	339207.25	541	342853.5
542	322085.219	542	327990.3
543	306761.125	543	313596.375
544	291880.375	544	299791.344
545	279779.3	545	288793.781
546	265322.3	546	275253.438
547	254584.8	547	265540.625
548	243201.4	548	255051.719
549	233306.578	549	245852.4
550	224416.563	550	237860.359
551	216694.234	551	230862.563
552	205817.719	552	220444.016
553	199604.984	553	215066.609
554	190880.641	554	206655.484
555	185107.781	555	201911.859
556	176549.578	556	194139.563
557	170119.563	557	188085
558	163636.844	558	182035.938
559	158675.781	559	177602.859
560	152633.7	560	171940.7
561	145354.953	561	165015.375
562	139891.531	562	160065.2
563	134219.344	563	154542.016
564	130070.531	564	150704.938
565	123788.141	565	144517.2
566	118076.836	566	138865.328
567	113199.625	567	134330.609
568	107391.055	568	128632.781
569	103027.563	569	124151.219
570	98252.72	570	119079.273
571	94018.47	571	115005.43
572	90554.62	572	111783.563
573	85871.02	573	106366.227
574	82741.2344	574	102822.1
575	78198.04	575	97822.11
576	75267.99	576	94789.01
577	71830.29	577	90987.3
578	68841.09	578	87715.1953
579	65436.1836	579	83971.78
580	63023.03	580	81434.92
581	59548.1875	581	77331.96
582	57040.7578	582	74429.69
583	55312.19	583	72672.0859
584	52164.0742	584	68996.01
585	50461.44	585	67017.99
586	47987.8438	586	63975.168
587	45953.5234	587	61537.5547
588	43815.0977	588	58926.55
589	41620.1	589	56284.3672
590	39476.4727	590	53659.36
591	37911.17	591	51886.4844
592	36785.6328	592	50702.082
593	35406.5078	593	49133.01
594	34085.1641	594	47614.1563
595	32419.877	595	45441.78
596	31371.0527	596	44124.0273
597	29899.8477	597	42363.7
598	29002.4453	598	41395.9375
599	27479.6445	599	39512.3438
600	26835.0566	600	38885.5625
</Group>
<Group>
RCQCSignal
1
251	
ExCorr	T636040156528601362
X	Y
350	1.501445
351	1.50141144
352	1.50162506
353	1.50176549
354	1.50289619
355	1.50317383
356	1.50317538
357	1.50314486
358	1.50305033
359	1.50314033
360	1.50336766
361	1.50309753
362	1.50370181
363	1.50331271
364	1.5039475
365	1.50401163
366	1.50383914
367	1.50438845
368	1.50486457
369	1.50501561
370	1.50486767
371	1.50469828
372	1.50495923
373	1.50514388
374	1.504857
375	1.50489819
376	1.5053041
377	1.50573134
378	1.50522017
379	1.50594342
380	1.50605476
381	1.50580454
382	1.50582588
383	1.50597548
384	1.50502479
385	1.506952
386	1.50619209
387	1.50727248
388	1.507338
389	1.50657821
390	1.5066011
391	1.5071367
392	1.5059495
393	1.50708938
394	1.50693369
395	1.507132
396	1.50691235
397	1.5066545
398	1.50641179
399	1.50691545
400	1.50677049
401	1.50653088
402	1.50710917
403	1.50701
404	1.50660872
405	1.50675368
406	1.50648046
407	1.50650191
408	1.50707257
409	1.50678718
410	1.50660717
411	1.50655222
412	1.50689864
413	1.50702369
414	1.50767076
415	1.50776374
416	1.50775766
417	1.50794077
418	1.50806749
419	1.50790572
420	1.50745714
421	1.50711071
422	1.50728464
423	1.50725257
424	1.50742352
425	1.50767076
426	1.50763559
427	1.50743115
428	1.50706184
429	1.50745559
430	1.507277
431	1.508423
432	1.50883651
433	1.50910354
434	1.5087831
435	1.50767219
436	1.50907147
437	1.50901651
438	1.5089891
439	1.50870228
440	1.50879526
441	1.50903642
442	1.50878465
443	1.508481
444	1.50868845
445	1.50881517
446	1.5089891
447	1.50866556
448	1.50899827
449	1.5090059
450	1.50904858
451	1.508951
452	1.508832
453	1.509073
454	1.50937819
455	1.50834823
456	1.50963759
457	1.50954759
458	1.50903642
459	1.50958729
460	1.50981617
461	1.5101701
462	1.50961781
463	1.51014578
464	1.51015031
465	1.50993061
466	1.50959635
467	1.51025867
468	1.51008475
469	1.50987113
470	1.50958872
471	1.50938892
472	1.5092088
473	1.509456
474	1.50940716
475	1.50948191
476	1.51035321
477	1.51046467
478	1.51019454
479	1.51008475
480	1.50995958
481	1.510367
482	1.51047075
483	1.51028609
484	1.51035941
485	1.510158
486	1.5102098
487	1.5100466
488	1.51161516
489	1.511223
490	1.51100171
491	1.51064622
492	1.51070273
493	1.510924
494	1.51128554
495	1.51108265
496	1.51120317
497	1.511159
498	1.51087666
499	1.51162124
500	1.51099873
501	1.51187766
502	1.51205468
503	1.51153123
504	1.51125348
505	1.51166248
506	1.51163507
507	1.51130843
508	1.51106894
509	1.51219046
510	1.51175714
511	1.51149774
512	1.51047075
513	1.51182115
514	1.51146257
515	1.51125968
516	1.51051342
517	1.51194024
518	1.511841
519	1.51173425
520	1.511664
521	1.51149309
522	1.51077437
523	1.51328909
524	1.51318073
525	1.51282215
526	1.51197219
527	1.51260245
528	1.51283133
529	1.51246965
530	1.51261008
531	1.51231253
532	1.51252913
533	1.51239645
534	1.51044333
535	1.51268792
536	1.51312733
537	1.51244521
538	1.51218128
539	1.51338828
540	1.5130465
541	1.51264668
542	1.51212335
543	1.51299155
544	1.51256585
545	1.5126009
546	1.51249862
547	1.51239336
548	1.51216149
549	1.51314569
550	1.51257193
551	1.51303279
552	1.51320362
553	1.51245749
554	1.51341724
555	1.51356375
556	1.51272452
557	1.51380634
558	1.51370418
559	1.51370871
560	1.51321888
561	1.51342487
562	1.5133822
563	1.51367974
564	1.51394522
565	1.513492
566	1.51331961
567	1.51384151
568	1.51370108
569	1.51348138
570	1.51362789
571	1.51357293
572	1.51356983
573	1.513463
574	1.51362634
575	1.51347375
576	1.51315331
577	1.51312125
578	1.51293969
579	1.512729
580	1.5127672
581	1.51284051
582	1.513254
583	1.51294732
584	1.51285267
585	1.51330435
586	1.51418328
587	1.51370716
588	1.51346767
589	1.51341116
590	1.51391923
591	1.51407945
592	1.51388574
593	1.51414812
594	1.51455557
595	1.51431906
596	1.51396656
597	1.51429617
598	1.5144732
599	1.51491261
600	1.51468682
</Group>
</Session>
