<Session>
Acquisition 1 2016-07-13 15:29:17
<Group>
Detector1
2
321		321	
D1 300:280-600	T636040156528599979	D1 300:280-600 [COR]	T636040156528599981
X	Y	X	Y
280	74.61023	280	1306.1012
281	100.614624	281	1762.9436
282	46.60565	282	815.2265
283	174.6278	283	3058.59326
284	94.61359	284	1673.54736
285	47.605835	285	834.0025
286	115.617188	286	2021.62354
287	124.618774	287	2176.92114
288	89.61273	288	1565.43787
289	111.616516	289	1950.9635
290	138.621277	290	2420.70166
291	66.60889	291	1163.97559
292	64.60858	292	1127.80273
293	186.630066	293	3256.478
294	127.619324	294	2228.58374
295	157.6247	295	2751.86279
296	208.634277	296	3640.65674
297	377.669739	297	6590.159
298	769.774	298	13433.6113
299	1177.915	299	20553.36
300	1281.9563	300	22366.8223
301	1190.92017	301	20965.4082
302	1196.92236	302	21258.7188
303	1053.86865	303	18169.8652
304	587.721741	304	9824.444
305	401.675232	305	6599.351
306	137.6211	306	2220.57764
307	151.6236	307	2375.33545
308	71.60974	308	1087.62488
309	89.61273	309	1349.27686
310	137.6211	310	2053.91772
311	22.6018677	311	322.917023
312	98.61426	312	1345.15479
313	174.6278	313	2312.44434
314	139.62146	314	1793.27637
315	117.617554	315	1440.33521
316	100.614624	316	1171.7511
317	106.615662	317	1181.5199
318	25.6022949	318	269.240082
319	83.6116943	319	837.877747
320	71.60974	320	682.206543
321	62.6082153	321	573.7749
322	43.6051636	322	379.961
323	52.60663	323	441.5807
324	118.617737	324	958.6641
325	30.6030884	325	240.627121
326	170.627075	326	1301.99158
327	114.617004	327	831.3803
328	136.620911	328	939.6193
329	116.617371	329	777.7188
330	48.605957	330	313.919281
331	58.607605	331	368.780334
332	24.6021729	332	150.735779
333	96.61389	333	576.6767
334	12.6002808	334	73.20407
335	120.618042	335	678.9126
336	98.61426	336	536.944153
337	86.61224	337	466.2924
338	53.60675	338	285.0013
339	162.62561	339	842.1668
340	91.6131	340	461.799042
341	128.619446	341	640.7545
342	71.60974	342	352.25116
343	134.620544	343	648.6647
344	113.616821	344	536.205444
345	72.60986	345	339.352661
346	148.623047	346	687.8529
347	127.619324	347	579.0179
348	202.633118	348	900.627258
349	55.6071167	349	242.838867
350	150.623413	350	645.829834
351	173.627625	351	731.7002
352	59.6077271	352	246.751953
353	173.627625	353	710.385254
354	130.619812	354	527.645935
355	115.617188	355	462.493164
356	106.615662	356	422.155945
357	66.60889	357	260.568146
358	60.60791	358	234.240067
359	102.614929	359	386.9556
360	72.60986	360	266.9363
361	97.6140747	361	358.995
362	136.620911	362	502.468262
363	106.615662	363	389.542664
364	176.628174	364	640.894958
365	213.635254	365	764.6623
366	162.62561	366	574.3112
367	96.61389	367	340.858917
368	144.622314	368	509.954834
369	83.6116943	369	290.88382
370	71.60974	370	245.653809
371	73.61005	371	251.852112
372	52.60663	372	179.542511
373	89.61273	373	303.5564
374	84.61188	374	284.563354
375	122.618408	375	411.6601
376	67.60907	376	226.5037
377	129.619629	377	431.420715
378	85.61206	378	283.122559
379	169.626892	379	555.40625
380	7.59954834	380	24.6099777
381	104.615295	381	336.240723
382	53.60675	382	170.991623
383	105.615479	383	336.6424
384	94.61359	384	301.16983
385	83.6116943	385	264.7117
386	92.61322	386	291.6516
387	168.626709	387	524.354248
388	76.6105347	388	235.170959
389	131.62	389	399.919342
390	114.617004	390	344.836823
391	184.6297	391	552.366333
392	136.620911	392	406.6375
393	131.62	393	390.090149
394	93.6134	394	276.5313
395	122.618408	395	358.4129
396	110.616333	396	320.05838
397	84.61188	397	243.039581
398	49.60614	398	141.796936
399	184.6297	399	523.8558
400	46.60565	400	131.280533
401	202.633118	401	566.3461
402	103.615112	402	287.264435
403	28.6027832	403	78.85682
404	112.6167	404	308.8609
405	100.614624	405	275.5272
406	148.623047	406	405.966461
407	155.624329	407	423.014343
408	43.6051636	408	117.993027
409	9.59985352	409	25.8007374
410	62.6082153	410	167.183868
411	29.6029663	411	78.9323
412	50.6062622	412	134.751511
413	69.609375	413	184.560471
414	84.61188	414	223.147278
415	105.615479	415	276.500031
416	86.61224	416	225.038513
417	120.618042	417	313.398163
418	56.60724	418	147.102783
419	83.6116943	419	215.801712
420	70.60956	420	181.01474
421	192.631226	421	494.3485
422	105.615479	422	271.3619
423	118.617737	423	304.045959
424	68.60925	424	175.432678
425	101.614746	425	259.073547
426	108.615967	426	276.209839
427	22.6018677	427	57.5174637
428	161.625427	428	411.2297
429	88.61255	429	225.174759
430	-10.4031982	430	-26.3914089
431	84.61188	431	215.169388
432	17.6010742	432	44.868824
433	39.6045532	433	100.954407
434	108.615967	434	277.5886
435	44.6053467	435	113.930084
436	70.60956	436	180.264725
437	92.61322	437	237.470673
438	86.61224	438	223.096542
439	81.61139	439	210.336517
440	14.600647	440	37.71606
441	-3.40209961	441	-8.82648849
442	91.6131	442	238.868439
443	34.60376	443	90.36468
444	43.6051636	444	114.074745
445	19.60138	445	51.4335175
446	54.6069336	446	143.720291
447	-1.40179443	447	-3.70722246
448	9.59985352	448	25.52646
449	146.622681	449	389.823547
450	51.6064453	450	137.266357
451	62.6082153	451	167.339478
452	95.61377	452	256.433868
453	-21.4047852	453	-57.6389046
454	6.599365	454	17.8372421
455	13.6004639	455	36.8537254
456	5.599243	456	15.2041883
457	62.6082153	457	170.671082
458	39.6045532	458	108.324631
459	39.6045532	459	108.425247
460	37.604187	460	103.144165
461	-33.4065552	461	-92.40464
462	-10.4031982	462	-29.0149937
463	54.6069336	463	152.713669
464	-25.4053955	464	-71.29645
465	34.60376	465	97.62188
466	104.615295	466	296.778046
467	11.6001587	467	32.93734
468	99.61444	468	283.10968
469	20.6015625	469	58.9365578
470	28.6027832	470	82.37403
471	23.60199	471	68.39793
472	3.598938	472	10.4985533
473	38.60437	473	113.112305
474	-7.40271	474	-21.780529
475	-15.4039307	475	-45.70878
476	6.599365	476	19.5727825
477	50.6062622	477	151.404282
478	27.6026611	478	83.01197
479	-28.4058228	479	-85.8569641
480	18.6012573	480	56.4707832
481	14.600647	481	44.6379433
482	21.6016846	482	66.4314651
483	-24.4052124	483	-75.3147
484	98.61426	484	305.209167
485	27.6026611	485	85.81003
486	-39.40741	486	-122.904465
487	-33.4065552	487	-104.924629
488	-63.4107666	488	-200.217422
489	22.6018677	489	71.8790359
490	-39.40741	490	-126.271523
491	38.60437	491	124.596786
492	-10.4031982	492	-33.81129
493	-6.402588	493	-20.92879
494	-15.4039307	494	-50.61178
495	17.6010742	495	58.2226753
496	67.60907	496	225.0881
497	28.6027832	497	95.68814
498	-75.4124146	498	-253.3962
499	28.6027832	499	96.54259
500	-57.4099731	500	-194.642
501	-46.4083862	501	-158.280655
502	72.60986	502	249.3761
503	9.59985352	503	33.1542778
504	10.5999756	504	36.8155251
505	-69.41162	505	-242.258362
506	19.60138	506	68.7534943
507	11.6001587	507	40.9477
508	12.6002808	508	44.7652626
509	29.6029663	509	105.787254
510	-77.41272	510	-278.1166
511	-27.4057	511	-99.00839
512	37.604187	512	136.631866
513	14.600647	513	53.44771
514	54.6069336	514	201.43869
515	-111.417175	515	-413.362
516	-5.402405	516	-20.14216
517	62.6082153	517	235.119843
518	-3.40209961	518	-12.8720188
519	15.600769	519	59.4285278
520	-57.4099731	520	-220.15
521	0.5984497	521	2.310162
522	20.6015625	522	80.02641
523	-21.4047852	523	-83.68085
524	-35.40686	524	-139.357849
525	-15.4039307	525	-61.1031723
526	-52.40924	526	-209.3944
527	16.6009521	527	66.8044739
528	47.605835	528	192.635757
529	-4.40228271	529	-17.9385071
530	1.59863281	530	6.55455542
531	96.61389	531	398.7765
532	6.599365	532	27.3943081
533	25.6022949	533	106.929962
534	31.6032715	534	132.8858
535	14.600647	535	61.7009048
536	14.600647	536	62.0445557
537	-106.416565	537	-455.382233
538	59.6077271	538	256.782745
539	-18.4043579	539	-79.7514343
540	31.6032715	540	137.721466
541	-15.4039307	541	-67.61454
542	-21.4047852	542	-94.64628
543	51.6064453	543	229.597656
544	16.6009521	544	74.29916
545	-18.4043579	545	-82.76901
546	17.6010742	546	79.55653
547	-25.4053955	547	-115.767433
548	-16.4040527	548	-75.3621
549	-33.4065552	549	-154.442322
550	-6.402588	550	-29.7908325
551	-50.4089966	551	-235.719574
552	-58.4100952	552	-274.4689
553	-48.40869	553	-229.65712
554	61.6080933	554	295.1927
555	21.6016846	555	104.145721
556	-102.416016	556	-497.2499
557	-67.4113159	557	-329.641785
558	-59.4102173	558	-292.48703
559	-40.40753	559	-200.3788
560	-22.4049683	560	-111.820412
561	-135.420227	561	-681.571838
562	-62.4106445	562	-316.7468
563	-34.4066772	563	-176.132416
564	-42.4078369	564	-219.091187
565	11.6001587	565	60.46434
566	-26.4055176	566	-138.809586
567	20.6015625	567	109.352737
568	-20.4046631	568	-109.3821
569	-47.40857	569	-255.697937
570	-21.4047852	570	-116.291634
571	-34.4066772	571	-188.988708
572	11.6001587	572	64.42622
573	-39.40741	573	-219.805435
574	-112.417358	574	-629.5234
575	-73.41217	575	-414.096283
576	-44.4081421	576	-252.321991
577	-43.40796	577	-248.633118
578	-18.4043579	578	-106.260323
579	7.59954834	579	44.1202164
580	52.60663	580	307.3042
581	-1.40179443	581	-8.25091648
582	-39.40741	582	-233.517014
583	-23.40509	583	-139.829956
584	-71.4118652	584	-430.228943
585	-26.4055176	585	-159.941833
586	58.607605	586	357.166
587	-39.40741	587	-241.793442
588	-52.40924	588	-323.712738
589	4.59906	589	28.5486431
590	-57.4099731	590	-358.149628
591	-73.41217	591	-461.86618
592	71.60974	592	454.120178
593	-10.4031982	593	-66.47687
594	27.6026611	594	177.547729
595	-12.4034424	595	-80.31814
596	-27.4057	596	-178.574371
597	20.6015625	597	135.304886
598	88.61255	598	586.680542
599	6.599365	599	44.067585
600	77.61072	600	522.88916
</Group>
<Group>
RCQCSignal
1
321	
ExCorr	T636040156528599980
X	Y
280	0.5768369
281	0.576307356
282	0.577287
283	0.576531649
284	0.5708828
285	0.576400459
286	0.577502131
287	0.5780591
288	0.578049958
289	0.5777112
290	0.578255951
291	0.5778562
292	0.578480244
293	0.578715265
294	0.5782544
295	0.5784009
296	0.5786786
297	0.5786924
298	0.578631341
299	0.578712165
300	0.578762531
301	0.578855634
302	0.578953266
303	0.5788175
304	0.5788434
305	0.5789105
306	0.5792508
307	0.5790265
308	0.579105854
309	0.5790586
310	0.5790433
311	0.578846455
312	0.57902807
313	0.5790906
314	0.57915014
315	0.5791028
316	0.5791532
317	0.579208136
318	0.579374433
319	0.5793042
320	0.5791745
321	0.5765927
322	0.5796369
323	0.5800428
324	0.5799344
325	0.5793897
326	0.579806268
327	0.5797681
328	0.579633832
329	0.5796796
330	0.5799024
331	0.5797788
332	0.5795865
333	0.5795667
334	0.5796567
335	0.5795255
336	0.57966435
337	0.5793851
338	0.5797467
339	0.5797788
340	0.5797956
341	0.579687238
342	0.580021441
343	0.580236554
344	0.5802732
345	0.5801862
346	0.5800596
347	0.5801908
348	0.5805036
349	0.5803739
350	0.580477655
351	0.5803586
352	0.5803861
353	0.580257952
354	0.5806592
355	0.580491364
356	0.580505133
357	0.580525
358	0.5804517
359	0.58054024
360	0.5807508
361	0.58066994
362	0.5807874
363	0.5806013
364	0.5805875
365	0.5807127
366	0.5806089
367	0.580683649
368	0.5805112
369	0.580418169
370	0.58056
371	0.580643952
372	0.580642462
373	0.5809446
374	0.581037641
375	0.5811292
376	0.5814176
377	0.581390142
378	0.5812711
379	0.580955267
380	0.581202447
381	0.581313848
382	0.5814359
383	0.581390142
384	0.5817045
385	0.581689239
386	0.5816068
387	0.58154577
388	0.581536651
389	0.581724346
390	0.5816419
391	0.5817533
392	0.5815748
393	0.582011163
394	0.581890643
395	0.5818586
396	0.58154577
397	0.58242625
398	0.58188
399	0.5822111
400	0.5824171
401	0.582208037
402	0.5821241
403	0.582252264
404	0.5821531
405	0.581808269
406	0.5820539
407	0.582233965
408	0.5821775
409	0.5823438
410	0.5822889
411	0.5822141
412	0.5820661
413	0.582015753
414	0.582560539
415	0.5823698
416	0.582275152
417	0.5822492
418	0.582145452
419	0.5821027
420	0.5820005
421	0.5820188
422	0.581957757
423	0.5818586
424	0.58179605
425	0.5819868
426	0.581985235
427	0.5820936
428	0.5827253
429	0.582569659
430	0.5826521
431	0.5826917
432	0.5827238
433	0.5836988
434	0.583123565
435	0.583086967
436	0.582980156
437	0.582891643
438	0.5826765
439	0.583285332
440	0.5828993
441	0.58309
442	0.582900763
443	0.583029
444	0.5830183
445	0.583065569
446	0.5831037
447	0.5832105
448	0.5829435
449	0.583091557
450	0.582900763
451	0.5826612
452	0.583241045
453	0.5831663
454	0.5832563
455	0.5832365
456	0.583476067
457	0.583393633
458	0.5836271
459	0.5840254
460	0.583857536
461	0.5837675
462	0.583718657
463	0.583999455
464	0.583820939
465	0.5840101
466	0.584005535
467	0.5841856
468	0.5843382
469	0.58431685
470	0.584210038
471	0.584242046
472	0.5840513
473	0.5840834
474	0.5842573
475	0.582168341
476	0.5853163
477	0.5843824
478	0.5854765
479	0.5852415
480	0.5853514
481	0.5852049
482	0.5857008
483	0.585331559
484	0.5852949
485	0.5852507
486	0.5859053
487	0.5851988
488	0.585500956
489	0.5856337
490	0.5855315
491	0.5852705
492	0.5851423
493	0.5851378
494	0.585467339
495	0.5852217
496	0.5851393
497	0.585149944
498	0.5854094
499	0.585130155
500	0.5848616
501	0.5855681
502	0.585644364
503	0.585636735
504	0.5855635
505	0.5856612
506	0.5856886
507	0.5856962
508	0.5856291
509	0.585500956
510	0.585652
511	0.5857817
512	0.5858
513	0.586015165
514	0.586064
515	0.5860274
516	0.5864348
517	0.586350858
518	0.5860991
519	0.5859389
520	0.5858443
521	0.585858
522	0.5860686
523	0.586248636
524	0.58620435
525	0.586062431
526	0.5862425
527	0.5858351
528	0.5863631
529	0.586396635
530	0.5868681
531	0.5864073
532	0.586503446
533	0.5865462
534	0.5862105
535	0.586466849
536	0.5863829
537	0.586408854
538	0.586593449
539	0.5864256
540	0.586378336
541	0.586494267
542	0.586517155
543	0.586320341
544	0.586216569
545	0.586440861
546	0.5865233
547	0.586466849
548	0.5863493
549	0.586244047
550	0.5860365
551	0.586279154
552	0.586562932
553	0.5865416
554	0.5862517
555	0.5866805
556	0.5865858
557	0.5864729
558	0.586556852
559	0.586543143
560	0.586981058
561	0.5868849
562	0.5867842
563	0.586945951
564	0.5867384
565	0.586566031
566	0.5865767
567	0.586591959
568	0.586440861
569	0.5872344
570	0.5873015
571	0.587155
572	0.586874247
573	0.5869429
574	0.5871947
575	0.587184
576	0.5871367
577	0.5870787
578	0.5870329
579	0.5872084
580	0.586987138
581	0.5869124
582	0.5873015
583	0.587181
584	0.5869017
585	0.5874083
586	0.5874724
587	0.5873808
588	0.587351859
589	0.5873183
590	0.587275565
591	0.5870833
592	0.587150455
593	0.587020755
594	0.58746016
595	0.587286234
596	0.5873595
597	0.587332
598	0.5871901
599	0.5872191
600	0.5869887
</Group>
</Session>
