<Session>
Acquisition 1 2016-09-01 15:24:48
<Group>
Detector1
2
701		701	
D1 330:300-650	T636070406482231762	D1 330:300-650 [COR]	T636070406482231764
X	Y	X	Y
300	120.116943	300	1223.13489
300.5	100.11377	300.5	1018.85126
301	105.614624	301	1075.28748
301.5	153.622559	301.5	1563.71716
302	88.11182	302	897.311462
302.5	92.11249	302.5	938.3239
303	82.1109	303	836.1351
303.5	102.114075	303.5	1039.42126
304	71.10919	304	724.063
304.5	67.60864	304.5	688.260254
305	100.11377	305	1020.79877
305.5	43.60504	305.5	444.2919
306	118.116638	306	1200.89673
306.5	142.1206	306.5	1444.99219
307	202.6311	307	2061.47729
307.5	67.10858	307.5	682.605652
308	115.11615	308	1170.89233
308.5	141.620544	308.5	1440.32251
309	81.61084	309	829.6081
309.5	97.61334	309.5	992.641968
310	140.620361	310	1431.58826
310.5	83.111084	310.5	845.680664
311	105.614624	311	1074.71619
311.5	115.616211	311.5	1175.67029
312	217.63385	312	2212.466
312.5	128.118286	312.5	1302.459
313	159.123474	313	1618.47742
313.5	73.60962	313.5	746.9159
314	38.104248	314	387.5661
314.5	107.114868	314.5	1089.32
315	118.6167	315	1206.413
315.5	130.118591	315.5	1324.82751
316	101.113892	316	1029.02283
316.5	163.624268	316.5	1665.25757
317	101.113892	317	1028.94385
317.5	125.617859	317.5	1278.16748
318	129.118469	318	1313.40808
318.5	141.120422	318.5	1437.11182
319	146.121277	319	1486.943
319.5	108.115051	319.5	1098.49341
320	176.626526	320	1794.65564
320.5	130.618713	320.5	1327.57288
321	150.121948	321	1527.15564
321.5	151.122131	321.5	1535.66943
322	248.639587	322	2524.79614
322.5	151.122131	322.5	1533.88477
323	142.620667	323	1446.64368
323.5	166.1247	323.5	1686.91418
324	216.133545	324	2194.42114
324.5	97.61334	324.5	990.0453
325	183.127625	325	1854.4176
325.5	125.617859	325.5	1270.51489
326	177.126587	326	1790.37561
326.5	160.123657	326.5	1616.93872
327	134.619385	327	1358.26477
327.5	200.130676	327.5	2015.40149
328	190.628967	328	1920.43311
328.5	176.626526	328.5	1776.90356
329	224.13501	329	2259.182
329.5	171.625671	329.5	1728.69421
330	243.13855	330	2450.40283
330.5	233.136719	330.5	2348.798
331	252.140259	331	2544.302
331.5	227.135559	331.5	2293.99365
332	334.1565	332	3377.42285
332.5	319.6535	332.5	3228.76318
333	304.1504	333	3073.47778
333.5	281.145874	333.5	2844.72119
334	275.1447	334	2784.23
334.5	230.63623	334.5	2334.273
335	284.646545	335	2883.61133
335.5	239.637939	335.5	2426.52271
336	203.631287	336	2061.79565
336.5	263.642456	336.5	2671.357
337	284.646545	337	2886.64648
337.5	255.140869	337.5	2589.60522
338	282.146057	338	2861.98242
338.5	309.6515	338.5	3139.74487
339	383.16687	339	3890.12476
339.5	349.159668	339.5	3541.60742
340	378.6659	340	3843.839
340.5	357.661377	340.5	3632.19946
341	424.1759	341	4314.57275
341.5	547.204956	341.5	5565.94727
342	518.698	342	5273.185
342.5	584.7145	342.5	5941.966
343	664.7356	343	6756.75146
343.5	877.7981	343.5	8930.321
344	900.3052	344	9146.536
344.5	1048.35474	344.5	10649.7432
345	1172.89966	345	11916.6875
345.5	1454.513	345.5	14788.9443
346	1603.57935	346	16295.7363
346.5	2176.37549	346.5	22142.5957
347	2557.10864	347	25998.8945
347.5	3578.377	347.5	36378.7148
348	4493.24268	348	45635.1133
348.5	5935.94727	348.5	60231.207
349	7741.16553	349	78674.5547
349.5	10204.4238	349.5	103528.3
350	12629.793	350	128142.9
350.5	15550.418	350.5	157922.953
351	18715.1836	351	190050.719
351.5	22708.2441	351.5	230505.625
352	26965.93	352	273706.8
352.5	31519.6152	352.5	319941.469
353	34784.14	353	353326.375
353.5	39866.14	353.5	404877.9
354	43941.7148	354	447455.531
354.5	48729.0352	354.5	495328.7
355	52456.58	355	531858.6
355.5	57299.1	355.5	581758.6
356	62282.5273	356	632654.4
356.5	66371.86	356.5	674874.438
357	69651.62	357	707594.2
357.5	73242.56	357.5	744203.25
358	76127.7344	358	773489.1
358.5	79564.8	358.5	808545.563
359	83038.3	359	843795.063
359.5	84908.1953	359.5	863414.2
360	86508.11	360	879531.5
360.5	89092.95	360.5	904966.7
361	89493.6	361	909588.438
361.5	91287.4844	361.5	928058.3
362	91617.5156	362	931431.3
362.5	91969.98	362.5	935289.9
363	91955.71	363	934965.4
363.5	91831.94	363.5	933056.4
364	91933.3	364	934229.438
364.5	91271.6953	364.5	928657.938
365	90481.87	365	920450.938
365.5	89752.74	365.5	912893.5
366	88623.625	366	902049.7
366.5	88373.1953	366.5	898936.563
367	87872.89	367	893070.25
367.5	86026.3047	367.5	874985.563
368	86002.39	368	875313.563
368.5	85086.23	368.5	866538.3
369	84524.7	369	860444.75
369.5	83875.78	369.5	853658.5
370	83601.69	370	849916.6
370.5	83216.26	370.5	846675.063
371	82753.58	371	840944.8
371.5	82468.37	371.5	837944.8
372	81286	372	826871.7
372.5	81771.93	372.5	830820.6
373	81076.09	373	824319.8
373.5	80762.5156	373.5	821457.3
374	80231.46	374	815951.4
374.5	80564.82	374.5	818012.4
375	80429.65	375	817564.1
375.5	79822.41	375.5	811796.5
376	79295.52	376	806144.1
376.5	79487.06	376.5	808427.438
377	79154.79	377	804420.1
377.5	78904.8359	377.5	802377.563
378	77972.6953	378	793096.563
378.5	77278.41	378.5	785401.4
379	77614.11	379	789711.938
379.5	76559.33	379.5	778128.063
380	76072.39	380	773352
380.5	75485.48	380.5	766983.2
381	74804.23	381	760513.3
381.5	74225.08	381.5	754061
382	72827.99	382	740265.25
382.5	72305.9	382.5	734916.063
383	71662.11	383	732696.75
383.5	70007.6	383.5	712380.7
384	69639.4453	384	707705.75
384.5	68622.34	384.5	697070.938
385	67869.53	385	689190.438
385.5	67007.875	385.5	680801.5
386	65783.05	386	668113.9
386.5	64939.99	386.5	659867.7
387	64249.5273	387	652855.938
387.5	62384.3	387.5	634186.7
388	61881.5234	388	628593.1
388.5	60547.61	388.5	614925.4
389	59203.42	389	601508.1
389.5	58882.1055	389.5	598274.1
390	57666.35	390	585472.4
390.5	56339.63	390.5	571976.9
391	56103.457	391	569284.7
391.5	54852.48	391.5	556900.25
392	54150.7773	392	549358.563
392.5	53236.8867	392.5	540874.1
393	52063.4336	393	528631.2
393.5	51007.46	393.5	517562.125
394	50712.4336	394	514657.281
394.5	49359.78	394.5	501272.219
395	49208.2734	395	499771.938
395.5	48609.36	395.5	493392.9
396	47569.7656	396	483109.2
396.5	47335.52	396.5	480536.875
397	46784.28	397	475350.656
397.5	45958.543	397.5	466975.7
398	45545.2227	398	462832.2
398.5	44474.48	398.5	451521.219
399	43793.4	399	444569.719
399.5	43633.4844	399.5	442756.875
400	42809.2773	400	434684.875
400.5	42141.54	400.5	427727.1
401	41506.66	401	421517.344
401.5	41046.8164	401.5	416751.6
402	40750.36	402	413678.219
402.5	40098.5234	402.5	407662.469
403	39555.1367	403	402135.531
403.5	38367.25	403.5	389515.875
404	37998.3945	404	385726.8
404.5	36986.6953	404.5	375552.844
405	36563.0352	405	371146.8
405.5	36042.7	405.5	365666.469
406	35737.4727	406	362810.656
406.5	35326.5039	406.5	358416.4
407	34381.31	407	348884.5
407.5	33411.62	407.5	339048.938
408	33013.43	408	334785.969
408.5	32368.64	408.5	328385.469
409	31531.19	409	319781.25
409.5	31512.0664	409.5	319624
410	30588.7227	410	309985.7
410.5	29688.1875	410.5	301116.875
411	29261.6211	411	296678.7
411.5	28825.5352	411.5	292583.875
412	27791.5527	412	281888.969
412.5	27769.4277	412.5	281178.344
413	26673.8281	413	270529.5
413.5	26328.4531	413.5	266973.844
414	25948.9219	414	262550.9
414.5	25283.9316	414.5	255928.422
415	24701.4473	415	249851.031
415.5	24305.457	415.5	245690.891
416	23782.375	416	240304
416.5	23507.0371	416.5	237131.516
417	22863.47	417	230231.8
417.5	22352.0938	417.5	224844.422
418	21921.63	418	220321.938
418.5	21484.1758	418.5	215685.3
419	21122.5879	419	211846.516
419.5	20757.5117	419.5	208255.984
420	20167.02	420	202228.313
420.5	20024.4277	420.5	200757.9
421	19310.5254	421	194151.609
421.5	18852.2168	421.5	189324.547
422	18518.4238	422	186114.688
422.5	18275.498	422.5	183832.453
423	17529.2285	423	176273.328
423.5	17435.8887	423.5	175506.8
424	17144.8438	424	172507.266
424.5	16903.9922	424.5	170403.156
425	16468.9824	425	165791.938
425.5	16405.2637	425.5	165171.4
426	15740.0371	426	158532
426.5	15534.8672	426.5	156413.031
427	15235.4063	427	153360.016
427.5	14599.4219	427.5	146746.313
428	14455.9863	428	145231.1
428.5	14152.5781	428.5	142073.391
429	14085.3789	429	141475.641
429.5	13559.3535	429.5	135957.625
430	13145.1914	430	131743.391
430.5	13087.0313	430.5	131177.047
431	13046.42	431	130803.789
431.5	12717.0254	431.5	127655.867
432	12220.2207	432	122548.9
432.5	11901.4082	432.5	119344.2
433	11796.1445	433	118305.055
433.5	11447.7871	433.5	114720.141
434	11097.9492	434	111203.844
434.5	10937.5742	434.5	109683.961
435	10724.584	435	107521.6
435.5	10610.8262	435.5	106426.078
436	10170.8516	436	101973.258
436.5	9972.424	436.5	100065.234
437	9739.434	437	97796.51
437.5	9496.934	437.5	95283.25
438	9403.744	438	94448.4141
438.5	9178.797	438.5	92200.7656
439	8625.734	439	86759.3047
439.5	8655.791	439.5	87094.13
440	8589.668	440	86424.98
440.5	8052.19971	440.5	81062.38
441	8146.86572	441	82070.5
441.5	7917.96729	441.5	79772.6953
442	7545.84033	442	76224.5156
442.5	7630.981	442.5	77063.02
443	7472.72	443	75491.66
443.5	7085.10254	443.5	71560.81
444	6826.20654	444	68956.875
444.5	6797.163	444.5	68666.09
445	6820.698	445	69119.97
445.5	6545.292	445.5	67181.76
446	6283.92041	446	63930.9961
446.5	6077.136	446.5	61542.06
447	5989.51855	447	60577.9727
447.5	6053.104	447.5	61235.4922
448	5835.81543	448	59030.93
448.5	5639.563	448.5	57029.45
449	5508.89941	449	55719.83
449.5	5259.0957	449.5	53229.7656
450	5259.596	450	53208.4063
450.5	5217.54639	450.5	52822.68
451	5052.85449	451	51132.86
451.5	4861.1377	451.5	49232.5664
452	4773.5415	452	48319.86
452.5	4622.37842	452.5	46808.2
453	4564.317	453	46224.9531
453.5	4428.176	453.5	44851.05
454	4362.609	454	44228.0938
454.5	4236.483	454.5	42927.2578
455	4173.421	455	42292.04
455.5	4091.84229	455.5	41492.33
456	3998.25342	456	40520.3047
456.5	3879.64355	456.5	39350.8672
457	3818.58838	457	38764.2422
457.5	3702.98535	457.5	37565.7539
458	3604.9	458	36576.7734
458.5	3697.48047	458.5	37529.0664
459	3430.253	459	34840.76
459.5	3325.66748	459.5	33780.0039
460	3398.22656	460	34488.5859
460.5	3199.06738	460.5	32462.1387
461	3229.09082	461	32796.9453
461.5	3127.51221	461.5	31754.2852
462	3045.95044	462	30940.0039
462.5	2922.85986	462.5	29655.002
463	2912.35229	463	29583.7051
463.5	2798.27124	463.5	28424.8672
464	2767.75	464	28114.293
464.5	2649.66968	464.5	26891.6563
465	2627.655	465	26664.6543
465.5	2571.11768	465.5	26073.123
466	2555.10742	466	25928.4629
466.5	2516.58252	466.5	25536.2188
467	2250.9187	467	22834.36
467.5	2268.4292	467.5	23010.6719
468	2228.906	468	22597.6387
468.5	2262.926	468.5	22944.8926
469	2215.89819	469	22482.1074
469.5	2037.79785	469.5	20682.5273
470	1982.26782	470	20133.1953
470.5	1980.2666	470.5	20108.1152
471	1976.76489	471	20052.1914
471.5	1833.69043	471.5	18589.3457
472	1920.23486	472	19483.2324
472.5	1764.15576	472.5	17893.9
473	1774.66089	473	18003.5547
473.5	1818.68286	473.5	18449.5586
474	1739.14331	474	17655.0664
474.5	1702.12549	474.5	17275.6367
475	1662.60669	475	16872.8184
475.5	1533.54761	475.5	15565.8564
476	1622.08789	476	16472.2383
476.5	1553.05615	476.5	15765.2822
477	1558.05859	477	15820.5078
477.5	1491.529	477.5	15150.3867
478	1442.50781	478	14658.0674
478.5	1435.50464	478.5	14582.0566
479	1348.96863	479	13711.7734
479.5	1275.43909	479.5	12963.0469
480	1408.99341	480	14316.1377
480.5	1272.93811	480.5	12946.5684
481	1274.43872	481	12960.09
481.5	1320.95728	481.5	13447.9443
482	1217.4165	482	12388.6162
482.5	1187.40515	482.5	12074.4814
483	1098.37244	483	11176.49
483.5	1237.92444	483.5	12598.2754
484	1164.39648	484	11861.6816
484.5	1059.85876	484.5	10793.7158
485	1127.883	485	11453.6816
485.5	1024.34631	485.5	10425.8408
486	975.829956	486	9929.56
486.5	994.3362	486.5	10117.9336
487	938.3175	487	9551.336
487.5	1051.35571	487.5	10690.2705
488	1010.34155	488	10281.39
488.5	913.309448	488.5	9278.296
489	968.3274	489	9848.679
489.5	900.8054	489.5	9158.877
490	831.7838	490	8463.059
490.5	905.3069	490.5	9208.532
491	891.8025	491	9059.981
491.5	898.8048	491.5	9137.133
492	747.7588	492	7595.402
492.5	811.2776	492.5	8246.077
493	757.7617	493	7699.31934
493.5	740.756836	493.5	7530.53467
494	779.7682	494	7930.1167
494.5	684.7411	494.5	6960.58936
495	782.769043	495	7955.95166
495.5	656.7334	495.5	6682.035
496	684.240967	496	6971.063
496.5	648.2311	496.5	6616.024
497	691.2428	497	7054.877
497.5	625.7251	497.5	6388.90527
498	569.7106	498	5813.9126
498.5	639.72876	498.5	6525.643
499	627.7256	499	6402.423
499.5	567.7101	499.5	5786.773
500	541.7036	500	5516.626
500.5	538.202759	500.5	5485.226
501	609.2207	501	6207.033
501.5	510.195923	501.5	5194.19238
502	556.7073	502	5666.771
502.5	486.6903	502.5	4959.23828
503	476.187744	503	4849.26758
503.5	494.192017	503.5	5042.952
504	522.1987	504	5322.697
504.5	482.689331	504.5	4914.185
505	446.1808	505	4541.5957
505.5	397.169922	505.5	4044.769
506	379.666138	506	3867.57642
506.5	436.6787	506.5	4444.933
507	344.6587	507	3510.80542
507.5	348.159424	507.5	3546.91968
508	390.668457	508	3976.82544
508.5	358.661621	508.5	3649.632
509	311.651917	509	3175.42236
509.5	353.1604	509.5	3594.89575
510	338.157349	510	3439.66577
510.5	392.168823	510.5	3990.74438
511	334.1565	511	3398.73047
511.5	289.647522	511.5	2946.91284
512	317.653137	512	3231.36987
512.5	333.656372	512.5	3399.408
513	315.152649	513	3213.41846
513.5	280.645752	513.5	2864.88037
514	289.647522	514	2952.77124
514.5	306.650879	514.5	3125.428
515	304.6505	515	3107.2915
515.5	275.1447	515.5	2805.23
516	230.136169	516	2346.87354
516.5	248.139526	516.5	2530.04565
517	268.1433	517	2734.12842
517.5	268.1433	517.5	2734.286
518	209.632385	518	2136.82129
518.5	280.645752	518.5	2859.88525
519	217.133728	519	2211.10059
519.5	229.135986	519.5	2335.176
520	215.133362	520	2192.48633
520.5	246.639221	520.5	2514.50635
521	238.637756	521	2430.99756
521.5	225.635315	521.5	2298.96924
522	231.636414	522	2359.7356
522.5	195.629883	522.5	1993.20959
523	217.133728	523	2211.044
523.5	247.139343	523.5	2514.89575
524	185.127991	524	1885.53223
524.5	201.130859	524.5	2049.11255
525	194.6297	525	1983.09521
525.5	132.118958	525.5	1346.25537
526	173.125916	526	1762.73767
526.5	192.129272	526.5	1955.71265
527	170.625488	527	1736.4
527.5	160.623718	527.5	1635.04443
528	180.127136	528	1834.68091
528.5	111.6156	528.5	1135.66479
529	124.117615	529	1262.81335
529.5	204.131409	529.5	2075.42554
530	145.1211	530	1476.8501
530.5	157.123169	530.5	1600.04626
531	128.118286	531	1303.55933
531.5	192.629333	531.5	1958.59558
532	115.11615	532	1170.443
532.5	99.11359	532.5	1005.59509
533	110.115356	533	1120.4718
533.5	149.121765	533.5	1521.528
534	85.11139	534	869.345459
534.5	90.11218	534.5	920.9098
535	155.622864	535	1593.01392
535.5	164.624451	535.5	1683.67212
536	73.1095	536	747.519348
536.5	102.614136	536.5	1048.587
537	103.1142	537	1052.95251
537.5	152.122314	537.5	1552.69153
538	121.617188	538	1241.29
538.5	56.6069946	538.5	577.89856
539	103.1142	539	1051.035
539.5	75.1098	539.5	765.5295
540	79.11041	540	806.645569
540.5	192.629333	540.5	1964.51392
541	103.1142	541	1050.79236
541.5	114.115967	541.5	1162.99622
542	65.60834	542	668.4064
542.5	100.613831	542.5	1024.98364
543	48.6057739	543	494.616638
543.5	54.10663	543.5	550.5938
544	82.1109	544	835.6213
544.5	28.1027832	544.5	285.8465
545	129.61853	545	1319.18689
545.5	77.61023	545.5	789.3693
546	55.6068726	546	565.7337
546.5	89.112	546.5	905.93
547	71.60925	547	727.9751
547.5	51.1062	547.5	519.6354
548	22.60199	548	229.594162
548.5	43.60504	548.5	443.201
549	45.1052856	549	458.150665
549.5	88.11182	549.5	895.212341
550	104.614441	550	1062.01636
550.5	64.6082153	550.5	656.1861
551	27.6027222	551	280.335
551.5	35.10382	551.5	357.155548
552	54.10663	552	550.3437
552.5	3.5993042	552.5	36.5678444
553	46.60553	553	473.961578
553.5	81.11078	553.5	824.2138
554	43.10498	554	438.421143
554.5	71.10919	554.5	722.9238
555	11.6004028	555	117.834747
555.5	88.61194	555.5	900.305054
556	37.604187	556	381.820251
556.5	20.1016235	556.5	204.118164
557	25.602417	557	259.983246
557.5	88.11182	557.5	894.6977
558	-9.902588	558	-100.657486
558.5	39.6044922	558.5	402.876953
559	26.102478	559	265.1645
559.5	72.109375	559.5	732.871765
560	19.6015625	560	199.143417
560.5	60.1075439	560.5	610.9557
561	10.10022	561	102.67556
561.5	27.6027222	561.5	280.164948
562	73.1095	562	742.480957
562.5	19.1015015	562.5	193.9118
563	26.102478	563	265.0612
563.5	10.6002808	563.5	107.580147
564	38.104248	564	386.737152
564.5	-44.4071655	564.5	-450.475281
565	45.1052856	565	457.201233
565.5	20.1016235	565.5	203.3867
566	33.6035767	566	341.114441
566.5	-26.4047852	566.5	-268.0882
567	14.100769	567	143.2504
567.5	45.1052856	567.5	458.437775
568	-14.9032593	568	-151.008224
568.5	29.1029053	568.5	295.338837
569	33.1035156	569	335.939545
569.5	8.599976	569.5	87.27331
570	21.6018677	570	219.3395
570.5	56.6069946	570.5	573.8593
571	80.61066	571	816.215149
571.5	6.59973145	571.5	66.79173
572	23.10205	572	233.7329
572.5	26.102478	572.5	264.0239
573	-6.90216064	573	-69.88714
573.5	-30.4053345	573.5	-307.719177
574	27.6027222	574	279.454773
574.5	26.6026	574.5	269.236755
575	-36.90619	575	-373.978149
575.5	44.6052246	575.5	451.985474
576	29.6030273	576	299.910583
576.5	36.1039429	576.5	365.811523
577	29.6030273	577	300.145874
577.5	34.1036377	577.5	345.5815
578	38.60431	578	391.053436
578.5	11.1003418	578.5	112.540924
579	15.6010132	579	158.2013
579.5	14.60083	579.5	148.013657
580	76.61005	580	775.9891
580.5	-24.404541	580.5	-247.141937
581	-9.402527	581	-95.2899246
581.5	-6.40209961	581.5	-64.93176
582	6.59973145	582	66.89992
582.5	7.59985352	582.5	77.1003647
583	24.6022949	583	249.382889
583.5	22.1019287	583.5	224.100616
584	17.6012573	584	178.568954
584.5	-23.4044189	584.5	-237.370712
585	18.1013184	585	183.57309
585.5	12.1005249	585.5	122.68129
586	24.6022949	586	249.58342
586.5	56.6069946	586.5	574.3135
587	1.098938	587	11.1460009
587.5	21.1018066	587.5	213.9859
588	66.10846	588	670.7931
588.5	53.1064453	588.5	538.6126
589	30.1030884	589	305.3173
589.5	19.6015625	589.5	198.862518
590	65.60834	590	666.143738
590.5	-34.9059448	590.5	-355.2287
591	51.1062	591	521.148743
591.5	21.1018066	591.5	214.982925
592	47.10559	592	480.0482
592.5	55.10675	592.5	560.832153
593	37.604187	593	382.705139
593.5	25.602417	593.5	260.744415
594	31.6032715	594	321.725342
594.5	46.1054077	594.5	469.4251
595	-38.4064331	595	-391.150269
595.5	26.6026	595.5	271.020966
596	10.10022	596	102.792564
596.5	21.1018066	596.5	214.856262
597	-29.4052124	597	-299.3527
597.5	26.102478	597.5	265.709534
598	33.6035767	598	342.2838
598.5	-22.4042969	598.5	-228.374054
599	9.600159	599	97.935936
599.5	-7.40222168	599.5	-75.4270554
600	-12.9030151	600	-131.397278
600.5	6.59973145	600.5	67.22745
601	59.60742	601	606.869446
601.5	-18.9038086	601.5	-192.582565
602	-15.40332	602	-156.900223
602.5	4.59942627	602.5	46.84165
603	62.60791	603	637.238159
603.5	-17.4036255	603.5	-177.174545
604	32.1033936	604	327.219025
604.5	5.0994873	604.5	51.97268
605	27.6027222	605	281.107269
605.5	21.6018677	605.5	219.949234
606	-10.4026489	606	-105.962059
606.5	0.598876953	606.5	6.101137
607	1.598999	607	16.2911625
607.5	-36.4061279	607.5	-370.8233
608	18.1013184	608	184.319778
608.5	8.099915	608.5	82.4454956
609	69.60895	609	708.791443
609.5	14.100769	609.5	143.468628
610	32.1033936	610	326.540649
610.5	32.1033936	610.5	326.7769
611	42.60492	611	433.384949
611.5	29.6030273	611.5	301.067627
612	22.1019287	612	224.610657
612.5	-13.9031372	612.5	-140.885208
613	4.099365	613	41.4820824
613.5	47.10559	613.5	476.156158
614	40.6046143	614	410.505157
614.5	30.60315	614.5	308.95993
615	-16.9035034	615	-170.55397
615.5	-29.4052124	615.5	-296.741547
616	14.100769	616	142.016953
616.5	-16.4034424	616.5	-165.090332
617	-27.90503	617	-281.547119
617.5	-14.4031982	617.5	-145.116226
618	36.6040039	618	368.389252
618.5	-14.4031982	618.5	-144.957275
619	4.099365	619	41.2763443
619.5	1.098938	619.5	11.0714045
620	9.600159	620	96.7487946
620.5	0.598876953	620.5	6.036913
621	-11.902832	621	-119.920547
621.5	19.1015015	621.5	192.259186
622	39.6044922	622	399.167938
622.5	16.1010742	622.5	162.5628
623	10.6002808	623	106.849533
623.5	-25.4046631	623.5	-256.345734
624	-1.90148926	624	-19.2138081
624.5	42.60492	624.5	431.073364
625	39.10437	625	395.4059
625.5	6.59973145	625.5	66.76198
626	-10.90271	626	-110.357742
626.5	15.6010132	626.5	157.960464
627	33.6035767	627	339.996246
627.5	10.6002808	627.5	107.256256
628	-5.90203857	628	-59.7293
628.5	-27.4049683	628.5	-277.491547
629	1.598999	629	16.1801987
629.5	0.09881592	629.5	1.00059521
630	-14.9032593	630	-150.977432
630.5	-22.9043579	630.5	-232.000015
631	90.61224	631	917.759949
631.5	20.1016235	631.5	203.8447
632	-51.40808	632	-520.9455
632.5	-29.4052124	632.5	-297.999573
633	-33.40576	633	-338.568024
633.5	-14.9032593	633.5	-151.196152
634	-47.9076538	634	-486.158661
634.5	-1.90148926	634.5	-19.2672081
635	7.09979248	635	71.95194
635.5	-1.40142822	635.5	-14.2053137
636	8.599976	636	87.1965
636.5	-48.4077148	636.5	-490.647522
637	-82.41199	637	-835.545349
637.5	55.10675	637.5	559.0889
638	4.099365	638	41.60763
638.5	-37.40625	638.5	-379.4009
639	25.602417	639	259.233063
639.5	20.6016846	639.5	208.6282
640	2.59918213	640	26.3207741
640.5	-37.90631	640.5	-383.870331
641	-9.902588	641	-100.375717
641.5	-13.9031372	641.5	-141.02005
642	-39.9066162	642	-404.591
642.5	45.6053467	642.5	462.7864
643	7.59985352	643	77.14615
643.5	36.6040039	643.5	372.22345
644	-32.40564	644	-329.113739
644.5	14.60083	644.5	148.32486
645	56.6069946	645	574.6803
645.5	20.1016235	645.5	204.150757
646	57.6071777	646	585.0248
646.5	13.600708	646.5	138.072311
647	20.1016235	647	203.883713
647.5	39.10437	647.5	397.187042
648	58.6073	648	594.9838
648.5	2.59918213	648.5	26.3800983
649	-25.9047241	649	-262.8918
649.5	-12.9030151	649.5	-131.023743
650	28.1027832	650	285.30246
</Group>
<Group>
RCQCSignal
1
701	
ExCorr	T636070406482231763
X	Y
300	0.1191028
300.5	0.119172238
301	0.119121872
301.5	0.119148575
302	0.119092114
302.5	0.119057782
303	0.119101278
303.5	0.119147815
304	0.119108148
304.5	0.119135611
305	0.118944876
305.5	0.119031079
306	0.1192882
306.5	0.119284384
307	0.119211905
307.5	0.119234033
308	0.119237088
308.5	0.119250052
309	0.119307272
309.5	0.119263791
310	0.119130276
310.5	0.119191311
311	0.1191852
311.5	0.119268365
312	0.1193004
312.5	0.119299643
313	0.119239368
313.5	0.11952395
314	0.119239368
314.5	0.119257681
315	0.119245477
315.5	0.119116537
316	0.119173
316.5	0.119167648
317	0.119182147
317.5	0.119194351
318	0.119228683
318.5	0.119094409
319	0.119182147
319.5	0.119366027
320	0.119362213
320.5	0.119327106
321	0.119221054
321.5	0.119349994
322	0.119436212
322.5	0.119488858
323	0.119567446
323.5	0.119435452
324	0.119452231
324.5	0.119576596
325	0.119767331
325.5	0.119912289
326	0.1199863
326.5	0.120103039
327	0.120202981
327.5	0.120432623
328	0.120387606
328.5	0.120554693
329	0.120323531
329.5	0.120408215
330	0.12033955
330.5	0.120380752
331	0.120189242
331.5	0.12008395
332	0.119993173
332.5	0.120070226
333	0.1200191
333.5	0.1198627
334	0.119852789
334.5	0.119830661
335	0.1197185
335.5	0.1197742
336	0.119781829
336.5	0.119694851
337	0.119592614
337.5	0.119491912
338	0.119563632
338.5	0.119610928
339	0.11945834
339.5	0.119568206
340	0.119476654
340.5	0.119424768
341	0.119234033
341.5	0.119234793
342	0.119298123
342.5	0.119345419
343	0.1193172
343.5	0.119211905
344	0.119378231
344.5	0.119388141
345	0.1193706
345.5	0.119281329
346	0.119346179
346.5	0.119205795
347	0.119285144
347.5	0.119297348
348	0.119413324
348.5	0.119525485
349	0.119333975
349.5	0.119542263
350	0.119534634
350.5	0.119423248
351	0.119430877
351.5	0.119479693
352	0.119487323
352.5	0.119481988
353	0.119398065
353.5	0.119418658
354	0.119102038
354.5	0.119312622
355	0.1196178
355.5	0.119452991
356	0.119396545
356.5	0.119275995
357	0.119382046
357.5	0.119361438
358	0.119366027
358.5	0.119346179
359	0.119353049
359.5	0.119267605
360	0.1192882
360.5	0.119399585
361	0.119327106
361.5	0.119296588
362	0.119294308
362.5	0.1192592
363	0.119282089
363.5	0.119365253
364	0.119346954
364.5	0.119198941
365	0.119221054
365.5	0.119239368
366	0.119154684
366.5	0.119229458
367	0.119333215
367.5	0.119240128
368	0.119162314
368.5	0.11908678
369	0.119138665
369.5	0.119163834
370	0.119297348
370.5	0.119201981
371	0.119346954
371.5	0.119361438
372	0.119225644
372.5	0.119368307
373	0.119285904
373.5	0.119238608
374	0.119253866
374.5	0.119447656
375	0.119312622
375.5	0.119253106
376	0.119296588
376.5	0.119247
377	0.119340084
377.5	0.11926607
378	0.119236313
378.5	0.119332455
379	0.119196646
379.5	0.119327106
380	0.1193004
380.5	0.119362973
381	0.119292013
381.5	0.119381286
382	0.1193172
382.5	0.119324066
383	0.118619852
383.5	0.119185962
384	0.119342364
384.5	0.11939349
385	0.119433917
385.5	0.1193706
386	0.119414084
386.5	0.119356863
387	0.1193561
387.5	0.1193027
388	0.11939425
388.5	0.119417138
389	0.1193706
389.5	0.119364493
390	0.119456045
390.5	0.119461395
391	0.11952319
391.5	0.119456805
392	0.1195476
392.5	0.119373657
393	0.119446136
393.5	0.119526245
394	0.119505636
394.5	0.119424008
395	0.119414844
395.5	0.119486563
396	0.119420193
396.5	0.119468249
397	0.119365253
397.5	0.119361438
398	0.119346954
398.5	0.11946062
399	0.119470544
399.5	0.11952167
400	0.119441546
400.5	0.119491138
401	0.119424768
401.5	0.119452231
402	0.119470544
402.5	0.119294308
403	0.119295068
403.5	0.119461395
404	0.119475119
404.5	0.1194446
405	0.119478174
405.5	0.119543023
406	0.119463675
406.5	0.119537689
407	0.119517855
407.5	0.119516321
408	0.119595669
408.5	0.119545318
409	0.119585745
409.5	0.119572021
410	0.1196773
410.5	0.119575076
411	0.119620077
411.5	0.119486563
412	0.119571261
412.5	0.119778015
413	0.11958117
413.5	0.119604819
414	0.119866513
414.5	0.119816922
415	0.1199039
415.5	0.119979434
416	0.120029025
416.5	0.120226629
417	0.120439492
417.5	0.120566912
418	0.120672189
418.5	0.120806478
419	0.120925494
419.5	0.120884292
420	0.120946087
420.5	0.12097051
421	0.120627172
421.5	0.120766796
422	0.120674483
422.5	0.120569952
423	0.120605819
423.5	0.120487563
424	0.120536394
424.5	0.120310552
425	0.120474584
425.5	0.120459326
426	0.120415084
426.5	0.120455511
427	0.120485269
427.5	0.120659225
428	0.12072026
428.5	0.120813332
429	0.120747723
429.5	0.120956011
430	0.121012472
430.5	0.120997213
431	0.120965935
431.5	0.120819442
432	0.1209377
432.5	0.120945327
433	0.120928548
433.5	0.121024676
434	0.12103612
434.5	0.120939992
435	0.12096975
435.5	0.120918624
436	0.120965935
436.5	0.120867513
437	0.120782055
437.5	0.120881237
438	0.120753072
438.5	0.120737813
439	0.120579116
439.5	0.1205341
440	0.120539434
440.5	0.120472305
441	0.120391421
441.5	0.120379217
442	0.120061837
442.5	0.120095409
443	0.120052673
443.5	0.120077856
444	0.120058782
444.5	0.120054208
445	0.119678833
445.5	0.118159793
446	0.11920961
446.5	0.119761996
447	0.119913824
447.5	0.119885586
448	0.119898565
448.5	0.1199329
449	0.119907714
449.5	0.119825311
450	0.119884826
450.5	0.119794793
451	0.119847439
451.5	0.119750552
452	0.119813867
452.5	0.119766571
453	0.119754367
453.5	0.119741388
454	0.11963
454.5	0.1196918
455	0.119681112
455.5	0.1196033
456	0.1196712
456.5	0.119572021
457	0.119471304
457.5	0.119550653
458	0.119530819
458.5	0.119489618
459	0.119407214
459.5	0.11940188
460	0.1195003
460.5	0.119519375
461	0.119409509
461.5	0.119450711
462	0.119397305
462.5	0.119536929
463	0.11939425
463.5	0.11939425
464	0.119396545
464.5	0.119499542
465	0.119515561
465.5	0.119597189
466	0.119515561
466.5	0.11952167
467	0.119553708
467.5	0.119560577
468	0.119624667
468.5	0.119612448
469	0.119537689
469.5	0.119494952
470	0.119410269
470.5	0.119438507
471	0.119559817
471.5	0.119633816
472	0.119532339
472.5	0.119570486
473	0.119549893
473.5	0.119553708
474	0.119469784
474.5	0.119494952
475	0.119507171
475.5	0.1194858
476	0.1194301
476.5	0.119475119
477	0.119441546
477.5	0.119398825
478	0.119353049
478.5	0.11939273
479	0.119316436
479.5	0.11932864
480	0.119364493
480.5	0.119246237
481	0.119262256
481.5	0.119131036
482	0.119181387
482.5	0.119267605
483	0.119189017
483.5	0.119172238
484	0.119054742
484.5	0.1190883
485	0.119429342
485.5	0.119159259
486	0.119189017
486.5	0.119188257
487	0.119145535
487.5	0.119275995
488	0.119181387
488.5	0.119382806
489	0.119243942
489.5	0.119283624
490	0.1191997
490.5	0.119233273
491	0.119380511
491.5	0.119301938
492	0.119399585
492.5	0.119320251
493	0.119363733
493.5	0.1193004
494	0.119255386
494.5	0.119308792
495	0.119325586
495.5	0.119198941
496	0.119042523
496.5	0.11882966
497	0.118831955
497.5	0.118781604
498	0.118844159
498.5	0.118895285
499	0.118909769
499.5	0.118982263
500	0.119091354
500.5	0.118999042
501	0.119037189
501.5	0.119127221
502	0.119147055
502.5	0.11902269
503	0.119095169
503.5	0.118851028
504	0.118986078
504.5	0.119126461
505	0.11915011
505.5	0.119089834
506	0.119057022
506.5	0.119148575
507	0.119062372
507.5	0.119047113
508	0.11914172
508.5	0.119186722
509	0.119031079
509.5	0.119145535
510	0.1192325
510.5	0.119182147
511	0.1192409
511.5	0.119205035
512	0.119222589
512.5	0.119038709
513	0.118944876
513.5	0.118807547
514	0.118968524
514.5	0.118994467
515	0.118908249
515.5	0.11895556
516	0.118928857
516.5	0.118948691
517	0.118943341
517.5	0.118936487
518	0.118982263
518.5	0.11901506
519	0.119099744
519.5	0.119005151
520	0.119004376
520.5	0.118960135
521	0.119054742
521.5	0.119032614
522	0.119051687
522.5	0.119034894
523	0.1191028
523.5	0.119182907
524	0.11907763
524.5	0.1190433
525	0.119030319
525.5	0.11902269
526	0.119115
526.5	0.119146295
527	0.119175278
527.5	0.119144
528	0.119072281
528.5	0.119197406
529	0.119202755
529.5	0.119287439
530	0.119175278
530.5	0.119096704
531	0.119198941
531.5	0.119280569
532	0.119282864
532.5	0.119536929
533	0.119189776
533.5	0.118864767
534	0.118737347
534.5	0.118674792
535	0.118480228
535.5	0.11858476
536	0.118616037
536.5	0.1186847
537	0.118768625
537.5	0.118822806
538	0.11882662
538.5	0.118798383
539	0.1189853
539.5	0.118994467
540	0.118944116
540.5	0.118921228
541	0.11901278
541.5	0.119003616
542	0.119044818
542.5	0.119050927
543	0.119182147
543.5	0.119182147
544	0.119174518
544.5	0.119236313
545	0.119166128
545.5	0.119242422
546	0.11920885
546.5	0.119298123
547	0.119301163
547.5	0.119279809
548	0.11939273
548.5	0.119324066
549	0.11940188
549.5	0.119371362
550	0.119468249
550.5	0.119413324
551	0.119417138
551.5	0.119203515
552	0.119236313
552.5	0.119374417
553	0.119257681
553.5	0.119352289
554	0.119241662
554.5	0.119295828
555	0.119396545
555.5	0.119369842
556	0.119445361
556.5	0.119437732
557	0.119433917
557.5	0.119440027
558	0.1193149
558.5	0.119224109
559	0.119387381
559.5	0.119331695
560	0.119375937
560.5	0.119319476
561	0.119304217
561.5	0.119489618
562	0.119420953
562.5	0.119469024
563	0.119433917
563.5	0.119502582
564	0.119494952
564.5	0.119556762
565	0.119649835
565.5	0.119867273
566	0.119475119
566.5	0.119452991
567	0.119382046
567.5	0.119327106
568	0.119694091
568.5	0.119510986
569	0.119510226
569.5	0.119510986
570	0.1194446
570.5	0.119634576
571	0.119778775
571.5	0.11983829
572	0.119873382
572.5	0.11990314
573	0.119778775
573.5	0.119835995
574	0.119793274
574.5	0.119834475
575	0.119686462
575.5	0.119688742
576	0.119711645
576.5	0.119698666
577	0.1196178
577.5	0.1196857
578	0.119726904
578.5	0.119623892
579	0.119601004
579.5	0.119637631
580	0.119735293
580.5	0.119761236
581	0.1196712
581.5	0.11957965
582	0.1196445
582.5	0.1195476
583	0.11964678
583.5	0.119613223
584	0.119544558
584.5	0.11958117
585	0.11958956
585.5	0.119623892
586	0.119550653
586.5	0.119539969
587	0.119576596
587.5	0.119598724
588	0.119525485
588.5	0.11958117
589	0.119578116
589.5	0.119544558
590	0.119449176
590.5	0.119174518
591	0.118933432
591.5	0.119044058
592	0.119008966
592.5	0.119169183
593	0.119169183
593.5	0.11908526
594	0.119134851
594.5	0.119118057
595	0.119083725
595.5	0.119045578
596	0.119168423
596.5	0.119114242
597	0.119133316
597.5	0.11914248
598	0.119066946
598.5	0.118980728
599	0.118885361
599.5	0.11902193
600	0.119095929
600.5	0.1190616
601	0.119123407
601.5	0.119048633
602	0.119064651
602.5	0.11908678
603	0.119156979
603.5	0.119132556
604	0.118988357
604.5	0.118999042
605	0.119089074
605.5	0.119113483
606	0.119065411
606.5	0.119047113
607	0.119038709
607.5	0.119069226
608	0.119105093
608.5	0.119153164
609	0.119107373
609.5	0.119200461
610	0.119235553
610.5	0.11914935
611	0.119227923
611.5	0.119251572
612	0.119341604
612.5	0.119684927
613	0.119852789
613.5	0.119981728
614	0.119963415
614.5	0.120131262
615	0.120200686
615.5	0.120181613
616	0.1204189
616.5	0.1205051
617	0.120205261
617.5	0.120374642
618	0.1205074
618.5	0.120506637
619	0.120450176
619.5	0.120382272
620	0.120344125
620.5	0.120313607
621	0.120378457
621.5	0.120495953
622	0.120331921
622.5	0.120122872
623	0.120319717
623.5	0.120193057
624	0.12002521
624.5	0.119867273
625	0.119942807
625.5	0.119891696
626	0.119818456
626.5	0.119783349
627	0.119868048
627.5	0.119863458
628	0.119841345
628.5	0.119776495
629	0.119855069
629.5	0.11977344
630	0.1197185
630.5	0.119735293
631	0.119742922
631.5	0.119597964
632	0.119682647
632.5	0.119674258
633	0.119665094
633.5	0.119545318
634	0.119514041
634.5	0.119692557
635	0.119672723
635.5	0.119649835
636	0.119616263
636.5	0.119656704
637	0.119622372
637.5	0.119540744
638	0.119491138
638.5	0.1195743
639	0.119779535
639.5	0.119762756
640	0.119765051
640.5	0.119761996
641	0.119649835
641.5	0.119570486
642	0.119624667
642.5	0.119516321
643	0.119476654
643.5	0.11926607
644	0.119417138
644.5	0.119386621
645	0.119463675
645.5	0.119418658
646	0.119424768
646.5	0.119466729
647	0.119575076
647.5	0.119404934
648	0.119464435
648.5	0.119495727
649	0.119507171
649.5	0.119435452
650	0.119463675
</Group>
</Session>
