<Session>
Acquisition 1 2016-09-02 14:53:53
<Group>
Detector1
2
701		701	
D1 320:300-650	T636070406482237629	D1 320:300-650 [COR]	T636070406482237631
X	Y	X	Y
300	130.4176	300	1700.35876
300.5	145.9201	300.5	1903.84058
301	95.91211	301	1250.93555
301.5	167.4237	301.5	2183.9978
302	147.420349	302	1924.38135
302.5	116.415344	302.5	1518.96643
303	146.420227	303	1911.17065
303.5	191.4278	303.5	2495.687
304	126.917053	304	1657.05579
304.5	142.919617	304.5	1865.27173
305	126.416931	305	1650.25781
305.5	87.41083	305.5	1140.91675
306	133.418091	306	1740.08215
306.5	159.422363	306.5	2083.3772
307	135.4184	307	1769.71289
307.5	160.9226	307.5	2100.34082
308	145.420044	308	1899.66
308.5	109.914307	308.5	1434.99023
309	144.919983	309	1893.28162
309.5	125.416809	309.5	1637.38367
310	157.422	310	2055.74536
310.5	164.923279	310.5	2152.14355
311	105.9137	311	1380.98364
311.5	161.422668	311.5	2105.3584
312	132.917969	312	1736.26514
312.5	174.424866	312.5	2277.631
313	163.423035	313	2136.30737
313.5	133.418091	313.5	1743.417
314	133.918152	314	1745.31519
314.5	143.419678	314.5	1872.97461
315	136.91864	315	1785.77722
315.5	191.4278	315.5	2498.52734
316	134.418213	316	1753.63123
316.5	222.933411	316.5	2906.23975
317	152.4212	317	1987.751
317.5	197.4289	317.5	2576.13062
318	229.934631	318	2998.77173
318.5	219.432739	318.5	2864.87524
319	238.936279	319	3118.95654
319.5	210.431152	319.5	2748.57129
320	303.448547	320	3958.08423
320.5	269.942078	320.5	3522.3374
321	270.942261	321	3534.70947
321.5	261.4405	321.5	3405.21533
322	202.429749	322	2639.35571
322.5	234.435486	322.5	3060.771
323	249.438232	323	3255.948
323.5	254.439148	323.5	3321.76563
324	182.42627	324	2378.648
324.5	184.426636	324.5	2406.04541
325	177.425415	325	2313.88623
325.5	198.429016	325.5	2588.779
326	233.4353	326	3045.46143
326.5	235.435669	326.5	3070.833
327	300.447937	327	3921.26221
327.5	197.928955	327.5	2579.32056
328	225.93396	328	2943.55225
328.5	212.431519	328.5	2768.92456
329	177.425415	329	2311.53076
329.5	318.451538	329.5	4150.008
330	299.447754	330	3900.54077
330.5	304.44873	330.5	3969.10742
331	295.947083	331	3860.97876
331.5	341.456116	331.5	4451.70557
332	335.955017	332	4381.99072
332.5	311.9502	332.5	4064.62378
333	385.965454	333	5029.876
333.5	326.9532	333.5	4258.5376
334	397.968018	334	5187.9
334.5	451.479736	334.5	5882.78467
335	555.0043	335	7240.36475
335.5	604.0166	335.5	7880.866
336	757.5582	336	9884.993
336.5	857.588	336.5	11194.4492
337	962.621338	337	12562.2432
337.5	1216.21094	337.5	15873.709
338	1471.81421	338	19190.6387
338.5	1892.01245	338.5	24724.998
339	2458.33545	339	32064.3086
339.5	3251.896	339.5	42429.207
340	4404.43457	340	57433.89
340.5	5684.39844	340.5	74101.6641
341	7501.038	341	97899.6641
341.5	9748.716	341.5	127312.359
342	12392.42	342	161668.953
342.5	14836.8975	342.5	193692.188
343	17592.19	343	229485.438
343.5	20743.1719	343.5	270543.219
344	23887.5977	344	311476.25
344.5	26306.0332	344.5	343195.75
345	28857.4121	345	376776.844
345.5	31569.6172	345.5	412228.3
346	34199.71	346	445694.875
346.5	36405.0234	346.5	475065.8
347	38304.92	347	499758.781
347.5	40541.2852	347.5	528799.563
348	42255.6523	348	551466.4
348.5	44577.54	348.5	582319.4
349	46670.33	349	609004.438
349.5	48871.05	349.5	638122.6
350	51058.09	350	666531.563
350.5	53060.6	350.5	692207.5
351	55131.6641	351	719938.4
351.5	57178.8	351.5	746836.6
352	59914.5156	352	782580.5
352.5	62239.5547	352.5	813725.7
353	63750.168	353	833154.9
353.5	65472.0078	353.5	854500.5
354	67164.02	354	876454.063
354.5	69103.03	354.5	902450.6
355	70741.5	355	924135.1
355.5	72152.2	355.5	943380.5
356	74249.97	356	970083.1
356.5	75279.9	356.5	982354.6
357	76418.6953	357	997613.25
357.5	77001.14	357.5	1003414.38
358	77823.38	358	1014615.81
358.5	77893.47	358.5	1013628.88
359	78312.0156	359	1018160.06
359.5	78545.17	359.5	1022049.19
360	78352.66	360	1018328.69
360.5	78161.16	360.5	1015720.25
361	77551.15	361	1008973.56
361.5	76885.86	361.5	1000229.38
362	75833.77	362	986687.8
362.5	75277.36	362.5	979679.3
363	74606.28	363	971382.3
363.5	74226.12	363.5	964789.4
364	72795.55	364	946327.2
364.5	72240.99	364.5	941148
365	71530.76	365	931579.063
365.5	70929.1641	365.5	924890.1
366	70451.4	366	917170.25
366.5	69386.97	366.5	904293
367	69005.17	367	899025.25
367.5	68230.01	367.5	889241.063
368	67575.5859	368	880750.938
368.5	67929.4	368.5	885669.5
369	66988.16	369	873636.25
369.5	67126.52	369.5	874265.7
370	67074.32	370	873753.3
370.5	66333.4	370.5	864988.438
371	65880.9	371	859640.1
371.5	65329.64	371.5	852976.5
372	65161.9375	372	850057.8
372.5	65180.6875	372.5	850384.1
373	64854.9336	373	845665.563
373.5	64389.3945	373.5	839874.3
374	64326.582	374	839141.8
374.5	64298.2148	374.5	838790.25
375	64444.1	375	840141.2
375.5	63568.85	375.5	828761.4
376	63498.4531	376	828375.563
376.5	62782.37	376.5	818640.75
377	61989.4336	377	807877.9
377.5	62147.4023	377.5	809996.4
378	61099.93	378	795891.8
378.5	61087.78	378.5	796750.3
379	60239.4375	379	785279.6
379.5	59570.38	379.5	776454.6
380	58265.418	380	759288.563
380.5	58119.207	380.5	756841.438
381	57737.76	381	752451.25
381.5	55998.36	381.5	730526.938
382	55863.34	382	728254.5
382.5	55191.33	382.5	719451.4
383	53948.67	383	703221.5
383.5	53233.45	383.5	693698.8
384	52502.16	384	684497.5
384.5	51167.2148	384.5	667319.75
385	50770.1328	385	661842.938
385.5	49972.0273	385.5	652291.063
386	49155.8672	386	640998
386.5	48144.4375	386.5	627957.2
387	47535.05	387	620027.2
387.5	46932.81	387.5	612416.063
388	45612.47	388	594747.8
388.5	44860.5977	388.5	585436.7
389	44111.8633	389	576223.5
389.5	43563	389.5	568628.938
390	42691.3945	390	556716.938
390.5	42039.31	390.5	548849.75
391	41566.3047	391	542089.3
391.5	40812.52	391.5	532160.5
392	40075.99	392	522707.25
392.5	39680.793	392.5	517014.375
393	39097.64	393	509055.75
393.5	38208.17	393.5	498154.219
394	37913.9	394	494160.6
394.5	37261.93	394.5	486179.7
395	36880.06	395	480831.344
395.5	36026.7422	395.5	469827.438
396	35729.0742	396	466010.875
396.5	35268.2539	396.5	459793.3
397	34485.2031	397	450359.3
397.5	34197.1953	397.5	445711.438
398	33711.8438	398	439801.063
398.5	33317.1563	398.5	434542.844
399	32758.9023	399	426587.563
399.5	32009.4629	399.5	416720.781
400	31635.0371	400	411594.4
400.5	31007.0313	400.5	403373.1
401	30905.8945	401	401516.125
401.5	30567.7754	401.5	396840.219
402	29629.0156	402	384178.531
402.5	29267.3438	402.5	379675.75
403	28570.2285	403	370474.469
403.5	27766.6055	403.5	360191.281
404	27792.252	404	360415.438
404.5	26958.084	404.5	350119.719
405	26404.06	405	342780.6
405.5	25980.29	405.5	337269.219
406	25454.5215	406	330453.563
406.5	24649.8926	406.5	320196.063
407	24592.6035	407	319496.563
407.5	24172	407.5	314064.625
408	23621.3	408	306941.063
408.5	22948.082	408.5	298197.438
409	22233.2617	409	288828
409.5	21809.3418	409.5	283857.563
410	21545.1641	410	280282.875
410.5	21012.832	410.5	273287.25
411	20637.72	411	268711.4
411.5	20154.1875	411.5	262392.4
412	19472.9023	412	253498.281
412.5	19138.0664	412.5	249042.109
413	18537.7266	413	240937.016
413.5	18348.5059	413.5	238388.188
414	17644.38	414	229267.031
414.5	17479.7813	414.5	226906.219
415	17237.4082	415	223733.641
415.5	16594.1484	415.5	215298.969
416	16830.4688	416	218166.344
416.5	16053.3135	416.5	207987.063
417	15547.1484	417	201424.719
417.5	15072.1318	417.5	195333.6
418	14761.1641	418	191292.266
418.5	14539.4854	418.5	188431.938
419	14247.1055	419	184747.078
419.5	14112.2051	419.5	183036.766
420	13686.4658	420	177018.234
420.5	13471.8545	420.5	175003.813
421	12999.041	421	168576.609
421.5	12938.375	421.5	167846.563
422	12668.6494	422	164320.922
422.5	12272.6094	422.5	159380.688
423	11741.7637	423	152360.141
423.5	11619.9629	423.5	150773.016
424	11443.0322	424	148624.7
424.5	11254.5791	424.5	146245.875
425	11057.6133	425	143683.25
425.5	10606.0752	425.5	138517.141
426	10347.499	426	134470.828
426.5	10013.7754	426.5	130118.609
427	9793.81	427	127251.016
427.5	9633.478	427.5	125370.742
428	9492.188	428	123443.766
428.5	9230.663	428.5	120100.172
429	9198.601	429	119720.047
429.5	8773.279	429.5	113974.492
430	8502.775	430	110578.3
430.5	8317.438	430.5	108188.7
431	8121.09	431	105646.383
431.5	7970.327	431.5	103838.1
432	7696.36133	432	100195.688
432.5	7630.752	432.5	99345.21
433	7464.97852	433	97144.74
433.5	7174.51465	433.5	93509.5156
434	6977.209	434	90863.49
434.5	6727.333	434.5	87608.73
435	6658.23145	435	86752.3359
435.5	6402.3623	435.5	83417.3047
436	6388.343	436	83254.29
436.5	6193.07129	436.5	80699.9453
437	5857.621	437	76324.29
437.5	5821.574	437.5	75845.09
438	5614.81055	438	73130.27
438.5	5471.132	438.5	71348.38
439	5410.05664	439	70531.59
439.5	5301.927	439.5	69097.4141
440	5079.666	440	66124.6641
440.5	4990.56348	440.5	65001.19
441	4970.541	441	64767.625
441.5	4722.26758	441.5	61511.2227
442	4595.632	442	59908.5273
442.5	4450.98145	442.5	58039.1523
443	4278.30762	443	55810.2148
443.5	4228.759	443.5	55189.125
444	4060.09644	444	52969.1367
444.5	3999.53931	444.5	52158.6758
445	3970.01147	445	51827.18
445.5	3761.82251	445.5	49145.31
446	3673.74536	446	47998.9063
446.5	3621.70044	446.5	47369.0352
447	3509.10474	447	45933.1133
447.5	3305.93872	447.5	43235.9141
448	3304.938	448	43265.44
448.5	3182.84229	448.5	41679.4258
449	3084.267	449	40388.88
449.5	3065.75317	449.5	40131.56
450	2979.6897	450	39018.5547
450.5	2833.08447	450.5	37086.4063
451	2807.06641	451	36760.8047
451.5	2739.01929	451.5	35868.3438
452	2593.92236	452	33977.83
452.5	2571.908	452.5	33692.457
453	2467.341	453	32337.7266
453.5	2460.83716	453.5	32226.416
454	2417.31	454	31664.38
454.5	2336.2605	454.5	30602.4863
455	2252.711	455	29522.0879
455.5	2277.22534	455.5	29845.791
456	2211.687	456	28965.3379
456.5	2086.61621	456.5	27317.8242
457	2097.122	457	27465.14
457.5	2023.58179	457.5	26511.8457
458	1942.53882	458	25441.76
458.5	1858.99561	458.5	24327.5547
459	1901.01709	459	24897.5742
459.5	1741.4375	459.5	22829.4063
460	1775.45386	460	23241.1836
460.5	1692.91406	460.5	22153.9824
461	1710.92285	461	22413.5645
461.5	1617.37891	461.5	21177.7441
462	1576.36035	462	20624.75
462.5	1412.78931	462.5	18492.5684
463	1507.82983	463	19714.9648
463.5	1393.78125	463.5	18235.1152
464	1457.30811	464	19059.0488
464.5	1471.81421	464.5	19244.9141
465	1257.72681	465	16452.53
465.5	1212.70959	465.5	15871.998
466	1327.25415	466	17366.4
466.5	1282.23633	466.5	16770.9043
467	1204.70654	467	15761.8809
467.5	1162.1908	467.5	15196.5029
468	1131.67957	468	14812.792
468.5	1059.654	468.5	13858.2207
469	1152.68726	469	15068.5547
469.5	1034.14526	469.5	13526.1172
470	999.1334	470	13077.0908
470.5	970.6239	470.5	12707.1484
471	1006.636	471	13179.5859
471.5	938.1133	471.5	12275.7939
472	875.5935	472	11458.7041
472.5	803.571655	472.5	10512.43
473	932.6116	473	12205.34
473.5	936.1127	473.5	12250.6133
474	814.0748	474	10633.8428
474.5	826.5785	474.5	10810.3643
475	788.567261	475	10308.2744
475.5	833.5807	475.5	10891.6191
476	735.0519	476	9607.291
476.5	699.041748	476.5	9127.31
477	697.04126	477	9103.545
477.5	707.044067	477.5	9238.146
478	631.5237	478	8246.83
478.5	622.02124	478.5	8125.02539
479	624.521851	479	8156.78369
479.5	616.019653	479.5	8049.012
480	558.005	480	7285.96973
480.5	563.0062	480.5	7354.37158
481	524.4968	481	6884.07666
481.5	590.012939	481.5	7713.94043
482	590.513062	482	7727.68848
482.5	530.9984	482.5	6941.398
483	564.5066	483	7384.84033
483.5	487.988159	483.5	6385.391
484	558.005	484	7298.38037
484.5	478.986084	484.5	6258.92627
485	471.484375	485	6163.36328
485.5	446.97876	485.5	5840.5127
486	448.979248	486	5866.869
486.5	431.975464	486.5	5640.33838
487	519.4956	487	6778.43457
487.5	443.478027	487.5	5788.516
488	399.968384	488	5220.21875
488.5	447.478882	488.5	5843.93359
489	386.465576	489	5044.39648
489.5	396.467651	489.5	5182.841
490	358.4596	490	4683.032
490.5	375.963257	490.5	4913.0874
491	329.9538	491	4304.95459
491.5	386.465576	491.5	5042.309
492	261.940552	492	3416.23853
492.5	345.45697	492.5	4503.13525
493	313.950623	493	4092.92358
493.5	361.960327	493.5	4721.816
494	303.448547	494	3957.52856
494.5	253.438965	494.5	3306.41016
495	238.436218	495	3107.51416
495.5	272.942627	495.5	3558.88672
496	299.447754	496	3904.42847
496.5	230.934814	496.5	3010.41553
497	253.939087	497	3308.19385
497.5	228.434387	497.5	2975.84326
498	222.933411	498	2907.65625
498.5	221.933228	498.5	2897.5
499	241.436768	499	3157.198
499.5	259.440125	499.5	3392.99927
500	255.939453	500	3348.43213
500.5	162.922974	500.5	2133.70313
501	202.429749	501	2650.74561
501.5	189.42749	501.5	2483.4873
502	216.432251	502	2837.87
502.5	179.925842	502.5	2356.554
503	168.92395	503	2210.27832
503.5	206.43042	503.5	2703.31348
504	159.922424	504	2092.529
504.5	217.432434	504.5	2846.86279
505	185.426758	505	2426.658
505.5	190.927734	505.5	2498.14868
506	134.918335	506	1766.73376
506.5	148.420532	506.5	1944.985
507	135.918457	507	1779.76416
507.5	175.925171	507.5	2303.353
508	113.914978	508	1491.97473
508.5	111.414551	508.5	1458.1554
509	136.418579	509	1785.21448
509.5	246.437683	509.5	3220.18481
510	120.415955	510	1575.83423
510.5	148.9206	510.5	1948.29968
511	99.41266	511	1301.20422
511.5	116.415344	511.5	1521.1803
512	165.42334	512	2166.06348
512.5	117.415527	512.5	1538.7467
513	73.90875	513	967.5003
513.5	112.914795	513.5	1478.557
514	160.9226	514	2108.475
514.5	149.920776	514.5	1962.9845
515	96.41223	515	1262.93323
515.5	96.41223	515.5	1262.016
516	153.421387	516	2006.97473
516.5	88.91107	516.5	1163.99133
517	71.40839	517	933.3994
517.5	132.917969	517.5	1738.72156
518	78.9095459	518	1032.58032
518.5	89.9111938	518.5	1175.37671
519	138.918945	519	1815.01636
519.5	89.41113	519.5	1165.66418
520	97.9124146	520	1272.59778
520.5	55.9061279	520.5	726.3458
521	95.91211	521	1244.59326
521.5	114.9151	521.5	1490.47168
522	87.41083	522	1132.72925
522.5	95.41205	522.5	1234.89209
523	25.4017334	523	329.1271
523.5	110.414368	523.5	1429.17822
524	77.4093	524	1001.35913
524.5	38.4035645	524.5	496.519226
525	66.40765	525	859.0177
525.5	115.415161	525.5	1492.31055
526	70.4082642	526	910.220947
526.5	133.918152	526.5	1732.19971
527	70.4082642	527	911.368469
527.5	80.40973	527.5	1041.576
528	115.415161	528	1494.86072
528.5	104.913513	528.5	1361.31885
529	65.90759	529	855.3685
529.5	80.40973	529.5	1043.25183
530	71.40839	530	926.0517
530.5	68.90802	530.5	894.9074
531	80.90985	531	1051.41675
531.5	21.9012451	531.5	284.8186
532	88.41095	532	1148.893
532.5	65.40753	532.5	849.596558
533	33.9028931	533	440.19278
533.5	38.4035645	533.5	498.82724
534	42.4041138	534	550.9974
534.5	55.4060059	534.5	720.765442
535	99.41266	535	1292.3728
535.5	49.40515	535.5	642.0442
536	59.4066162	536	772.60376
536.5	20.901062	536.5	271.957764
537	18.9008179	537	245.89682
537.5	36.40326	537.5	473.824371
538	31.4025879	538	408.4738
538.5	15.40033	538.5	200.155457
539	61.9069824	539	803.3766
539.5	66.40765	539.5	860.884155
540	73.40869	540	950.721863
540.5	36.90332	540.5	477.154053
541	73.40869	541	947.130859
541.5	48.90509	541.5	630.129761
542	-6.1026	542	-78.68156
542.5	105.9137	542.5	1365.1991
543	42.4041138	543	547.3847
543.5	102.413147	543.5	1319.837
544	56.90625	544	736.505859
544.5	46.4047241	544.5	601.0442
545	81.40991	545	1054.44678
545.5	61.40692	545.5	795.4259
546	52.40558	546	679.152161
546.5	71.90845	546.5	934.15564
547	42.9042358	547	557.295044
547.5	71.90845	547.5	932.9477
548	20.901062	548	271.328064
548.5	47.9049072	548.5	622.424133
549	7.899292	549	102.61969
549.5	29.4022827	549.5	382.175842
550	22.4013062	550	291.3561
550.5	98.9126	550.5	1285.88135
551	13.9001465	551	180.72966
551.5	75.409	551.5	980.7275
552	41.9040527	552	545.322144
552.5	17.9006958	552.5	231.763641
553	79.90967	553	1039.27588
553.5	34.4030151	553.5	447.660522
554	29.4022827	554	382.843628
554.5	67.9079	554.5	883.315552
555	46.9047852	555	610.5211
555.5	16.4004517	555.5	213.408325
556	37.4034424	556	491.9259
556.5	62.9071045	556.5	831.2597
557	-8.602966	557	-112.477646
557.5	10.8997192	557.5	142.207062
558	70.9083252	558	925.6093
558.5	17.4005737	558.5	226.905426
559	4.89886475	559	63.91997
559.5	-20.6045532	559.5	-268.806763
560	34.4030151	560	448.861084
560.5	75.409	560.5	982.841
561	73.40869	561	957.5332
561.5	30.9025269	561.5	403.2493
562	37.4034424	562	487.709076
562.5	28.40216	562.5	370.266174
563	39.90381	563	520.0774
563.5	8.399353	563.5	109.500206
564	48.40503	564	631.3328
564.5	17.4005737	564.5	226.875259
565	2.89862061	565	37.742878
565.5	11.39978	565.5	148.6566
566	26.4018555	566	344.1561
566.5	0.8983154	566.5	11.7059212
567	46.9047852	567	611.3863
567.5	70.9083252	567.5	923.902
568	42.4041138	568	552.460754
568.5	45.9046631	568.5	598.721252
569	14.9002686	569	194.223724
569.5	19.90094	569.5	259.384064
570	80.40973	570	1047.33765
570.5	6.399109	570.5	83.45742
571	-0.101806641	571	-1.32792294
571.5	45.9046631	571.5	598.7257
572	57.9063721	572	755.5853
572.5	-27.6054688	572.5	-360.175171
573	13.9001465	573	181.357208
573.5	1.39837646	573.5	18.2623577
574	23.4014282	574	305.396271
574.5	-11.6033325	574.5	-151.220535
575	40.40387	575	526.727051
575.5	34.9030762	575.5	455.530182
576	-48.6081543	576	-634.338135
576.5	28.9022217	576.5	377.4875
577	0.3982544	577	5.193013
577.5	19.90094	577.5	259.539246
578	0.8983154	578	11.7233953
578.5	36.40326	578.5	474.990143
579	29.4022827	579	383.794464
579.5	38.4035645	579.5	501.097534
580	39.90381	580	520.934753
580.5	29.4022827	580.5	383.629974
581	75.409	581	984.039246
581.5	36.40326	581.5	475.2992
582	6.89917	582	90.03774
582.5	25.9017944	582.5	338.1293
583	10.8997192	583	142.2943
583.5	9.899536	583.5	129.081528
584	52.90564	584	690.14
584.5	20.401001	584.5	266.0117
585	-17.1040649	585	-223.0488
585.5	-9.603088	585.5	-125.251236
586	-13.6036377	586	-177.106567
586.5	43.4042969	586.5	565.354
587	57.40631	587	747.299
587.5	24.40155	587.5	317.875031
588	-9.603088	588	-124.964211
588.5	-5.102478	588.5	-66.3996
589	12.3999023	589	161.381531
589.5	4.89886475	589.5	63.7518158
590	46.9047852	590	610.0535
590.5	111.414551	590.5	1448.985
591	5.898987	591	76.77662
591.5	-17.1040649	591.5	-222.567245
592	52.90564	592	687.6461
592.5	78.9095459	592.5	1026.14783
593	-20.6045532	593	-267.7643
593.5	47.4048462	593.5	616.062866
594	-16.6040039	594	-215.531342
594.5	4.89886475	594.5	63.58268
595	3.89874268	595	50.6388741
595.5	-6.1026	595.5	-79.2922745
596	27.9021	596	362.636169
596.5	45.4046021	596.5	589.8728
597	-12.6034546	597	-163.725433
597.5	50.4052734	597.5	654.8341
598	12.3999023	598	160.988815
598.5	87.41083	598.5	1133.894
599	52.40558	599	679.4363
599.5	-6.602661	599.5	-85.6415939
600	6.399109	600	82.92523
600.5	33.402832	600.5	432.913849
601	38.4035645	601	497.707062
601.5	67.9079	601.5	880.4879
602	23.90149	602	309.804535
602.5	84.41034	602.5	1094.11987
603	68.90802	603	892.6624
603.5	15.40033	603.5	199.735077
604	60.90686	604	788.0641
604.5	50.9053955	604.5	659.1445
605	-26.6053467	605	-344.1919
605.5	57.9063721	605.5	748.665344
606	-23.1048584	606	-298.7946
606.5	73.40869	606.5	949.6563
607	12.3999023	607	160.1599
607.5	34.9030762	607.5	450.2561
608	-4.102356	608	-52.9741554
608.5	73.40869	608.5	947.9688
609	74.9089355	609	966.614258
609.5	-5.102478	609.5	-65.84984
610	37.9035034	610	489.0336
610.5	-3.602295	610.5	-46.40247
611	52.40558	611	674.6469
611.5	31.9026489	611.5	410.689026
612	28.9022217	612	371.990753
612.5	-6.602661	612.5	-84.89462
613	6.399109	613	82.37457
613.5	-8.102905	613.5	-104.272278
614	52.90564	614	681.6808
614.5	51.9055176	614.5	668.555359
615	5.898987	615	75.96151
615.5	-40.6071167	615.5	-522.5681
616	27.4019775	616	352.204132
616.5	43.4042969	616.5	558.7031
617	3.89874268	617	50.216362
617.5	9.399475	617.5	120.964249
618	12.8999634	618	166.049225
618.5	36.40326	618.5	468.8313
619	13.9001465	619	178.704819
619.5	-0.101806641	619.5	-1.31082511
620	45.4046021	620	585.573669
620.5	27.9021	620.5	359.81604
621	13.9001465	621	179.246338
621.5	-23.60492	621.5	-304.05246
622	30.9025269	622	398.0725
622.5	-16.1039429	622.5	-207.31221
623	-0.101806641	623	-1.30926919
623.5	26.4018555	623.5	340.052216
624	-12.6034546	624	-162.268036
624.5	-15.1038208	624.5	-194.695572
625	-26.1052856	625	-336.279053
625.5	-2.10205078	625.5	-27.0723438
626	27.9021	626	359.813416
626.5	29.9023438	626.5	385.3741
627	-9.603088	627	-123.894257
627.5	24.40155	627.5	314.4996
628	14.9002686	628	192.122162
628.5	8.899414	628.5	114.769691
629	6.89917	629	88.9284439
629.5	75.409	629.5	970.9033
630	11.39978	630	147.050659
630.5	49.40515	630.5	638.1279
631	11.8998413	631	153.7561
631.5	70.9083252	631.5	915.205
632	58.9065552	632	760.4719
632.5	-9.603088	632.5	-123.925041
633	38.4035645	633	495.97818
633.5	16.9005127	633.5	218.309937
634	94.41193	634	1220.38269
634.5	-22.1047363	634.5	-285.831635
635	46.4047241	635	599.76416
635.5	54.4058838	635.5	703.7273
636	26.4018555	636	341.484283
636.5	-8.102905	636.5	-104.899834
637	-29.6057129	637	-382.861572
637.5	68.40796	637.5	884.983459
638	22.9013672	638	296.486542
638.5	32.40271	638.5	419.222748
639	33.402832	639	432.453674
639.5	47.4048462	639.5	614.881836
640	41.40399	640	536.6987
640.5	65.90759	640.5	854.6651
641	47.9049072	641	622.131165
641.5	45.9046631	641.5	596.272766
642	22.9013672	642	297.79422
642.5	52.90564	642.5	688.472
643	103.913391	643	1352.8844
643.5	82.4100342	643.5	1074.65979
644	37.4034424	644	488.1271
644.5	0.3982544	644.5	5.20165443
645	44.90448	645	586.074341
645.5	34.9030762	645.5	456.045868
646	18.9008179	646	247.466446
646.5	11.8998413	646.5	155.809158
647	32.90277	647	431.016266
647.5	43.4042969	647.5	568.6168
648	45.4046021	648	595.6967
648.5	8.899414	648.5	116.810959
649	9.399475	649	123.30954
649.5	38.9036255	649.5	510.621765
650	-2.10205078	650	-27.5879974
</Group>
<Group>
RCQCSignal
1
701	
ExCorr	T636070406482237630
X	Y
300	0.10334418
300.5	0.103270181
301	0.103306793
301.5	0.103289254
302	0.103218295
302.5	0.103264831
303	0.103226684
303.5	0.103348754
304	0.103198461
304.5	0.103238128
305	0.10321524
305.5	0.103228979
306	0.103308327
306.5	0.103103094
307	0.103101559
307.5	0.103232794
308	0.103142761
308.5	0.103203796
309	0.103134371
309.5	0.103203796
310	0.103177853
310.5	0.103252627
311	0.10333655
311.5	0.103306793
312	0.103147335
312.5	0.103184722
313	0.103071816
313.5	0.103110723
314	0.103384621
314.5	0.103173278
315	0.103306033
315.5	0.103231274
316	0.10327857
316.5	0.103355624
317	0.103317477
317.5	0.103260256
318	0.103312142
318.5	0.103201516
319	0.103219829
319.5	0.10315574
320	0.103297643
320.5	0.1032595
321	0.10327933
321.5	0.103447177
322	0.103339605
322.5	0.103200756
323	0.103222869
323.5	0.103206091
324	0.10333503
324.5	0.10327857
325	0.1033152
325.5	0.103276275
326	0.10327705
326.5	0.103301458
327	0.103236608
327.5	0.103393771
328	0.103418954
328.5	0.103370883
329	0.103420474
329.5	0.103391491
330	0.103439547
330.5	0.103350289
331	0.10327781
331.5	0.103347234
332	0.103299938
332.5	0.10340827
333	0.103390716
333.5	0.103446417
334	0.103358679
334.5	0.10340599
335	0.103282385
335.5	0.103267886
336	0.1032595
336.5	0.103220589
337	0.103247292
337.5	0.103233553
338	0.10333655
338.5	0.103104614
339	0.103302218
339.5	0.103267126
340	0.103326641
340.5	0.103358679
341	0.103235848
341.5	0.103173278
342	0.103280865
342.5	0.103209905
343	0.103289254
343.5	0.103306793
344	0.103332736
344.5	0.10327705
345	0.103196166
345.5	0.103186257
346	0.103389196
346.5	0.103251867
347	0.10327246
347.5	0.103299163
348	0.103241943
348.5	0.103144296
349	0.103254922
349.5	0.103190072
350	0.10321296
350.5	0.103282385
351	0.103180148
351.5	0.10315726
352	0.10315574
352.5	0.103057317
353	0.103096984
353.5	0.103236608
354	0.103251867
354.5	0.103172518
355	0.103140481
355.5	0.103051208
356	0.103128262
356.5	0.103252627
357	0.103211425
357.5	0.103396825
358	0.103347234
358.5	0.103541024
359	0.103634112
359.5	0.103547134
360	0.103670724
360.5	0.103682928
361	0.103561617
361.5	0.103570782
362	0.103555523
362.5	0.1035311
363	0.103484564
363.5	0.103660814
364	0.103646316
364.5	0.103422768
365	0.103457861
365.5	0.103329681
366	0.103497542
366.5	0.103385381
367	0.103418954
367.5	0.103382327
368	0.103377752
368.5	0.1033419
369	0.103313662
369.5	0.103452526
370	0.103432693
370.5	0.103326641
371	0.103260256
371.5	0.103196166
372	0.103284679
372.5	0.103274755
373	0.103331976
373.5	0.103297643
374	0.103286959
374.5	0.103284679
375	0.103352569
375.5	0.103348754
376	0.103282385
376.5	0.103331976
377	0.103386141
377.5	0.103378512
378	0.103437267
378.5	0.103305273
379	0.103358679
379.5	0.103372417
380	0.103393771
380.5	0.103467785
381	0.103388436
381.5	0.103283145
382	0.103355624
382.5	0.103361733
383	0.103366308
383.5	0.103396066
384	0.103346474
384.5	0.103311382
385	0.103357919
385.5	0.103222869
386	0.103325866
386.5	0.103301458
387	0.1032984
387.5	0.1032572
388	0.103333496
388.5	0.103246532
389	0.103146575
389.5	0.103223644
390	0.103322826
390.5	0.103203036
391	0.103314422
391.5	0.103333496
392	0.103303753
392.5	0.103411324
393	0.103484564
393.5	0.10334342
394	0.103376232
394.5	0.103266366
395	0.10334494
395.5	0.103318237
396	0.103303753
396.5	0.103350289
397	0.103172518
397.5	0.103377752
398	0.10328009
398.5	0.103306033
399	0.103469305
399.5	0.103496008
400	0.103559338
400.5	0.1035723
401	0.103711925
401.5	0.10378594
402	0.103914104
402.5	0.103862993
403	0.103907235
403.5	0.103867568
404	0.103898846
404.5	0.103743963
405	0.103787459
405.5	0.103790514
406	0.103787459
406.5	0.103726424
407	0.103711925
407.5	0.103701241
408	0.103690557
408.5	0.103689037
409	0.103718035
409.5	0.103521951
410	0.1035723
410.5	0.103599004
411	0.103482284
411.5	0.103491433
412	0.103501357
412.5	0.103541784
413	0.103667669
413.5	0.103706591
414	0.103694372
414.5	0.103795849
415	0.103808053
415.5	0.103849255
416	0.103943862
416.5	0.103996508
417	0.1039988
417.5	0.10396523
418	0.103971325
418.5	0.103964455
419	0.103905715
419.5	0.103883587
420	0.104175039
420.5	0.10372185
421	0.103897326
421.5	0.103862233
422	0.103879012
422.5	0.103750832
423	0.10383705
423.5	0.103841625
424	0.103738628
424.5	0.1036898
425	0.103692092
425.5	0.103167184
426	0.103680648
426.5	0.103692852
427	0.103700481
427.5	0.103532635
428	0.103606634
428.5	0.103557043
429	0.103525005
429.5	0.10371574
430	0.103605114
430.5	0.10358528
431	0.103573836
431.5	0.103421248
432	0.103496768
432.5	0.103492953
433	0.103537969
433.5	0.103377752
434	0.103462435
434.5	0.10346321
435	0.103411324
435.5	0.103412844
436	0.103388436
436.5	0.10340064
437	0.10340675
437.5	0.103419714
438	0.103449471
438.5	0.103319772
439	0.103349529
439.5	0.103386141
440	0.103505172
440.5	0.103447177
441	0.103403695
441.5	0.103439547
442	0.103358679
442.5	0.103329681
443	0.103287719
443.5	0.103240423
444	0.10327705
444.5	0.103317477
445	0.103210665
445.5	0.103135131
446	0.103125982
446.5	0.103016876
447	0.102934472
447.5	0.103024505
448	0.102923028
448.5	0.102892511
449	0.102891751
449.5	0.1029299
450	0.102894045
450.5	0.102928378
451	0.102886416
451.5	0.102890231
452	0.102861233
452.5	0.102852084
453	0.102804013
453.5	0.102887176
454	0.102861233
454.5	0.102861993
455	0.102813177
455.5	0.102804773
456	0.102881067
456.5	0.102916934
457	0.102880307
457.5	0.10284216
458	0.102875732
458.5	0.102960415
459	0.102877252
459.5	0.10277883
460	0.1029299
460.5	0.102961175
461	0.102851324
461.5	0.102901675
462	0.102981023
462.5	0.102936767
463	0.103049688
463.5	0.1029856
464	0.103024505
464.5	0.103045113
465	0.103001617
465.5	0.102947451
466	0.102975674
466.5	0.103015356
467	0.102982543
467.5	0.103044339
468	0.102938287
468.5	0.10302604
469	0.103069521
469.5	0.103014596
470	0.1029444
470.5	0.102918454
471	0.102910824
471.5	0.102966525
472	0.10295736
472.5	0.102993988
473	0.102953546
473.5	0.102958135
474	0.10314887
474.5	0.103022985
475	0.103072576
475.5	0.103120632
476	0.103087835
476.5	0.103193112
477	0.103166409
477.5	0.103122167
478	0.103179388
478.5	0.10315039
479	0.103161834
479.5	0.103119873
480	0.103190832
480.5	0.103147335
481	0.102656759
481.5	0.103056557
482	0.102960415
482.5	0.103071041
483	0.102995507
483.5	0.102970339
484	0.103015356
484.5	0.103113
485	0.103071816
485.5	0.103116058
486	0.103112243
486.5	0.103191592
487	0.103262551
487.5	0.103227459
488	0.103235088
488.5	0.103171
489	0.103226684
489.5	0.103069521
490	0.103134371
490.5	0.103105374
491	0.103270181
491.5	0.103269421
492	0.103310607
492.5	0.103364013
493	0.103351809
493.5	0.1032862
494	0.103312142
494.5	0.10327781
495	0.103383087
495.5	0.10333503
496	0.10333655
496.5	0.1033602
497	0.103425823
497.5	0.103428878
498	0.103305273
498.5	0.103202276
499	0.103036709
499.5	0.103025265
500	0.102987878
500.5	0.102881841
501	0.102895565
501.5	0.1027712
502	0.102758996
502.5	0.102874212
503	0.102975674
503.5	0.102888696
504	0.102974154
504.5	0.102907769
505	0.1029566
505.5	0.102977209
506	0.102894045
506.5	0.102817751
507	0.10289786
507.5	0.102910064
508	0.102874972
508.5	0.102950506
509	0.102961175
509.5	0.103113778
510	0.102958895
510.5	0.102988653
511	0.102940582
511.5	0.103114538
512	0.10290014
512.5	0.102813177
513	0.102928378
513.5	0.1028971
514	0.10283453
514.5	0.10290473
515	0.102858953
515.5	0.102933712
516	0.102999322
516.5	0.102919213
517	0.103079446
517.5	0.103001617
518	0.102966525
518.5	0.103068762
519	0.103126742
519.5	0.103349529
520	0.103666149
520.5	0.103706591
521	0.103833236
521.5	0.103882827
522	0.10397514
522.5	0.104103319
523	0.103989638
523.5	0.10409493
524	0.104158245
524.5	0.104213946
525	0.1041613
525.5	0.104206316
526	0.10422387
526.5	0.104167409
527	0.104092635
527.5	0.104017876
528	0.104028545
528.5	0.103839345
529	0.103817977
529.5	0.103850789
530	0.103897326
530.5	0.103748553
531	0.103685223
531.5	0.103607409
532	0.103685223
532.5	0.103730239
533	0.103772961
533.5	0.103731759
534	0.103692852
534.5	0.1035746
535	0.103644021
535.5	0.103680648
536	0.103602059
536.5	0.103551708
537	0.103566207
537.5	0.103517376
538	0.103583746
538.5	0.103669964
539	0.103827126
539.5	0.103935473
540	0.104036175
540.5	0.104207076
541	0.104430623
541.5	0.104571767
542	0.104503863
542.5	0.10453134
543	0.104377218
543.5	0.104550414
544	0.104105614
544.5	0.104027025
545	0.104026265
545.5	0.104017876
546	0.10396827
546.5	0.10371726
547	0.103730239
547.5	0.103851549
548	0.103792034
548.5	0.103701241
549	0.1037165
549.5	0.10365928
550	0.10359519
550.5	0.103643261
551	0.103628762
551.5	0.1036013
552	0.103536449
552.5	0.104067467
553	0.103599779
553.5	0.103547134
554	0.103478469
554.5	0.103584506
555	0.103515841
555.5	0.103546359
556	0.102447711
556.5	0.101965524
557	0.103055783
557.5	0.10327246
558	0.103219055
558.5	0.103325866
559	0.103264071
559.5	0.10327933
560	0.103270181
560.5	0.103378512
561	0.103296123
561.5	0.103254922
562	0.103333496
562.5	0.103354104
563	0.103380047
563.5	0.103352569
564	0.103305273
564.5	0.103339605
565	0.103477694
565.5	0.103324346
566	0.103364013
566.5	0.10339836
567	0.103369363
567.5	0.103409804
568	0.103418194
568.5	0.103305273
569	0.103367068
569.5	0.103376232
570	0.103445657
570.5	0.103310607
571	0.1032984
571.5	0.103304513
572	0.103260256
572.5	0.103269421
573	0.103270181
573.5	0.103171
574	0.103245
574.5	0.103386141
575	0.103354104
575.5	0.103237368
576	0.103247292
576.5	0.103161834
577	0.103331216
577.5	0.103314422
578	0.103244238
578.5	0.103263311
579	0.103222109
579.5	0.103261791
580	0.103209905
580.5	0.103266366
581	0.103252627
581.5	0.103196166
582	0.103243478
582.5	0.10321372
583	0.103209145
583.5	0.103333496
584	0.103289254
584.5	0.103333496
585	0.103321292
585.5	0.103304513
586	0.103492953
586.5	0.103443362
587	0.103503637
587.5	0.103431158
588	0.103541784
588.5	0.103539504
589	0.103527285
589.5	0.103536449
590	0.10359519
590.5	0.103602059
591	0.10352347
591.5	0.103544839
592	0.103663854
592.5	0.103611983
593	0.103681408
593.5	0.103678353
594	0.1037989
594.5	0.103811868
595	0.103736334
595.5	0.103698961
596	0.103670724
596.5	0.103712685
597	0.103720315
597.5	0.103713445
598	0.10377983
598.5	0.103868328
599	0.103924789
599.5	0.103878252
600	0.10397362
600.5	0.103961416
601	0.10396523
601.5	0.103917159
602	0.103950731
602.5	0.1039492
603	0.104009472
603.5	0.103888161
604	0.1041346
604.5	0.104057543
605	0.104149856
605.5	0.104214706
606	0.104188778
606.5	0.10415291
607	0.104316942
607.5	0.104446642
608	0.104342125
608.5	0.104338311
609	0.1044169
609.5	0.10440392
610	0.104431383
610.5	0.104599245
611	0.10466256
611.5	0.104665615
612	0.104686208
612.5	0.10479226
613	0.104668669
613.5	0.104703762
614	0.104571007
614.5	0.104608394
615	0.104634337
615.5	0.104700707
616	0.104828127
616.5	0.104674764
617	0.104609154
617.5	0.104697652
618	0.104674764
618.5	0.104619838
619	0.104802944
619.5	0.104645781
620	0.10447412
620.5	0.104483269
621	0.104486324
621.5	0.10460306
622	0.10459771
622.5	0.104664095
623	0.104770146
623.5	0.104611449
624	0.104651876
624.5	0.104525231
625	0.10459695
625.5	0.104618318
626	0.104484029
626.5	0.104547359
627	0.104435973
627.5	0.10454125
628	0.104497768
628.5	0.104477935
629	0.10453134
629.5	0.104649596
630	0.104452752
630.5	0.104316942
631	0.104279555
631.5	0.104392476
632	0.104368828
632.5	0.10441003
633	0.104327627
633.5	0.104307793
634	0.104236834
634.5	0.104199447
635	0.104249038
635.5	0.104167409
636	0.104172744
636.5	0.104077376
637	0.104189537
637.5	0.104150616
638	0.1040751
638.5	0.104142226
639	0.104072042
639.5	0.103877492
640	0.103944622
640.5	0.10390342
641	0.103750072
641.5	0.103729479
642	0.103618078
642.5	0.103539504
643	0.103490673
643.5	0.103323586
644	0.103245
644.5	0.103159554
645	0.103235088
645.5	0.103120632
646	0.102909304
646.5	0.10290549
647	0.1028559
647.5	0.102849789
648	0.102698721
648.5	0.102652185
649	0.10270635
649.5	0.102655239
650	0.102662869
</Group>
</Session>
