<Session>
Acquisition 1 2016-08-08 14:15:56
<Group>
Detector1
2
81		81	
D1 400-480:400-480	T636062510510947790	D1 400-480:400-480 [COR]	T636062510510947792
X	Y	X	Y
400	-83.01489	400	-865965.938
401	-0.00219726563	401	-47.53807
402	-30.006958	402	-338512.6
403	-36.0078735	403	-301290.281
404	-29.0067749	404	-89937.47
405	-9.003601	405	-52335.4727
406	-12.0040894	406	-161114.156
407	-39.0083	407	3733808.25
408	23.0015869	408	474954.4
409	56.0072021	409	368628.344
410	10.9996338	410	103501.586
411	-119.02002	411	-1099256.25
412	-104.017944	412	-877546.6
413	-77.01404	413	-555644.938
414	-39.0083	414	-381483.75
415	-5.00299072	415	-34203.3672
416	-52.0103149	416	-313838.281
417	15.0003052	417	98575.84
418	-33.0073853	418	-603040
419	-49.0098877	419	-229247
420	-78.01416	420	-927062.75
421	-52.0103149	421	-454453.219
422	-51.0101929	422	-189305.344
423	-68.0126953	423	-299577.938
424	-14.0043945	424	-37487.1445
425	-13.0042725	425	-21459.1816
426	43.0049438	426	38148.94
427	113.017395	427	50233.8945
428	476.097534	428	100415.039
429	1034.27209	429	103890.875
430	1909.67139	430	96277.13
431	3072.43848	431	88967.8
432	3717.9812	432	71026.18
433	4116.35742	433	60809.54
434	4324.56641	434	55200.71
435	4349.593	435	52684.42
436	4374.618	436	51938.97
437	3937.18433	437	47164.4
438	3502.79126	438	43992.73
439	3090.45264	439	43023.9922
440	2154.81055	440	35592.9336
441	1444.44019	441	31997.752
442	735.1708	442	24644.8828
443	380.07373	443	21840.0664
444	90.01318	444	10094.2646
445	59.00775	445	12939.6338
446	-7.003296	446	-2881.448
447	76.01068	447	58334.7148
448	-27.00647	448	-29813.0273
449	-53.010498	449	-93101.34
450	9.999451	450	26321.6211
451	-41.008667	451	-117677.172
452	-50.01001	452	-302363.344
453	-78.01416	453	-269580.1
454	-66.01239	454	-598817
455	-80.0144653	455	1543370.5
456	-34.00757	456	-351924.844
457	-58.01123	457	-1151960.75
458	-47.0095825	458	557015.8
459	-32.0072632	459	3543366.25
460	-60.0115356	460	-738125.938
461	38.00415	461	403467.1
462	-48.0097046	462	-280719.75
463	-131.021667	463	-1322666.75
464	5.9987793	464	32351.9551
465	15.0003052	465	136607.6
466	-85.0152	466	-9700292
467	-103.017761	467	-951979.1
468	-22.0056763	468	238949.016
469	-125.020813	469	12003468
470	-80.0144653	470	-4659067.5
471	-74.01361	471	-724607.1
472	-48.0097046	472	-799169.563
473	-57.0110474	473	-3076648
474	42.00482	474	4932980
475	14.0001221	475	361570.938
476	-40.0084839	476	-897224.5
477	-14.0043945	477	-148845.141
478	82.01178	478	-2088897.88
479	-104.017944	479	-1.258853E+07
480	-47.0095825	480	839314.938
</Group>
<Group>
RCQCSignal
1
81	
ExCorr	T636062510510947791
X	Y
400	9.095669E-05
401	4.365295E-05
402	8.332729E-05
403	0.0001123175
404	0.000303052366
405	0.000161148608
406	6.958842E-05
407	-9.75281E-06
408	4.518032E-05
409	0.000141307712
410	9.858608E-05
411	0.000100106
412	0.000109262764
413	0.000127576292
414	9.40039754E-05
415	0.000133678317
416	0.000150464475
417	0.000138260424
418	4.97549772E-05
419	0.0001931861
420	7.56979E-05
421	0.000103160739
422	0.000243544579
423	0.0002053976
424	0.000338152051
425	0.0005456731
426	0.00100954622
427	0.00201816857
428	0.004258193
429	0.0089183
430	0.017731905
431	0.0309126526
432	0.04692395
433	0.0607181042
434	0.0703206062
435	0.07411857
436	0.07565057
437	0.07491356
438	0.0714452
439	0.06438179
440	0.05428031
441	0.0407180935
442	0.027056694
443	0.01577112
444	0.008074477
445	0.00413459539
446	0.00220585614
447	0.001188077
448	0.000829488039
449	0.000519730151
450	0.000345781446
451	0.000318311155
452	0.000151991844
453	0.000266432762
454	0.00010163337
455	-4.78997827E-05
456	8.942932E-05
457	4.670024E-05
458	-7.842481E-05
459	-6.70552254E-06
460	7.56979E-05
461	8.790195E-05
462	0.000159621239
463	9.247661E-05
464	0.000173352659
465	0.000103160739
466	3.97861E-06
467	0.00010163337
468	-8.60542059E-05
469	-9.75281E-06
470	1.61826611E-05
471	9.705871E-05
472	5.738437E-05
473	1.771003E-05
474	5.505979E-06
475	3.75434756E-05
476	4.365295E-05
477	9.247661E-05
478	-3.875047E-05
479	3.97861E-06
480	-5.55291772E-05
</Group>
</Session>
