<Session>
Acquisition 1 2016-08-08 14:12:07
<Group>
Detector1
2
81		81	
D1 400-480:400-480	T636062510510947085	D1 400-480:400-480 [COR]	T636062510510947087
X	Y	X	Y
400	31904.4	400	137125.7
401	30037.59	401	128714.195
402	29762.9121	402	127190.906
403	28664.3457	403	121502.4
404	28488.3164	404	120472.211
405	26977.7324	405	113909.414
406	28537.6035	406	118331.883
407	27626.3633	407	112914.391
408	26787.6836	408	108423.266
409	26439.7852	409	105774.148
410	25214.2871	410	100973.367
411	24618.2324	411	96214.2656
412	24762.9688	412	96160.84
413	23953.9141	413	91696.85
414	24810.209	414	94043.22
415	23685.5977	415	88565.74
416	24344.8574	416	89850.98
417	23484.623	417	85267.08
418	23520.7969	418	83584.23
419	22212.63	419	77608.56
420	21740.4883	420	76780.99
421	21207.123	421	75524.11
422	20798.3477	422	74618.63
423	19852.3652	423	71272.52
424	19412.5762	424	69771.1953
425	19271.0078	425	69001.99
426	18769.0273	426	66801.68
427	18157.68	427	64721.84
428	17716.0332	428	63113.3359
429	17271.4121	429	61358
430	16604.0547	430	58999
431	16454.54	431	58501.4023
432	16143.4775	432	57207.7031
433	15006.7705	433	52992.5039
434	15472.2578	434	54374.1641
435	15073.9824	435	52779.44
436	15519.41	436	53583.71
437	14375.8242	437	49070.1367
438	14514.2441	438	49240.9141
439	14626.5879	439	49857.125
440	12811.3389	440	44641.6523
441	13593.5205	441	47468.37
442	13624.6094	442	47716.92
443	13353.8389	443	46510.96
444	13334.7852	444	46542.5234
445	13172.3311	445	46215.64
446	13095.1162	446	45986.3672
447	12614.8105	447	44050.7031
448	13863.3008	448	45844.1055
449	12659.9316	449	39529.56
450	12208.7422	450	37950.4063
451	11374.6514	451	36888.4531
452	10080.6816	452	33813.082
453	9771.02051	453	33875.14
454	10207.959	454	35665.1758
455	10191.9238	455	35055.07
456	9847.182	456	33384.79
457	9287.026	457	31060.3438
458	8421.363	458	28056.63
459	8178.92529	459	27664.7285
460	8137.852	460	27564.1914
461	8774.022	461	28785.5
462	7200.27246	462	23303.7031
463	7061.053	463	22116.3262
464	6419.091	464	20484.4863
465	6887.785	465	22149.6211
466	7830.314	466	23864.9277
467	6952.88525	467	19892.0234
468	6730.54736	468	18340.9043
469	5995.50146	469	17057.4043
470	5417.755	470	16670.8652
471	6051.577	471	19291.66
472	5665.066	472	18227.7363
473	4698.919	473	14805.292
474	5038.301	474	17118.07
475	5598.98145	475	20724.1387
476	6079.61572	476	23503.7656
477	5857.31641	477	23285.13
478	6132.68848	478	24788.2637
479	6416.087	479	25737.7813
480	6549.2793	480	25682.2422
</Group>
<Group>
RCQCSignal
1
81	
ExCorr	T636062510510947086
X	Y
400	0.220755324
401	0.220399812
402	0.219967976
403	0.221713588
404	0.222197309
405	0.221846357
406	0.225246057
407	0.228401616
408	0.23049213
409	0.232481882
410	0.231645688
411	0.236568257
412	0.237376973
413	0.240447089
414	0.2425315
415	0.244409874
416	0.245999858
417	0.250247955
418	0.255799234
419	0.258634329
420	0.254703581
421	0.2531106
422	0.2519219
423	0.252002776
424	0.251847148
425	0.2514794
426	0.251619756
427	0.2516625
428	0.2521004
429	0.252163
430	0.2515877
431	0.2517708
432	0.252958
433	0.2540093
434	0.255414665
435	0.256403446
436	0.260140419
437	0.2629084
438	0.264489233
439	0.262946546
440	0.2573068
441	0.258306265
442	0.2589792
443	0.2601953
444	0.259429336
445	0.258416116
446	0.2584436
447	0.261110842
448	0.276905477
449	0.2923354
450	0.292814553
451	0.281654119
452	0.2739666
453	0.2655589
454	0.263875782
455	0.268621385
456	0.2729717
457	0.277277827
458	0.2789212
459	0.2748837
460	0.2748806
461	0.284446478
462	0.288375676
463	0.298054516
464	0.2929656
465	0.2921477
466	0.309488058
467	0.328274965
468	0.3429038
469	0.329129457
470	0.306225717
471	0.2980743
472	0.2968765
473	0.303332567
474	0.28228426
475	0.261956215
476	0.253221929
477	0.247241959
478	0.2441871
479	0.246646836
480	0.2528252
</Group>
</Session>
