<Session>
Acquisition 1 2016-08-17 15:47:51
<Group>
Detector1
2
21		21	
D1 350:340-360	T636070406482189924	D1 350:340-360 [COR]	T636070406482189926
X	Y	X	Y
340	773.059753	340	1528.54578
341	829.0687	341	1619.81091
342	849.0721	342	1638.94348
343	832.0692	343	1573.86853
344	846.0716	344	1567.55664
345	851.072449	345	1561.2937
346	841.07074	346	1527.59973
347	1075.1156	347	1914.68152
348	3133.982	348	5470.55127
349	10276.5537	349	17621.3086
350	22325.77	350	37593.4844
351	26119.1016	351	43217.9375
352	17065.0879	352	27738.2188
353	6437.142	353	10339.1377
354	1719.29553	354	2728.352
355	883.078	355	1387.30762
356	852.0726	356	1325.04175
357	920.084656	357	1413.62061
358	718.0516	358	1089.80469
359	844.0712	359	1250.13538
360	750.0563	360	1083.40479
</Group>
<Group>
RCQCSignal
1
21	
ExCorr	T636070406482189925
X	Y
340	0.01576257
341	0.0158312358
342	0.01595178
343	0.0159044787
344	0.0158525985
345	0.0158876944
346	0.01584039
347	0.0159014259
348	0.0159060042
349	0.0159578845
350	0.0159060042
351	0.0158113986
352	0.01588922
353	0.0158083476
354	0.0158876944
355	0.0158281829
356	0.0158022437
357	0.0158754867
358	0.0158236064
359	0.0158785377
360	0.0158907454
</Group>
</Session>
