<Session>
Acquisition 1 2016-06-09 16:04:51
<Group>
Detector1
2
451		451	
D1 250-700:250-700	T636010819874380480	D1 250-700:250-700 [COR]	T636010819874380482
X	Y	X	Y
250	-20.20465	250	2380064.25
251	244.840576	251	-167266864
252	84.8115845	252	9908704
253	134.820129	253	92104584
254	-55.2095337	254	-16691283
255	94.81323	255	-12736167
256	219.8357	256	133386504
257	109.815796	257	7.502246E+07
258	164.825439	258	-21366776
259	4.799011	259	-3278523.25
260	59.8075562	260	-31509792
261	224.83667	261	-18346466
262	114.81665	262	-8028629
263	134.820129	263	-92104584
264	279.8476	264	-42375576
265	234.838623	265	26649432
266	34.80359	266	3868178.75
267	179.828186	267	16099745
268	129.819214	268	3.95793E+07
269	89.81244	269	-5752725
270	89.81244	270	-52102148
271	69.80914	271	-7965430.5
272	194.831	272	-13540563
273	179.828186	273	33458334
274	44.8051758	274	6710167
275	259.843567	275	1.775164E+08
276	139.820984	276	7154059
277	169.826355	277	8217976.5
278	24.802063	278	6774829
279	159.824524	279	-5.049558E+07
280	174.827271	280	-12449702
281	-35.2067871	281	3738745.25
282	109.815796	282	-10260019
283	29.8028564	283	1746154.25
284	89.81244	284	-14013454
285	169.826355	285	5.084559E+07
286	84.8115845	286	-15712131
287	19.80127	287	-13084575
288	19.80127	288	-1946636.88
289	-95.21484	289	9114872
290	114.81665	290	-11377976
291	159.824524	291	-34314596
292	199.831909	292	-27951234
293	149.822754	293	-11216252
294	174.827271	294	-18939754
295	-35.2067871	295	6438377
296	339.860229	296	-127107680
297	84.8115845	297	-11220518
298	-165.223389	298	1.091422E+07
299	134.820129	299	-13184337
300	24.802063	300	1940018.13
301	184.8291	301	2.891814E+07
302	94.81323	302	-65959696
303	234.838623	303	-32239926
304	204.832825	304	52452948
305	114.81665	305	-18008886
306	154.823669	306	-18250158
307	169.826355	307	-7.439622E+07
308	-80.21289	308	6759901
309	209.8338	309	44295096
310	-165.223389	310	-9.659966E+07
311	159.824524	311	18916644
312	274.846558	312	6.681692E+07
313	94.81323	313	3352150.5
314	4.799011	314	152339.75
315	269.845581	315	-23124166
316	124.818359	316	3.555145E+07
317	-105.216125	317	3143701.25
318	194.831	318	10208917
319	139.820984	319	-3186549.75
320	119.817505	320	-3973333.5
321	279.8476	321	-4.509361E+07
322	-35.2067871	322	1091241
323	84.8115845	323	3822578.75
324	449.885132	324	7928891.5
325	229.837646	325	-12038396
326	134.820129	326	-4970129.5
327	259.843567	327	9694128
328	19.80127	328	2970610.25
329	84.8115845	329	-5033435.5
330	119.817505	330	28047538
331	134.820129	331	-3659768.25
332	69.80914	332	15121165
333	134.820129	333	4783198
334	14.8005371	334	-3372084.25
335	-80.21289	335	-1374286.25
336	-80.21289	336	1943097.13
337	134.820129	337	-4812256.5
338	169.826355	338	-1.202689E+07
339	64.80835	339	-767773.75
340	114.81665	340	1.285218E+07
341	-65.21088	341	3844638.25
342	-20.20465	342	1567071.5
343	84.8115845	343	986783.938
344	84.8115845	344	543330.4
345	-0.201721191	345	-23763.9824
346	14.8005371	346	737985.438
347	69.80914	347	5704740.5
348	174.827271	348	-2220109.5
349	-50.2088623	349	-1218898.75
350	39.8043823	350	1651238.38
351	69.80914	351	3052992
352	139.820984	352	-1717989.75
353	24.802063	353	-1005993.25
354	-20.20465	354	303214.625
355	84.8115845	355	6702122
356	44.8051758	356	464336.438
357	-35.2067871	357	-1108727.75
358	214.834717	358	16147452
359	4.799011	359	416435.281
360	-70.21155	360	1675416.25
361	429.8805	361	5255851.5
362	-10.203186	362	198400.891
363	184.8291	363	-2193311.75
364	-65.21088	364	1421875.88
365	134.820129	365	3098642.75
366	-75.21222	366	-10433391
367	79.81079	367	977530.1
368	264.844543	368	-6408328.5
369	114.81665	369	2235480.25
370	169.826355	370	-4790171
371	169.826355	371	2026931.25
372	19.80127	372	-125500.531
373	24.802063	373	-281364.7
374	-35.2067871	374	263810.156
375	-15.2039185	375	-2006810.38
376	109.815796	376	-2493986.25
377	74.80994	377	2120522
378	199.831909	378	-13139232
379	99.81409	379	3280232
380	-15.2039185	380	1189611.5
381	-110.2168	381	7074417
382	69.80914	382	1389044.38
383	69.80914	383	-713488.1
384	39.8043823	384	-614063.7
385	39.8043823	385	-4959330
386	84.8115845	386	826756.938
387	14.8005371	387	-1810734.75
388	29.8028564	388	234414.1
389	-15.2039185	389	-1818102.5
390	44.8051758	390	-229071.7
391	49.80597	391	1216721
392	-55.2095337	392	668722.2
393	59.8075562	393	-913044.938
394	49.80597	394	-758071.563
395	184.8291	395	-2128323.25
396	59.8075562	396	-6808398
397	214.834717	397	-7451426.5
398	29.8028564	398	-264636.75
399	9.799805	399	-109818.141
400	-85.21356	400	-9458007
401	-45.20819	401	1268124.88
402	219.8357	402	-1802109
403	-115.217407	403	963406.938
404	164.825439	404	-795179.6
405	-175.224548	405	1574951
406	-120.218018	406	1048383.69
407	-5.20245361	407	57728.0156
408	14.8005371	408	-250764.609
409	29.8028564	409	-501227.219
410	14.8005371	410	-689953.938
411	209.8338	411	1.979818E+07
412	89.81244	412	-1576398.88
413	-5.20245361	413	-105120.977
414	69.80914	414	-723287.4
415	169.826355	415	-11032944
416	74.80994	416	861093.25
417	79.81079	417	3831396.75
418	34.80359	418	1669020.88
419	134.820129	419	-2160484.75
420	-130.219238	420	-2532291.75
421	154.823669	421	-3132697.75
422	44.8051758	422	-798276.938
423	124.818359	423	-1439392.38
424	-65.21088	424	430495.063
425	-75.21222	425	346933.156
426	-105.216125	426	-1216514.88
427	9.799805	427	-194880.5
428	169.826355	428	-5700495.5
429	-105.216125	429	-691016.25
430	34.80359	430	-364442.9
431	-5.20245361	431	225265.281
432	129.819214	432	-1911915.38
433	-0.201721191	433	-8010.62451
434	29.8028564	434	-135523
435	174.827271	435	-588903.2
436	59.8075562	436	6022157.5
437	29.8028564	437	-192081.531
438	-80.21289	438	614071.6
439	-5.20245361	439	24713.46
440	-90.21423	440	-7885165
441	-5.20245361	441	224829.031
442	-0.201721191	442	2580.56348
443	-75.21222	443	-1427734.38
444	-60.2102051	444	1047361.69
445	124.818359	445	1629093
446	-105.216125	446	-544820.5
447	144.821838	447	2315641.25
448	154.823669	448	5476297
449	-185.225647	449	1211393.13
450	19.80127	450	-292674.781
451	94.81323	451	-1659440.38
452	-145.221069	452	492629.875
453	-105.216125	453	-1.117827E+07
454	79.81079	454	-308225.156
455	14.8005371	455	-57199.9531
456	104.814941	456	-922158.5
457	-80.21289	457	3556347.25
458	-60.2102051	458	697054.9
459	184.8291	459	1332234.25
460	49.80597	460	-1928152.25
461	14.8005371	461	-79703
462	-40.20746	462	953436.5
463	19.80127	463	-117506.789
464	24.802063	464	-144378.984
465	-50.2088623	465	288123.281
466	159.824524	466	743099.9
467	-35.2067871	467	91248.86
468	-60.2102051	468	414821.969
469	19.80127	469	-1273124.38
470	-165.223389	470	-3086525.25
471	14.8005371	471	1695351.13
472	-185.225647	472	-10800136
473	-35.2067871	473	289197
474	-75.21222	474	-1353072.88
475	-10.203186	475	56468.61
476	-25.2053223	476	80692.8
477	-120.218018	477	4391373.5
478	159.824524	478	-18915784
479	74.80994	479	-691180.3
480	64.80835	480	-337686.125
481	-125.218628	481	3776056
482	-70.21155	482	604100.7
483	-5.20245361	483	30418.668
484	-115.217407	484	718202.563
485	179.828186	485	-1035200.63
486	109.815796	486	2401836.5
487	-90.21423	487	952094.6
488	-90.21423	488	539133.1
489	54.8067627	489	-252442.516
490	119.817505	490	-3659477.5
491	-40.20746	491	196856.063
492	-95.21484	492	539958.75
493	-110.2168	493	-4691028.5
494	29.8028564	494	-488167.344
495	269.845581	495	-3.53414E+07
496	274.846558	496	6679924
497	124.818359	497	2775476
498	89.81244	498	410227.281
499	-50.2088623	499	529528.4
500	199.831909	500	7013944
501	39.8043823	501	-233807.1
502	-70.21155	502	1922646.13
503	-60.2102051	503	424955.531
504	-45.20819	504	189223.422
505	4.799011	505	-85553.64
506	29.8028564	506	-453374.781
507	199.831909	507	-1011075.25
508	-90.21423	508	1749924.13
509	89.81244	509	-350293.75
510	54.8067627	510	-474692.563
511	-35.2067871	511	283543.781
512	109.815796	512	10440889
513	174.827271	513	-1930331
514	74.80994	514	-358664.844
515	34.80359	515	552441.938
516	-85.21356	516	1035781.25
517	-85.21356	517	-1021573.63
518	129.819214	518	5158714.5
519	-50.2088623	519	373064.719
520	-20.20465	520	-472711.344
521	-0.201721191	521	30864.1074
522	134.820129	522	-1490373.13
523	69.80914	523	5549652.5
524	-80.21289	524	1034578.38
525	104.814941	525	2102020.75
526	-85.21356	526	2782752
527	-80.21289	527	-1210421.63
528	14.8005371	528	-2375832.5
529	-110.2168	529	941977.75
530	9.799805	530	-136880.219
531	134.820129	531	-1488075
532	139.820984	532	11793592
533	59.8075562	533	-488315.563
534	54.8067627	534	-1020358.94
535	19.80127	535	-464687.875
536	-75.21222	536	-2462486.5
537	39.8043823	537	2352036.5
538	114.81665	538	1184967.63
539	-95.21484	539	-2342785.5
540	-70.21155	540	-658913.7
541	19.80127	541	-866115.563
542	114.81665	542	-4533329
543	129.819214	543	-1399627.88
544	-215.228882	544	8579194
545	-40.20746	545	365173.3
546	-0.201721191	546	1978.17749
547	-100.215515	547	920089.6
548	9.799805	548	-1785955.88
549	124.818359	549	2124098
550	204.832825	550	-9385733
551	24.802063	551	1066403.88
552	-30.2060547	552	382523.4
553	-175.224548	553	1112372.38
554	-30.2060547	554	206132.156
555	14.8005371	555	166919.625
556	-0.201721191	556	1343.94275
557	64.80835	557	-312337.1
558	-55.2095337	558	680104.438
559	-5.20245361	559	41977.0234
560	94.81323	560	7499739
561	-40.20746	561	462215.844
562	-95.21484	562	14974407
563	-10.203186	563	-117038.1
564	19.80127	564	146397.578
565	-35.2067871	565	467252.6
566	9.799805	566	-144220.031
567	-45.20819	567	259719.234
568	134.820129	568	-2423008.25
569	49.80597	569	-225337.844
570	-50.2088623	570	2108316.75
571	69.80914	571	-1605582.25
572	-170.224	572	2808556.25
573	134.820129	573	-1482556.38
574	-85.21356	574	2213794.5
575	44.8051758	575	-10039931
576	-150.22168	576	1096819.25
577	-120.218018	577	5794598
578	39.8043823	578	-1001887.56
579	-85.21356	579	504946.875
580	-155.222229	580	1.565774E+07
581	-55.2095337	581	455820.375
582	-115.217407	582	422240.2
583	-75.21222	583	616515.25
584	9.799805	584	-43601.0352
585	9.799805	585	-101819.227
586	-35.2067871	586	253252.1
587	69.80914	587	-412671.5
588	-10.203186	588	75118.82
589	129.819214	589	-988070.3
590	109.815796	590	-560495.438
591	39.8043823	591	-268172.5
592	-100.215515	592	492113
593	-75.21222	593	1363629.38
594	79.81079	594	-292648.656
595	44.8051758	595	-340716.156
596	104.814941	596	-1250742
597	-5.20245361	597	36691.5469
598	-135.219849	598	932928.4
599	-150.22168	599	1449264.25
600	-0.201721191	600	654.467834
601	-5.20245361	601	49863.35
602	99.81409	602	-471293.656
603	-10.203186	603	306457.844
604	64.80835	604	-1130843.38
605	-25.2053223	605	230922.5
606	144.821838	606	4796143
607	54.8067627	607	-1788781
608	164.825439	608	-1787124.88
609	104.814941	609	-1123107.25
610	114.81665	610	-1698270
611	-160.222839	611	1059474.75
612	-65.21088	612	1122760.38
613	-90.21423	613	557558.6
614	-10.203186	614	66417.97
615	64.80835	615	-491863.344
616	29.8028564	616	-403314.625
617	39.8043823	617	-630256.9
618	-75.21222	618	724312.4
619	-85.21356	619	1295029.75
620	-70.21155	620	1355003.63
621	-90.21423	621	666212.75
622	79.81079	622	-615756.5
623	-90.21423	623	-23662582
624	64.80835	624	-732766.5
625	-50.2088623	625	16908574
626	-70.21155	626	1682404.75
627	-60.2102051	627	708658.6
628	-135.219849	628	4080492.75
629	-130.219238	629	3455880
630	-10.203186	630	101447.984
631	19.80127	631	-176248.984
632	104.814941	632	-995614.063
633	-0.201721191	633	3564.93945
634	14.8005371	634	-100006.289
635	-25.2053223	635	298067.3
636	-15.2039185	636	863900.25
637	-40.20746	637	345664.531
638	-55.2095337	638	4817173
639	29.8028564	639	-1588502.88
640	-90.21423	640	1347305.25
641	64.80835	641	-5786748
642	14.8005371	642	-450994.25
643	-55.2095337	643	715167.3
644	-0.201721191	644	-10610.5313
645	-65.21088	645	4311652
646	39.8043823	646	-2431442.75
647	9.799805	647	-264044.531
648	-60.2102051	648	1045343.38
649	-50.2088623	649	-1249829.13
650	49.80597	650	-1371466.63
651	34.80359	651	-15313732
652	124.818359	652	3416167
653	134.820129	653	-2927473.75
654	74.80994	654	-826716.25
655	-85.21356	655	1151216.25
656	39.8043823	656	-688333.7
657	244.840576	657	-4938503
658	19.80127	658	-882747.063
659	-45.20819	659	1064984.88
660	119.817505	660	-4411319.5
661	29.8028564	661	-338954.875
662	9.799805	662	-117336.914
663	-30.2060547	663	309017.75
664	174.827271	664	-5804064.5
665	-15.2039185	665	213259.4
666	-50.2088623	666	535650.5
667	24.802063	667	-425339.25
668	189.830017	668	-3574967
669	-80.21289	669	6993267.5
670	-120.218018	670	-4190528.25
671	-120.218018	671	21867918
672	-35.2067871	672	873591.7
673	-50.2088623	673	1515006.63
674	129.819214	674	-11675593
675	34.80359	675	-880629.3
676	29.8028564	676	-858803.938
677	54.8067627	677	-843166.2
678	229.837646	678	-4299924
679	-25.2053223	679	-975294.5
680	14.8005371	680	-8737266
681	84.8115845	681	1477196.13
682	-15.2039185	682	-354750.625
683	149.822754	683	-14261851
684	99.81409	684	6485427
685	-140.220459	685	-3939658.75
686	109.815796	686	-1527833.88
687	9.799805	687	383666.125
688	9.799805	688	-182048.609
689	-15.2039185	689	216867.969
690	189.830017	690	-21188486
691	89.81244	691	-3168967.25
692	-90.21423	692	6041631
693	34.80359	693	-669723
694	-10.203186	694	432705.6
695	44.8051758	695	-1086459.25
696	24.802063	696	-1424549.63
697	-70.21155	697	3042816.25
698	-55.2095337	698	651769.9
699	-105.216125	699	1144718.38
700	19.80127	700	1684578.13
</Group>
<Group>
RCQCSignal
1
451	
ExCorr	T636010819874380481
X	Y
250	-0.000130310655
251	-2.130866E-06
252	0.000126041472
253	1.0073185E-05
254	4.669279E-05
255	-0.000102847815
256	2.2277236E-05
257	7.018447E-06
258	-9.979308E-05
259	-1.73971057E-05
260	-2.34991312E-05
261	-0.000148624182
262	-0.000169985
263	-1.43423676E-05
264	-7.53775239E-05
265	9.857863E-05
266	9.857863E-05
267	0.000119939446
268	3.44887376E-05
269	-0.000160828233
270	-1.73971057E-05
271	-8.75815749E-05
272	-0.0001425147
273	5.27948141E-05
274	6.50063157E-05
275	3.97115946E-06
276	0.000187076628
277	0.000196233392
278	3.44887376E-05
279	-2.96011567E-05
280	-0.000130310655
281	-8.75815749E-05
282	-9.979308E-05
283	0.000159613788
284	-6.01187348E-05
285	3.1434E-05
286	-5.096197E-05
287	-1.43423676E-05
288	-9.673834E-05
289	-9.979308E-05
290	-9.673834E-05
291	-4.48599458E-05
292	-6.92755E-05
293	-0.000130310655
294	-9.063631E-05
295	-5.401671E-05
296	-2.65464187E-05
297	-7.53775239E-05
298	-0.000151671469
299	-0.000102847815
300	0.00012909621
301	6.50063157E-05
302	-5.185604E-06
303	-7.23227859E-05
304	3.7536025E-05
305	-6.01187348E-05
306	-7.843226E-05
307	-2.04443932E-05
308	-0.000102847815
309	4.05907631E-05
310	1.3127923E-05
311	6.80536E-05
312	3.1434E-05
313	0.000208437443
314	0.000223696232
315	-7.843226E-05
316	2.2277236E-05
317	-0.000200502574
318	0.000107727945
319	-0.000234074891
320	-0.000151671469
321	-2.96011567E-05
322	-0.000145569444
323	9.55238938E-05
324	0.000232853
325	-7.53775239E-05
326	-0.000102847815
327	9.55238938E-05
328	2.2277236E-05
329	-5.401671E-05
330	1.3127923E-05
331	-0.00010894984
332	1.3127923E-05
333	7.721037E-05
334	-2.130866E-06
335	0.000147402287
336	-9.979308E-05
337	-6.622076E-05
338	-3.26558948E-05
339	-0.000188291073
340	1.92299485E-05
341	-3.57031822E-05
342	-2.65464187E-05
343	0.000171817839
344	0.000303044915
345	1.617521E-05
346	3.7536025E-05
347	2.2277236E-05
348	-0.000139467418
349	7.110834E-05
350	4.05907631E-05
351	3.7536025E-05
352	-0.000130310655
353	-3.875792E-05
354	-0.000102847815
355	1.92299485E-05
356	0.000144355
357	4.669279E-05
358	1.92299485E-05
359	1.617521E-05
360	-5.70639968E-05
361	0.000110782683
362	-6.92755E-05
363	-0.000111997128
364	-6.01187348E-05
365	5.58495522E-05
366	9.164214E-07
367	0.000101625919
368	-5.096197E-05
369	6.195158E-05
370	-4.18052077E-05
371	9.857863E-05
372	-0.000185243785
373	-0.000102847815
374	-0.0001547262
375	7.018447E-06
376	-5.096197E-05
377	4.05907631E-05
378	-1.73971057E-05
379	3.44887376E-05
380	-1.43423676E-05
381	-1.73971057E-05
382	5.58495522E-05
383	-0.00010894984
384	-7.23227859E-05
385	-8.240342E-06
386	0.000113837421
387	-2.130866E-06
388	0.000138245523
389	9.164214E-07
390	-0.000209659338
391	4.36455E-05
392	-8.75815749E-05
393	-6.92755E-05
394	-6.92755E-05
395	-9.063631E-05
396	-8.240342E-06
397	-2.96011567E-05
398	-0.000115051866
399	-9.063631E-05
400	7.018447E-06
401	-3.57031822E-05
402	-0.000121153891
403	-0.0001181066
404	-0.000203557312
405	-0.00010894984
406	-0.000111997128
407	-8.75815749E-05
408	-5.70639968E-05
409	-5.70639968E-05
410	-2.04443932E-05
411	1.0073185E-05
412	-5.401671E-05
413	4.669279E-05
414	-9.063631E-05
415	-1.43423676E-05
416	8.02651048E-05
417	1.92299485E-05
418	1.92299485E-05
419	-5.70639968E-05
420	4.669279E-05
421	-4.48599458E-05
422	-5.096197E-05
423	-7.843226E-05
424	-0.00013641268
425	-0.000194400549
426	7.721037E-05
427	-4.48599458E-05
428	-2.65464187E-05
429	0.000135198236
430	-8.453429E-05
431	-2.04443932E-05
432	-6.01187348E-05
433	2.2277236E-05
434	-0.000194400549
435	-0.000261537731
436	7.018447E-06
437	-0.00013641268
438	-0.000115051866
439	-0.000185243785
440	1.0073185E-05
441	-2.04443932E-05
442	-6.92755E-05
443	4.669279E-05
444	-5.096197E-05
445	6.80536E-05
446	0.000171817839
447	5.58495522E-05
448	2.5331974E-05
449	-0.00013641268
450	-6.01187348E-05
451	-5.096197E-05
452	-0.000264592469
453	3.97115946E-06
454	-0.000234074891
455	-0.000234074891
456	-0.000102847815
457	-2.04443932E-05
458	-7.843226E-05
459	0.000126041472
460	-2.34991312E-05
461	-0.000169985
462	-3.875792E-05
463	-0.0001547262
464	-0.0001577735
465	-0.000160828233
466	0.00019928813
467	-0.0003561452
468	-0.000133365393
469	-1.43423676E-05
470	4.97475266E-05
471	7.018447E-06
472	1.617521E-05
473	-0.000115051866
474	5.27948141E-05
475	-0.000173032284
476	-0.000301212072
477	-2.65464187E-05
478	-8.240342E-06
479	-0.0001058951
480	-0.000188291073
481	-3.26558948E-05
482	-0.000115051866
483	-0.000169985
484	-0.000160828233
485	-0.000176087022
486	4.669279E-05
487	-9.673834E-05
488	-0.000169985
489	-0.0002188161
490	-3.26558948E-05
491	-0.000200502574
492	-0.000169985
493	2.2277236E-05
494	-5.70639968E-05
495	-2.130866E-06
496	3.7536025E-05
497	4.05907631E-05
498	0.000196233392
499	-8.453429E-05
500	2.5331974E-05
501	-0.000151671469
502	-3.26558948E-05
503	-0.000127255917
504	-0.000215761364
505	-5.096197E-05
506	-6.01187348E-05
507	-0.000182189047
508	-4.79146838E-05
509	-0.000240176916
510	-0.00010894984
511	-0.0001181066
512	1.0073185E-05
513	-8.75815749E-05
514	-0.000203557312
515	6.195158E-05
516	-8.147955E-05
517	8.331239E-05
518	2.5331974E-05
519	-0.00013641268
520	4.36455E-05
521	-5.185604E-06
522	-9.369105E-05
523	1.3127923E-05
524	-8.147955E-05
525	5.27948141E-05
526	-3.26558948E-05
527	7.110834E-05
528	-5.185604E-06
529	-0.000127255917
530	-7.843226E-05
531	-9.979308E-05
532	1.3127923E-05
533	-0.00013641268
534	-6.01187348E-05
535	-4.79146838E-05
536	3.44887376E-05
537	1.92299485E-05
538	0.000110782683
539	4.669279E-05
540	0.000122986734
541	-2.65464187E-05
542	-2.96011567E-05
543	-0.00010894984
544	-2.96011567E-05
545	-0.000130310655
546	-0.000121153891
547	-0.000130310655
548	-2.130866E-06
549	7.110834E-05
550	-2.65464187E-05
551	2.83867121E-05
552	-9.673834E-05
553	-0.000194400549
554	-0.000182189047
555	0.000110782683
556	-0.000188291073
557	-0.000261537731
558	-0.000102847815
559	-0.0001577735
560	1.617521E-05
561	-0.000111997128
562	-8.240342E-06
563	0.000113837421
564	0.000177919865
565	-9.979308E-05
566	-9.063631E-05
567	-0.000234074891
568	-7.53775239E-05
569	-0.000301212072
570	-3.26558948E-05
571	-6.01187348E-05
572	-8.453429E-05
573	-0.000127255917
574	-5.401671E-05
575	-2.130866E-06
576	-0.000194400549
577	-2.96011567E-05
578	-5.70639968E-05
579	-0.0002432242
580	-1.43423676E-05
581	-0.000176087022
582	-0.000398866832
583	-0.00017914176
584	-0.00033172965
585	-0.0001425147
586	-0.0002066046
587	-0.000252380967
588	-0.000203557312
589	-0.000197447836
590	-0.000295110047
591	-0.000224918127
592	-0.000310368836
593	-8.453429E-05
594	-0.0004202351
595	-0.000203557312
596	-0.000130310655
597	-0.000221863389
598	-0.000227965415
599	-0.000163882971
600	-0.000490419567
601	-0.000166930258
602	-0.0003408864
603	-5.401671E-05
604	-9.369105E-05
605	-0.00017914176
606	4.97475266E-05
607	-5.096197E-05
608	-0.0001547262
609	-0.0001577735
610	-0.000115051866
611	-0.000258483
612	-9.979308E-05
613	-0.000279851258
614	-0.000267639756
615	-0.000231020153
616	-0.000130310655
617	-0.000111997128
618	-0.000185243785
619	-0.0001181066
620	-9.369105E-05
621	-0.000246278942
622	-0.000237122178
623	7.018447E-06
624	-0.000163882971
625	-2.130866E-06
626	-7.843226E-05
627	-0.000160828233
628	-6.317347E-05
629	-7.23227859E-05
630	-0.000194400549
631	-0.0002188161
632	-0.0002066046
633	-0.000111997128
634	-0.000295110047
635	-0.000169985
636	-3.57031822E-05
637	-0.000237122178
638	-2.34991312E-05
639	-3.875792E-05
640	-0.000139467418
641	-2.34991312E-05
642	-6.92755E-05
643	-0.000163882971
644	4.05907631E-05
645	-3.26558948E-05
646	-3.57031822E-05
647	-8.147955E-05
648	-0.000127255917
649	8.942187E-05
650	-8.147955E-05
651	-2.130866E-06
652	8.331239E-05
653	-0.0001058951
654	-0.000209659338
655	-0.000173032284
656	-0.00013641268
657	-0.0001181066
658	-5.401671E-05
659	-0.000102847815
660	-6.622076E-05
661	-0.000215761364
662	-0.0002066046
663	-0.0002432242
664	-7.53775239E-05
665	-0.00017914176
666	-0.000237122178
667	-0.000148624182
668	-0.00013641268
669	-2.96011567E-05
670	7.416308E-05
671	-1.43423676E-05
672	-0.0001058951
673	-8.75815749E-05
674	-2.96011567E-05
675	-0.0001058951
676	-9.369105E-05
677	-0.000176087022
678	-0.000145569444
679	7.110834E-05
680	-2.130866E-06
681	0.000159613788
682	0.000119939446
683	-2.96011567E-05
684	4.36455E-05
685	0.000101625919
686	-0.0002066046
687	7.416308E-05
688	-0.0001577735
689	-0.0002066046
690	-2.65464187E-05
691	-8.453429E-05
692	-4.48599458E-05
693	-0.0001577735
694	-7.23227859E-05
695	-0.000127255917
696	-5.401671E-05
697	-7.23227859E-05
698	-0.000267639756
699	-0.0002920553
700	3.7536025E-05
</Group>
</Session>
