<Session>
Acquisition 1 2016-06-09 15:59:06
<Group>
Detector1
2
451		451	
D1 250-700:250-700	T636010819874379451	D1 250-700:250-700 [COR]	T636010819874379453
X	Y	X	Y
250	995.099	250	138160.063
251	865.0748	251	117762.008
252	820.067261	252	109204.281
253	940.0884	253	122754.406
254	960.092163	254	122544.406
255	830.0689	255	103709.367
256	810.0656	256	99077.26
257	835.0697	257	99841.71
258	710.0504	258	83083.59
259	895.080139	259	102508.117
260	925.0856	260	103619.633
261	710.0504	261	77854.39
262	855.0731	262	91920.7
263	860.074	263	90758.43
264	805.0648	264	83121.5547
265	815.0664	265	82521.85
266	860.074	266	85168
267	915.08374	267	88966.57
268	940.0884	268	89313.84
269	790.062439	269	73548.93
270	870.0757	270	79340.84
271	945.0893	271	85511.64
272	880.077454	272	78927.06
273	755.057	273	67083.625
274	815.0664	274	71732
275	780.060852	275	68138.33
276	805.0648	276	69768.8047
277	1060.11243	277	91123.6953
278	935.087463	278	79768.39
279	765.058533	279	64748.2578
280	900.081	280	75537.44
281	955.0912	281	80386.63
282	915.08374	282	77164.87
283	880.077454	283	74375.78
284	880.077454	284	74720.23
285	950.0903	285	80930.36
286	745.0555	286	63593.0938
287	865.0748	287	74286.18
288	815.0664	288	70164.64
289	835.0697	289	72213.06
290	1135.12878	290	98418.9844
291	875.0766	291	76339.8047
292	830.0689	292	72870
293	865.0748	293	76388.21
294	705.0497	294	62758.1523
295	825.068054	295	73694.49
296	1035.10718	296	93047.65
297	985.097046	297	89035.99
298	720.0518	298	65288.9375
299	735.054	299	66932.43
300	935.087463	300	85511.09
301	890.0792	301	81966.9844
302	775.060059	302	71805.71
303	725.052551	303	65127.44
304	780.060852	304	68002.125
305	930.0865	305	79378.31
306	725.052551	306	60634.0273
307	680.046265	307	55132.1836
308	765.058533	308	60039.9961
309	930.0865	309	72154.18
310	705.0497	310	54031.4648
311	865.0748	311	62992.4766
312	845.0714	312	58440.7773
313	710.0504	313	47406.5469
314	895.080139	314	57572.74
315	935.087463	315	56833.0273
316	925.0856	316	53121.8
317	840.070557	317	45502.77
318	900.081	318	45947.1523
319	670.0449	319	32322.8887
320	795.063232	320	36227.2266
321	735.054	321	31738.9141
322	885.0783	322	36207.7344
323	970.0941	323	37748.75
324	695.0483	324	25812.7578
325	735.054	325	26268.26
326	710.0504	326	24353.875
327	940.0884	327	30337.5273
328	930.0865	328	28145.18
329	765.058533	329	22204.39
330	825.068054	330	22986.21
331	835.0697	331	22356.6582
332	970.0941	332	24909.3887
333	890.0792	333	22067.5762
334	785.061646	334	18715.1855
335	870.0757	335	19896.332
336	895.080139	336	19588.24
337	725.052551	337	15490.627
338	740.054749	338	15483.0518
339	825.068054	339	16651.0117
340	890.0792	340	17339.6953
341	940.0884	341	17920.9824
342	1005.101	342	18726.9863
343	990.098	343	17910.3535
344	875.0766	344	15377.0371
345	835.0697	345	14402.1436
346	780.060852	346	13219.4629
347	640.040955	347	10532.9951
348	855.0731	348	13702.0029
349	750.0563	349	11700.5215
350	785.061646	350	11955.9707
351	1015.103	351	15079.9023
352	785.061646	352	11366.7148
353	780.060852	353	11072.0645
354	1015.103	354	14167.5576
355	705.0497	355	9693.616
356	770.0593	356	10413.4795
357	920.084656	357	12236.3271
358	745.0555	358	9746.598
359	1005.101	359	12766.4521
360	865.0748	360	10652.3418
361	845.0714	361	10357.416
362	775.060059	362	9432.842
363	800.064	363	9621.449
364	890.0792	364	10561.8213
365	880.077454	365	10217.2109
366	640.040955	366	7272.587
367	900.081	367	10135.6006
368	755.057	368	8433.862
369	895.080139	369	9765.966
370	890.0792	370	9496.155
371	695.0483	371	7403.727
372	820.067261	372	8719.837
373	780.060852	373	8220.181
374	840.070557	374	8801.33
375	725.052551	375	7594.55762
376	850.072266	376	8901.724
377	775.060059	377	8066.64551
378	640.040955	378	6621.63
379	710.0504	379	7275.493
380	905.0819	380	9174.497
381	935.087463	381	9443.807
382	760.057739	382	7641.892
383	785.061646	383	7923.25732
384	690.0476	384	6979.234
385	700.049	385	7051.408
386	730.0533	386	7332.854
387	935.087463	387	9303.985
388	775.060059	388	7622.111
389	680.046265	389	6647.798
390	790.062439	390	7668.27344
391	760.057739	391	7342.00146
392	740.054749	392	7123.21338
393	760.057739	393	7296.228
394	600.036	394	5737.05469
395	795.063232	395	7522.56934
396	980.096069	396	9173.876
397	705.0497	397	6554.719
398	850.072266	398	7872.7207
399	885.0783	399	8142.1543
400	885.0783	400	8103.533
401	710.0504	401	6442.22363
402	620.038452	402	5577.782
403	860.074	403	7697.55127
404	725.052551	404	6452.26367
405	700.049	405	6211.97949
406	790.062439	406	6987.305
407	830.0689	407	7305.80469
408	690.0476	408	6045.17432
409	715.051147	409	6217.888
410	745.0555	410	6429.60352
411	905.0819	411	7785.15527
412	630.0397	412	5415.27734
413	720.0518	413	6159.7334
414	755.057	414	6414.331
415	890.0792	415	7510.599
416	810.0656	416	6770.874
417	645.0416	417	5402.17871
418	735.054	418	6144.607
419	1050.11023	419	8696.736
420	845.0714	420	6939.57373
421	835.0697	421	6854.71875
422	610.037231	422	5011.674
423	655.0429	423	5367.945
424	815.0664	424	6647.504
425	860.074	425	6989.428
426	795.063232	426	6423.90527
427	805.0648	427	6506.499
428	1015.103	428	8201.452
429	885.0783	429	7108.95166
430	755.057	430	6051.46875
431	715.051147	431	5734.77246
432	725.052551	432	5816.36768
433	735.054	433	5883.697
434	885.0783	434	7081.62744
435	865.0748	435	6896.259
436	735.054	436	5849.466
437	690.0476	437	5492.02148
438	800.064	438	6390.64355
439	780.060852	439	6210.69629
440	625.039063	440	4980.76953
441	885.0783	441	7083.87451
442	825.068054	442	6636.399
443	735.054	443	5892.873
444	710.0504	444	5702.388
445	830.0689	445	6672.79
446	890.0792	446	7180.178
447	895.080139	447	7244.85742
448	780.060852	448	6328.516
449	945.0893	449	7625.189
450	715.051147	450	5754.107
451	870.0757	451	7023.777
452	720.0518	452	5844.50049
453	830.0689	453	6764.096
454	695.0483	454	5682.655
455	915.08374	455	7491.774
456	765.058533	456	6263.988
457	870.0757	457	7129.949
458	755.057	458	6206.77637
459	820.067261	459	6749.257
460	755.057	460	6214.38672
461	715.051147	461	5925.699
462	850.072266	462	7075.81055
463	625.039063	463	5189.291
464	605.0366	464	5029.28955
465	650.042236	465	5426.86133
466	765.058533	466	6413.90771
467	800.064	467	6685.15674
468	830.0689	468	6902.584
469	810.0656	469	6756.62451
470	780.060852	470	6555.43262
471	885.0783	471	7512.55
472	915.08374	472	7814.14746
473	730.0533	473	6245.085
474	820.067261	474	7043.501
475	620.038452	475	5374.37256
476	680.046265	476	5929.205
477	835.0697	477	7324.57471
478	815.0664	478	7200.754
479	700.049	479	6200.2207
480	850.072266	480	7555.07227
481	590.0348	481	5257.59961
482	760.057739	482	6811.20166
483	665.04425	483	5978.993
484	865.0748	484	7854.302
485	600.036	485	5506.684
486	925.0856	486	8541.645
487	570.0325	487	5269.65234
488	760.057739	488	6987.99951
489	740.054749	489	6749.35449
490	720.0518	490	6494.94
491	790.062439	491	7015.691
492	615.037842	492	5362.20361
493	820.067261	493	7025.07227
494	780.060852	494	6594.6
495	975.0951	495	8146.7
496	830.0689	496	6844.89844
497	555.0308	497	4526.213
498	700.049	498	5680.46826
499	765.058533	499	6164.358
500	715.051147	500	5756.498
501	760.057739	501	6124.579
502	705.0497	502	5702.57568
503	630.0397	503	5117.22266
504	820.067261	504	6693.362
505	715.051147	505	5880.697
506	705.0497	506	5830.37
507	780.060852	507	6497.89844
508	750.0563	508	6304.253
509	800.064	509	6779.14355
510	735.054	510	6276.809
511	565.0319	511	4863.441
512	845.0714	512	7323.98926
513	685.046936	513	5996.895
514	810.0656	514	7143.77832
515	695.0483	515	6180.634
516	640.040955	516	5734.85645
517	625.039063	517	5653.488
518	760.057739	518	6917.8833
519	645.0416	519	5921.51758
520	590.0348	520	5457.535
521	805.0648	521	7511.20654
522	795.063232	522	7451.89648
523	980.096069	523	9254.671
524	710.0504	524	6754.66455
525	835.0697	525	8007.60254
526	805.0648	526	7768.069
527	890.0792	527	8645.228
528	770.0593	528	7526.5415
529	705.0497	529	6929.75732
530	865.0748	530	8568.934
531	795.063232	531	7921.93066
532	665.04425	532	6675.616
533	865.0748	533	8726.975
534	800.064	534	8107.895
535	730.0533	535	7429.20361
536	830.0689	536	8487.966
537	785.061646	537	8072.087
538	765.058533	538	7910.55957
539	830.0689	539	8614.69
540	910.0828	540	9511.781
541	730.0533	541	7673.65137
542	970.0941	542	10265.1572
543	790.062439	543	8391.058
544	725.052551	544	7739.394
545	715.051147	545	7651.394
546	810.0656	546	8700.467
547	865.0748	547	9349.762
548	810.0656	548	8829.572
549	760.057739	549	8316.073
550	730.0533	550	8032.52441
551	785.061646	551	8674.561
552	730.0533	552	8089.61963
553	730.0533	553	8152.86133
554	710.0504	554	7994.03271
555	895.080139	555	10119.1143
556	760.057739	556	8627.726
557	700.049	557	7999.49365
558	850.072266	558	9747.095
559	835.0697	559	9623.453
560	840.070557	560	9745.634
561	780.060852	561	9091.684
562	615.037842	562	7220.02734
563	740.054749	563	8739.35449
564	690.0476	564	8219.305
565	830.0689	565	9960.811
566	740.054749	566	8936.531
567	710.0504	567	8642.069
568	855.0731	568	10490.2061
569	840.070557	569	10363.0508
570	690.0476	570	8568.14551
571	675.0456	571	8447.224
572	765.058533	572	9652.434
573	755.057	573	9560.773
574	650.042236	574	8255.151
575	730.0533	575	9332.119
576	690.0476	576	8870.124
577	735.054	577	9492.496
578	685.046936	578	8908.1875
579	740.054749	579	9660.65
580	670.0449	580	8782.026
581	630.0397	581	8296.094
582	745.0555	582	9866.266
583	735.054	583	9763.251
584	575.0331	584	7677.21045
585	715.051147	585	9565.967
586	825.068054	586	11095.5088
587	805.0648	587	10868.52
588	685.046936	588	9287.586
589	900.081	589	12233.7012
590	795.063232	590	10830.6855
591	680.046265	591	9327.838
592	720.0518	592	9917.432
593	815.0664	593	11287.5957
594	805.0648	594	11208.6094
595	640.040955	595	8962.515
596	590.0348	596	8298.756
597	655.0429	597	9260.212
598	670.0449	598	9531.905
599	690.0476	599	9867.402
600	510.026	600	7339.794
601	680.046265	601	9843.049
602	825.068054	602	11998.9395
603	760.057739	603	11154.0508
604	750.0563	604	11099.3672
605	670.0449	605	9949.599
606	750.0563	606	11191.7539
607	845.0714	607	12710.9414
608	610.037231	608	9264.236
609	765.058533	609	11696.4414
610	665.04425	610	10242.002
611	670.0449	611	10372.6279
612	525.0276	612	8153.816
613	620.038452	613	9686.109
614	635.040344	614	9996.992
615	795.063232	615	12597.3887
616	775.060059	616	12360.2822
617	545.0297	617	8742.521
618	720.0518	618	11623.4668
619	745.0555	619	12095.082
620	640.040955	620	10456.6689
621	680.046265	621	11162.9883
622	590.0348	622	9763.559
623	695.0483	623	11560.4492
624	645.0416	624	10807.4512
625	805.0648	625	13590.2129
626	760.057739	626	12912.1494
627	710.0504	627	12159.0977
628	600.036	628	10345.3984
629	605.0366	629	10492.043
630	720.0518	630	12588.3213
631	800.064	631	14089.0176
632	745.0555	632	13229.7383
633	830.0689	633	14851.8643
634	580.0336	634	10482.72
635	755.057	635	13713.3672
636	700.049	636	12828.9541
637	785.061646	637	14479.9473
638	675.0456	638	12528.4639
639	705.0497	639	13177.0186
640	745.0555	640	14042.457
641	565.0319	641	10733.3457
642	845.0714	642	16132.6465
643	815.0664	643	15664.4482
644	710.0504	644	13700.66
645	865.0748	645	16846.3125
646	710.0504	646	14006.0684
647	775.060059	647	15375.7139
648	745.0555	648	14883.2783
649	860.074	649	17315.09
650	755.057	650	15332.7109
651	810.0656	651	16582.0957
652	735.054	652	15173.4453
653	545.0297	653	11344.0742
654	855.0731	654	17895.2852
655	610.037231	655	12890.417
656	665.04425	656	14192.8057
657	775.060059	657	16701.5352
658	665.04425	658	14463.1211
659	785.061646	659	17213.291
660	555.0308	660	12244.4229
661	805.0648	661	17866.9941
662	810.0656	662	18125.4316
663	630.0397	663	14197.2051
664	710.0504	664	16051.88
665	720.0518	665	16385.6621
666	730.0533	666	16696.87
667	725.052551	667	16729.2852
668	690.0476	668	16052.0938
669	710.0504	669	16583.3633
670	655.0429	670	15346.44
671	920.084656	671	21683.15
672	645.0416	672	15331.7813
673	710.0504	673	16975.8281
674	740.054749	674	17803.4453
675	920.084656	675	22313.6953
676	785.061646	676	19179.123
677	640.040955	677	15701.0576
678	730.0533	678	17983.05
679	645.0416	679	16068.7676
680	775.060059	680	19426.1543
681	780.060852	681	19633.0859
682	715.051147	682	18115.4648
683	825.068054	683	21060.4355
684	800.064	684	20548.1973
685	775.060059	685	20044.62
686	895.080139	686	23325.5723
687	830.0689	687	21814.6719
688	1060.11243	688	28126.4316
689	760.057739	689	20299.125
690	885.0783	690	23697.4863
691	795.063232	691	21448.1973
692	630.0397	692	17135.1738
693	680.046265	693	18682.4785
694	755.057	694	20925.6621
695	835.0697	695	23303.709
696	635.040344	696	17829.29
697	685.046936	697	19412.5156
698	700.049	698	19986.5977
699	675.0456	699	19370.584
700	865.0748	700	24966.8379
</Group>
<Group>
RCQCSignal
1
451	
ExCorr	T636010819874379452
X	Y
250	0.110560767
251	0.110484473
252	0.110582128
253	0.110453956
254	0.110597394
255	0.110576026
256	0.110514991
257	0.110545509
258	0.11055772
259	0.110478371
260	0.11053025
261	0.110606544
262	0.110569924
263	0.11034409
264	0.110548563
265	0.110490575
266	0.110643171
267	0.110447854
268	0.110676736
269	0.11065843
270	0.110676736
271	0.110447854
272	0.110441752
273	0.110560767
274	0.1106218
275	0.110518046
276	0.1104509
277	0.110472269
278	0.110435642
279	0.110505834
280	0.110572979
281	0.110502787
282	0.110566869
283	0.11065843
284	0.110484473
285	0.110484473
286	0.110612653
287	0.11036545
288	0.110475317
289	0.110472269
290	0.110566869
291	0.110405125
292	0.110377662
293	0.110478371
294	0.110310525
295	0.11059434
296	0.110447854
297	0.110334933
298	0.110496677
299	0.110453956
300	0.110423438
301	0.1104448
302	0.110591285
303	0.110536352
304	0.110261694
305	0.110487528
306	0.110554665
307	0.110472269
308	0.1104448
309	0.1104509
310	0.110548563
311	0.1106157
312	0.110502787
313	0.110377662
314	0.110399023
315	0.110585183
316	0.110496677
317	0.110600442
318	0.110579081
319	0.110585183
320	0.110383764
321	0.11046616
322	0.110292211
323	0.110643171
324	0.110502787
325	0.110478371
326	0.110542461
327	0.110432595
328	0.110441752
329	0.110457011
330	0.110304415
331	0.110469215
332	0.11074388
333	0.110487528
334	0.110630959
335	0.1104387
336	0.110463113
337	0.110634014
338	0.110539407
339	0.11053025
340	0.11049363
341	0.110420384
342	0.110505834
343	0.110511944
344	0.110481419
345	0.110487528
346	0.110441752
347	0.1106218
348	0.110524148
349	0.110661477
350	0.110566869
351	0.110502787
352	0.110585183
353	0.110756084
354	0.110588238
355	0.1105272
356	0.110627912
357	0.110566869
358	0.110487528
359	0.110505834
360	0.110582128
361	0.110511944
362	0.110682838
363	0.110514991
364	0.110469215
365	0.110566869
366	0.110569924
367	0.110536352
368	0.110395968
369	0.110551611
370	0.110524148
371	0.110453956
372	0.110417336
373	0.110719465
374	0.110661477
375	0.110585183
376	0.110524148
377	0.110548563
378	0.110566869
379	0.1106157
380	0.110707253
381	0.110566869
382	0.1105272
383	0.110331886
384	0.110313572
385	0.110469215
386	0.110481419
387	0.110399023
388	0.110569924
389	0.1104387
390	0.1104387
391	0.110377662
392	0.110212862
393	0.110170141
394	0.11028
395	0.11030747
396	0.110316627
397	0.110435642
398	0.110310525
399	0.110408179
400	0.110292211
401	0.110383764
402	0.110402077
403	0.11034409
404	0.110353246
405	0.1103563
406	0.110435642
407	0.110417336
408	0.1103624
409	0.11036545
410	0.1104387
411	0.11049363
412	0.11030747
413	0.110289156
414	0.110542461
415	0.110423438
416	0.110533305
417	0.110228121
418	0.110316627
419	0.110417336
420	0.110572979
421	0.110579081
422	0.110521093
423	0.11037156
424	0.110417336
425	0.11034409
426	0.110487528
427	0.110380709
428	0.110289156
429	0.110548563
430	0.110447854
431	0.110377662
432	0.11037156
433	0.110521093
434	0.110484473
435	0.110511944
436	0.1103624
437	0.11046616
438	0.110267796
439	0.110524148
440	0.110487528
441	0.110389866
442	0.11017929
443	0.110560767
444	0.110383764
445	0.110490575
446	0.110289156
447	0.110328831
448	0.1104448
449	0.110576026
450	0.110423438
451	0.110490575
452	0.110582128
453	0.110566869
454	0.110566869
455	0.110496677
456	0.110514991
457	0.110612653
458	0.110460058
459	0.110386819
460	0.110533305
461	0.110460058
462	0.110414281
463	0.11059434
464	0.110490575
465	0.110548563
466	0.110524148
467	0.110469215
468	0.11049363
469	0.11055772
470	0.110585183
471	0.110472269
472	0.110447854
473	0.110478371
474	0.110582128
475	0.110481419
476	0.110600442
477	0.110554665
478	0.110392921
479	0.11046616
480	0.110389866
481	0.110514991
482	0.110463113
483	0.110551611
484	0.110417336
485	0.110453956
486	0.1106035
487	0.1104387
488	0.110490575
489	0.110511944
490	0.110572979
491	0.110548563
492	0.110566869
493	0.110682838
494	0.110563822
495	0.110496677
496	0.110630959
497	0.11067979
498	0.110460058
499	0.110649273
500	0.1104448
501	0.110560767
502	0.110560767
503	0.110582128
504	0.110646218
505	0.110469215
506	0.11059434
507	0.110661477
508	0.110579081
509	0.110554665
510	0.110505834
511	0.110508889
512	0.110505834
513	0.11046616
514	0.110664532
515	0.110585183
516	0.110533305
517	0.110423438
518	0.110597394
519	0.110411234
520	0.110399023
521	0.110234223
522	0.110502787
523	0.110524148
524	0.110472269
525	0.110414281
526	0.110521093
527	0.110475317
528	0.110481419
529	0.110655375
530	0.110597394
531	0.110545509
532	0.110313572
533	0.110405125
534	0.1104448
535	0.110496677
536	0.110426493
537	0.110511944
538	0.110576026
539	0.110701151
540	0.110432595
541	0.110469215
542	0.1104509
543	0.110597394
544	0.110539407
545	0.1106035
546	0.110618755
547	0.110695049
548	0.110548563
549	0.110597394
550	0.110554665
551	0.110460058
552	0.11055772
553	0.110508889
554	0.110432595
555	0.110514991
556	0.110511944
557	0.110304415
558	0.11049363
559	0.11046616
560	0.110289156
561	0.11046616
562	0.110395968
563	0.110576026
564	0.110435642
565	0.110368505
566	0.110460058
567	0.110487528
568	0.110423438
569	0.110472269
570	0.110435642
571	0.110496677
572	0.110548563
573	0.110514991
574	0.110502787
575	0.110386819
576	0.110420384
577	0.110484473
578	0.110453956
579	0.110408179
580	0.110383764
581	0.110408179
582	0.110383764
583	0.110554665
584	0.110548563
585	0.110682838
586	0.110511944
587	0.110511944
588	0.110539407
589	0.110566869
590	0.110569924
591	0.110475317
592	0.110655375
593	0.110670634
594	0.110676736
595	0.110542461
596	0.11055772
597	0.110685892
598	0.110560767
599	0.110566869
600	0.110563822
601	0.110539407
602	0.110676736
603	0.110554665
604	0.110475317
605	0.1105272
606	0.110414281
607	0.110582128
608	0.110469215
609	0.110579081
610	0.110499732
611	0.110411234
612	0.110634014
613	0.11071641
614	0.110670634
615	0.11065843
616	0.110579081
617	0.110554665
618	0.110511944
619	0.110566869
620	0.110673688
621	0.110795759
622	0.11055772
623	0.11067979
624	0.11059434
625	0.110576026
626	0.110627912
627	0.110539407
628	0.110569924
629	0.110682838
630	0.110560767
631	0.110600442
632	0.110521093
633	0.1106218
634	0.110334933
635	0.11067979
636	0.110701151
637	0.110524148
638	0.110475317
639	0.110533305
640	0.110511944
641	0.110457011
642	0.110576026
643	0.110460058
644	0.11065232
645	0.110875107
646	0.110563822
647	0.110664532
648	0.110600442
649	0.110566869
650	0.110487528
651	0.110536352
652	0.110460058
653	0.110475317
654	0.110707253
655	0.110627912
656	0.110536352
657	0.110551611
658	0.110728621
659	0.110499732
660	0.110514991
661	0.110569924
662	0.11055772
663	0.110423438
664	0.110695049
665	0.110420384
666	0.1106096
667	0.11046616
668	0.110435642
669	0.110499732
670	0.11034409
671	0.110704206
672	0.110548563
673	0.110536352
674	0.110664532
675	0.110484473
676	0.110511944
677	0.11042954
678	0.110560767
679	0.1104509
680	0.1105272
681	0.110457011
682	0.110463113
683	0.110389866
684	0.110417336
685	0.110405125
686	0.110301368
687	0.110481419
688	0.110469215
689	0.11034409
690	0.110667579
691	0.110566869
692	0.110463113
693	0.110511944
694	0.110670634
695	0.110576026
696	0.110505834
697	0.110606544
698	0.110667579
699	0.110731669
700	0.110646218
</Group>
</Session>
