<Session>
Acquisition 1 2016-06-13 10:58:22
<Group>
Detector1
2
451		451	
D1 250-700:250-700	T636014112399377009	D1 250-700:250-700 [COR]	T636014112399377011
X	Y	X	Y
250	323.254578	250	242211.656
251	48.2055054	251	32557.7441
252	53.2062378	252	32860.0977
253	148.221619	253	83752.0859
254	73.20935	254	37660.3125
255	-136.819031	255	-63926.39
256	78.210144	256	33521.01
257	73.20935	257	28615.7051
258	113.215759	258	40826.9063
259	173.225952	259	57481.9922
260	13.2003174	260	4069.88745
261	38.20398	261	10797.2607
262	88.21173	262	23359.6367
263	33.2032471	263	8162.72559
264	128.2182	264	29281.7637
265	213.233154	265	45380.3359
266	143.220764	266	28407.8516
267	158.223328	267	29537.5234
268	188.228638	268	32922.55
269	73.20935	269	11941.7227
270	-46.8079224	270	-7162.51953
271	-36.80658	271	-5318.884
272	78.210144	272	10748.3115
273	188.228638	273	24442.44
274	-56.8092651	274	-6977.54639
275	68.20856	275	7900.85547
276	218.23407	276	23974.2871
277	203.231323	277	21109.8066
278	-41.80725	278	-4116.019
279	123.217407	279	11494.4111
280	93.2125244	280	8257.057
281	213.233154	281	17951.5879
282	-1.80181885	282	-146.3685
283	53.2062378	283	4143.93164
284	143.220764	284	10762.25
285	88.21173	285	6343.4165
286	368.2641	286	25360.125
287	53.2062378	287	3539.82666
288	58.20703	288	3712.34131
289	68.20856	289	4199.67041
290	-26.8052368	290	-1595.82336
291	23.2017822	291	1324.16577
292	328.255676	292	18179.5273
293	63.2078247	293	3402.36353
294	163.224182	294	8545.663
295	303.250549	295	15415.1553
296	263.2426	296	12965.1748
297	503.294983	297	24119.6465
298	403.271667	298	18773.3613
299	478.289	299	21689.1172
300	828.3842	300	36616.8164
301	843.388855	301	36304.7031
302	1233.5249	302	52198.1445
303	1558.66162	303	62338.1328
304	1603.68213	304	60435.0352
305	2193.98975	305	78985.3047
306	2649.27466	306	91168.41
307	2644.27124	307	85890.76
308	3309.76123	308	101538
309	3810.188	309	112750.461
310	3825.20166	310	109532.7
311	5326.7876	311	141236.125
312	5627.15869	312	138689.469
313	5587.1084	313	130189.4
314	6568.439	314	144636.688
315	7615.07031	315	155595.4
316	8416.467	316	159681.484
317	8992.55	317	158169.156
318	9909.411	318	161286.8
319	11036.93	319	166318.609
320	12756.2578	320	178032.734
321	13909.4912	321	180415.375
322	15052.96	322	181837.781
323	15795.3516	323	179281.75
324	16653.25	324	177305.281
325	19097.3164	325	192909.891
326	21110.68	326	201568.734
327	22582.3027	327	199703.422
328	24004.1113	328	196036.578
329	26321.0684	329	203253.1
330	28045.66	330	204776.859
331	30424.8652	331	210269.047
332	31486.5684	332	206475.391
333	33862.375	333	210706.719
334	35277.3242	334	208244.766
335	38516.5938	335	214880.4
336	39580.0156	336	208638.844
337	41823.52	337	213021.313
338	42806.9453	338	210660.734
339	47752.22	339	223737.625
340	48105.64	340	215795.875
341	52186.94	341	225565.2
342	54132.79	342	226572.188
343	56913.89	343	229048.766
344	59640.87	344	230892.766
345	62460.4844	345	235017.266
346	65104.3672	346	238093.219
347	66558.59	347	235280.672
348	67942.2656	348	231900.2
349	74084.75	349	244594.547
350	73222.0156	350	235259.781
351	79914.65	351	247064.188
352	80549.85	352	241565.469
353	83955.9	353	246167.25
354	85741.19	354	245575.688
355	87379.53	355	245674.531
356	88102.2	356	243291.4
357	86870.67	357	235631.891
358	88687.54	358	236212.656
359	86779.0859	359	224250.344
360	87287.94	360	219406.188
361	89710.78	361	223336.672
362	85329.14	362	211372.016
363	81922.16	363	200187.781
364	85491.92	364	205332.578
365	79650.43	365	187439.453
366	81937.41	366	188079.953
367	77339.11	367	175504.359
368	76166.08	368	170398.469
369	79569.14	369	172262.781
370	81678.1641	370	171437.2
371	87572.9141	371	181927.719
372	88412.68	372	182134.125
373	92557.59	373	187653.9
374	94804.61	374	189587.672
375	97190.31	375	191971.031
376	97511.55	376	189454.141
377	101153.695	377	193568.422
378	100031.18	378	188345.5
379	108318.2	379	199331.109
380	107756.109	380	194565.156
381	119578.469	381	211626.9
382	111697.2	382	195882.75
383	119460.672	383	208517.344
384	110326.922	384	191752.125
385	113589.617	385	195213.281
386	121494.367	386	204356.2
387	120592.68	387	199775.734
388	118037.063	388	191150.156
389	122642.211	389	194972.391
390	126066.805	390	197136.391
391	146607.141	391	222697.875
392	133878.328	392	200504
393	145752.391	393	213559.984
394	147183.922	394	211414.125
395	163164.438	395	227532.578
396	168969.891	396	230445.75
397	166741	397	224708.141
398	171893.25	398	229560.016
399	176387.7	399	235116.672
400	178988.875	400	239021.7
401	189240.9	401	252663.547
402	193917.344	402	257246.3
403	197432.734	403	261203.6
404	196480.844	404	257552.9
405	209104.3	405	272310.531
406	213340.078	406	274709.531
407	211419.969	407	268303.5
408	213637.547	408	268054.219
409	216754.266	409	267625.781
410	209260.719	410	255539.391
411	218613.734	411	264300.781
412	201726.328	412	243425.375
413	204809.578	413	245786.828
414	200669.5	414	239925.344
415	204752.266	415	242421.891
416	201419.141	416	234483.2
417	207628.875	417	239188.281
418	194572.391	418	222427.844
419	197385.922	419	222965.859
420	194499.609	420	218585.422
421	198858.313	421	224586.625
422	200206.234	422	227637.453
423	196418.422	423	223954.453
424	197604.4	424	224684.875
425	194489.2	425	220592.2
426	192981.7	426	217758.453
427	188680.031	427	213178.828
428	183925.484	428	207381.25
429	190196.625	429	213993.109
430	185798.734	430	208688.9
431	190783.656	431	213556.188
432	182187.781	432	203968.359
433	185949.25	433	207415.516
434	184153.766	434	204321.031
435	184952.844	435	203046.469
436	184055.188	436	199578.438
437	177553.391	437	192073.484
438	172364.25	438	186405.109
439	181337.313	439	195873.734
440	170206.281	440	185150.6
441	181181.75	441	198180.125
442	165763.9	442	183147.6
443	166859.9	443	185047.016
444	163986	444	182381.781
445	169326.8	445	189221.3
446	178050.844	446	194966.547
447	187833.641	447	201180.156
448	191344.766	448	200059.859
449	195367.922	449	197462.5
450	183489.719	450	183046.063
451	180829.156	451	182016.016
452	168504.375	452	174763.484
453	165019.6	453	175439.938
454	167795.844	454	180026.016
455	173803.422	455	185342.641
456	168385.422	456	178092.234
457	160359.766	457	167742.641
458	156947.734	458	162612.563
459	162678.8	459	165711.453
460	165122.953	460	165143.625
461	170723.7	461	167322.4
462	153733.984	462	148990.156
463	147951.344	463	141068.7
464	154430.2	464	143703.844
465	170956.547	465	154580.844
466	177662.2	466	156095.859
467	161464.922	467	137542.141
468	143811.734	468	120610.227
469	139917.266	469	118755.484
470	136812.078	470	120256.109
471	145098.563	471	134083.859
472	126682.25	472	123076.047
473	120423.633	473	121220.148
474	118108.75	474	124675.008
475	123462.258	475	137722.469
476	120167.508	476	142532.141
477	124451.625	477	152413.609
478	124928.43	478	153660.922
479	141408.844	479	171214.109
480	140236.109	480	166757.641
481	153269.891	481	178609.156
482	141269.953	482	164971.391
483	137747.547	483	163409.969
484	119573.352	484	147673.328
485	124600.305	485	159809.969
486	118779.547	486	158006.688
487	123831.328	487	166940.469
488	111947.773	488	151098.6
489	125938.6	489	165075.2
490	138780.875	490	176389.313
491	152609.922	491	183128.672
492	147807.125	492	171758.844
493	153068.8	493	173764.375
494	154213.6	494	174850.281
495	163345.266	495	186647.7
496	156034.469	496	180184.25
497	157763.109	497	183443.234
498	155539.2	498	181124.344
499	165236.672	499	191810.484
500	160184.2	500	185544.688
501	169425.1	501	196461.422
502	165975.844	502	193859.4
503	163825.8	503	193267.469
504	168214.734	504	199096.766
505	165231.5	505	199301.266
506	167020.2	506	203356.953
507	165670.859	507	204256.109
508	157288.313	508	197190.453
509	154084.656	509	195493.859
510	150311	510	193313.109
511	149156.8	511	193748.031
512	142653.891	512	187239.7
513	138626.625	513	184658.531
514	132121.984	514	178849.141
515	128765.07	515	176552.516
516	131706.1	516	182602.969
517	125061.742	517	176109.891
518	120413.383	518	171721.047
519	117699.148	519	170086.781
520	118011.461	520	173145.141
521	115559.516	521	171437.938
522	119230.2	522	178865.109
523	113410.578	523	173254.922
524	111288.125	524	172305.063
525	110091.766	525	172963.781
526	110055.977	526	175134.609
527	105625.844	527	170087.172
528	101072.047	528	164616.484
529	99939.35	529	165510.2
530	95528.36	530	160624.672
531	99067.04	531	167539.109
532	88565.38	532	152048.891
533	91706.9453	533	158638.969
534	86896.12	534	152120.047
535	89344.22	535	158030.516
536	84566.18	536	151111.8
537	81535.84	537	147604.547
538	79081.39	538	145007.7
539	83976.24	539	155555.578
540	76501.2	540	143735.313
541	81678.1641	541	154395.016
542	76267.625	542	145910.391
543	75546.6641	543	146534.047
544	75506.05	544	148065.688
545	75287.75	545	149330.656
546	74028.92	546	148135.172
547	71461.48	547	145333.891
548	72349.28	548	148940.578
549	71593.37	549	149506.672
550	66781.58	550	141627.078
551	68920.7	551	146360.109
552	65535.0156	552	140632.938
553	66882.94	553	145132.9
554	65291.82	554	143910.391
555	63093.4727	555	140281.531
556	61417.5	556	137999.172
557	57187.0273	557	130160.727
558	55968.1445	558	129173.992
559	53536.32	559	125096.477
560	51383.55	560	121907.039
561	48676.2148	561	116506.9
562	47484.6445	562	115251.273
563	44022.625	563	108658.727
564	44920.7031	564	112786.844
565	42706.0742	565	109092.195
566	42822.08	566	111005.25
567	39413.6836	567	103555.563
568	38813.9258	568	103720.422
569	37534.01	569	101448.773
570	36889.14	570	101019.719
571	40205.07	571	111414.586
572	38370.4531	572	107614.477
573	38254.5547	573	108883.719
574	37705.32	574	108167.43
575	40048.8	575	116438.6
576	39842.125	576	117072.383
577	40310.9336	577	119497.438
578	41626.86	578	124982.414
579	42585.0273	579	129276.992
580	42650.5938	580	130395.344
581	45495.96	581	139491.547
582	43089.4023	582	134157.25
583	46288.3125	583	145563.7
584	45970.3477	584	145983
585	45142.7266	585	144280.875
586	48348	586	154594.7
587	46732.49	587	151294.375
588	43195.3242	588	140424.219
589	43709.85	589	142721.141
590	43038.96	590	142754.844
591	46111.6641	591	154197.266
592	41384.8242	592	140551.828
593	40114.332	593	138667.656
594	41581.4766	594	144980.7
595	43144.8867	595	152761.672
596	43846.0547	596	157609.234
597	44088.21	597	161322.125
598	44017.582	598	163130.453
599	42933.04	599	161555.828
600	44839.9727	600	171416.781
601	45985.49	601	178212.891
602	45566.6133	602	179189.578
603	45430.36	603	181641.688
604	46005.6758	604	186668.813
605	44370.74	605	182445.547
606	45601.9375	606	188800.109
607	45990.5352	607	193344.688
608	43861.19	608	187073.75
609	42564.85	609	183786.563
610	43503.0234	610	189953.5
611	43876.3242	611	192429.188
612	40542.8359	612	179194.219
613	41964.72	613	187002.953
614	41505.84	614	186561.578
615	40104.25	615	181894.766
616	41188.18	616	188076.188
617	39595.1367	617	182214.266
618	38924.8	618	180883.172
619	37760.7461	619	177294.891
620	35624.83	620	169353.188
621	36319.91	621	173855.2
622	34466.5742	622	166328.391
623	34572.3164	623	169221.5
624	32790.1	624	163454.516
625	31984.791	625	162210.234
626	32060.2832	626	165486.2
627	29675.27	627	156374.281
628	30022.3848	628	160516.281
629	29358.36	629	160050.234
630	29101.8281	630	161668.766
631	28613.9512	631	161666.938
632	26672.9766	632	153175.844
633	26456.8	633	154603.859
634	25210.2012	634	150033.1
635	24330.7324	635	147236.375
636	22753.1	636	140803.7
637	20970.07	637	132233.328
638	20327.33	638	130609.883
639	20859.5938	639	136946.844
640	18720.8438	640	126229.906
641	19790.1035	641	135194.578
642	18349.416	642	127268.836
643	19463.78	643	137054.766
644	16286.9941	644	116654.305
645	17782.291	645	129527.891
646	18173.752	646	133785.063
647	17380.8262	647	128783.875
648	17165.05	648	128264.992
649	17009.498	649	128257.734
650	16507.748	650	126615.656
651	15414.1094	651	119887.859
652	14446.0859	652	114969.289
653	14646.6973	653	119976.109
654	13147.3242	654	111070.094
655	13423.0947	655	116385.711
656	12866.5557	656	114264.18
657	12209.8184	657	111286.43
658	11813.8125	658	110166.016
659	11217.3555	659	106469.711
660	10575.8691	660	102124.227
661	10375.4209	661	101711.859
662	10049.7109	662	100127.727
663	9313.182	663	94468
664	8361.367	664	85796.31
665	8601.809	665	89418.02
666	8030.77832	666	84699.31
667	7830.43262	667	83229.42
668	8181.043	668	87952.28
669	7539.94531	669	81750.41
670	7569.995	670	83267.15
671	7379.684	671	82368.78
672	7239.45947	672	82525.57
673	7459.81445	673	86135.21
674	7529.92871	674	88083.79
675	8161.008	675	96578.72
676	7680.17871	676	92666.13
677	7695.204	677	93980.46
678	7840.45	678	97004.2656
679	7625.087	679	96550.5
680	8045.80469	680	103268.352
681	8616.836	681	110835.008
682	9192.942	682	118588.9
683	8341.33	683	107960.555
684	9202.962	684	117143.188
685	9568.7	685	122074.633
686	8676.948	686	111450.125
687	8822.223	687	114980.148
688	8356.357	688	110188.609
689	8311.276	689	110917.211
690	8085.875	690	109262.977
691	8792.166	691	119392.844
692	7900.55273	692	108525.594
693	8191.06055	693	116252.5
694	7504.8877	694	110811.133
695	7665.15332	695	117509.719
696	7389.7	696	118704.539
697	7780.34766	697	129548.945
698	7249.47559	698	124591.75
699	7665.15332	699	134977.219
700	7049.161	700	125848.711
</Group>
<Group>
RCQCSignal
1
451	
ExCorr	T636014112399377010
X	Y
250	0.02048646
251	0.0222687125
252	0.0238434374
253	0.0255249888
254	0.0274415165
255	0.0295686275
256	0.03153704
257	0.0338136852
258	0.03587365
259	0.0381289423
260	0.0401553363
261	0.0429111123
262	0.0448856354
263	0.0473637
264	0.04997909
265	0.05256398
266	0.0552373528
267	0.0575201064
268	0.0601171851
269	0.06315373
270	0.0659552962
271	0.06915358
272	0.0720711052
273	0.0756447762
274	0.07926421
275	0.08334142
276	0.08713177
277	0.09141955
278	0.09568901
279	0.100254521
280	0.104755938
281	0.110475019
282	0.114775
283	0.120072931
284	0.124830708
285	0.130873278
286	0.137098953
287	0.142451823
288	0.1491139
289	0.1551565
290	0.1610251
291	0.168761432
292	0.1749627
293	0.181234151
294	0.18754527
295	0.1943264
296	0.2015836
297	0.208090037
298	0.215219051
299	0.221792638
300	0.22844556
301	0.2362765
302	0.242123753
303	0.248254836
304	0.2550634
305	0.261926919
306	0.268662244
307	0.275727183
308	0.282526582
309	0.289557934
310	0.295862973
311	0.3037885
312	0.310056925
313	0.3162582
314	0.3224808
315	0.328944534
316	0.3344378
317	0.340596318
318	0.3468159
319	0.354005963
320	0.360381156
321	0.367739081
322	0.373510033
323	0.379320681
324	0.385451734
325	0.390847325
326	0.3970883
327	0.402987421
328	0.409225285
329	0.415148854
330	0.4208771
331	0.4279359
332	0.433636665
333	0.440228581
334	0.446774721
335	0.4526769
336	0.458597362
337	0.464072347
338	0.469937921
339	0.476087272
340	0.479847133
341	0.487003565
342	0.4919231
343	0.4967358
344	0.5014752
345	0.506434441
346	0.5117781
347	0.51499474
348	0.5188919
349	0.522865355
350	0.524083
351	0.5309801
352	0.533897638
353	0.5361529
354	0.5388873
355	0.540486455
356	0.541746855
357	0.54211
358	0.542671561
359	0.543159842
360	0.541728556
361	0.54406625
362	0.5437977
363	0.543877
364	0.5457813
365	0.5454609
366	0.5473408
367	0.548509657
368	0.551183045
369	0.5571493
370	0.561794162
371	0.566353559
372	0.5699272
373	0.5754815
374	0.579760134
375	0.5864314
376	0.5956997
377	0.601254
378	0.607522368
379	0.615908742
380	0.621508837
381	0.6309602
382	0.6336794
383	0.637945831
384	0.641946733
385	0.647467434
386	0.659744859
387	0.663071334
388	0.671460748
389	0.679090261
390	0.685474634
391	0.7019208
392	0.7083235
393	0.7217911
394	0.7340655
395	0.7484303
396	0.757121861
397	0.761846066
398	0.7649772
399	0.7619803
400	0.7561819
401	0.7501088
402	0.7486653
403	0.7464588
404	0.7491719
405	0.7519643
406	0.758501232
407	0.765792
408	0.770558953
409	0.777282059
410	0.7804529
411	0.7861323
412	0.7856959
413	0.786181152
414	0.785427332
415	0.7869807
416	0.7936092
417	0.801348567
418	0.8066923
419	0.8095366
420	0.8079527
421	0.8037107
422	0.7985562
423	0.7932644
424	0.7920009
425	0.79060626
426	0.7911373
427	0.7895717
428	0.790288866
429	0.789187133
430	0.7881007
431	0.7908412
432	0.790853441
433	0.7931026
434	0.7967465
435	0.8024808
436	0.809939444
437	0.8127257
438	0.8144378
439	0.8146667
440	0.809380949
441	0.8077421
442	0.8021054
443	0.799242854
444	0.797073
445	0.794829965
446	0.8124999
447	0.8337679
448	0.8569891
449	0.882688344
450	0.890745044
451	0.88613075
452	0.8654243
453	0.8474766
454	0.8425724
455	0.8483128
456	0.855533361
457	0.8665351
458	0.876380265
459	0.8918712
460	0.909614444
461	0.9340013
462	0.9483266
463	0.9629905
464	0.986992955
465	1.02068174
466	1.05460262
467	1.08360386
468	1.09558225
469	1.08646643
470	1.05727291
471	1.01471853
472	0.9707787
473	0.938853741
474	0.8997601
475	0.8584753
476	0.812997341
477	0.791796446
478	0.792910337
479	0.808062553
480	0.8250611
481	0.8450535
482	0.8476872
483	0.8378146
484	0.8117522
485	0.7903316
486	0.7677055
487	0.757308
488	0.752638757
489	0.7689262
490	0.7847254
491	0.818066359
492	0.8295503
493	0.8352328
494	0.8243836
495	0.807919145
496	0.790011168
497	0.7762292
498	0.769704461
499	0.768025935
500	0.767604768
501	0.7683006
502	0.765615
503	0.761333346
504	0.7630118
505	0.7532094
506	0.751137257
507	0.747673452
508	0.7413501
509	0.738334954
510	0.73372674
511	0.732274055
512	0.7296678
513	0.7259599
514	0.7209488
515	0.717198133
516	0.71434164
517	0.7092695
518	0.7058668
519	0.7013928
520	0.695982
521	0.693256736
522	0.6903972
523	0.6831522
524	0.6787637
525	0.6739144
526	0.6701454
527	0.666364253
528	0.663007259
529	0.656723559
530	0.6515355
531	0.6513036
532	0.644986331
533	0.6438602
534	0.6393558
535	0.635714948
536	0.6319185
537	0.6276826
538	0.6235291
539	0.620224
540	0.6143035
541	0.614273
542	0.610906839
543	0.605587542
544	0.601702631
545	0.5966885
546	0.593737364
547	0.588274658
548	0.585320532
549	0.5794672
550	0.573568046
551	0.574746
552	0.5708855
553	0.5687248
554	0.56407994
555	0.561934531
556	0.558309
557	0.553789258
558	0.5489369
559	0.544804752
560	0.53929013
561	0.537910759
562	0.533946455
563	0.529039145
564	0.523906
565	0.518467665
566	0.5145583
567	0.5118178
568	0.5069502
569	0.5042005
570	0.5007367
571	0.4989636
572	0.497303426
573	0.491648436
574	0.4891734
575	0.485328138
576	0.4830454
577	0.481311977
578	0.47838223
579	0.474765837
580	0.47321552
581	0.4741677
582	0.469489276
583	0.466950178
584	0.4647712
585	0.463288
586	0.46478337
587	0.460834384
588	0.460993052
589	0.4602484
590	0.454111218
591	0.4531499
592	0.448758364
593	0.4433689
594	0.4419437
595	0.437185943
596	0.432586849
597	0.427633762
598	0.42439276
599	0.420162976
600	0.41621393
601	0.412847817
602	0.409301579
603	0.405782878
604	0.402911127
605	0.399148226
606	0.3979336
607	0.395644784
608	0.393334568
609	0.391533971
610	0.389733434
611	0.389724255
612	0.388738543
613	0.388131231
614	0.387603253
615	0.3865748
616	0.386193335
617	0.385348
618	0.383892268
619	0.382287025
620	0.380355239
621	0.3799463
622	0.379097879
623	0.376097977
624	0.371718615
625	0.368062556
626	0.364101321
627	0.359218419
628	0.35656032
629	0.352074146
630	0.347935915
631	0.34472236
632	0.341734648
633	0.338707268
634	0.335060358
635	0.332179457
636	0.327824533
637	0.3232804
638	0.3191055
639	0.3146621
640	0.308906376
641	0.3071455
642	0.304350048
643	0.301481336
644	0.298093855
645	0.296421468
646	0.296262771
647	0.296290219
648	0.295667648
649	0.295203775
650	0.2925182
651	0.290916
652	0.2865092
653	0.280710757
654	0.27425316
655	0.269605249
656	0.265628755
657	0.261368424
658	0.258234233
659	0.255261779
660	0.25248158
661	0.250317842
662	0.2482884
663	0.24530679
664	0.243878543
665	0.241720915
666	0.239856273
667	0.239798278
668	0.238959014
669	0.238025188
670	0.235022187
671	0.233740449
672	0.230502486
673	0.2288728
674	0.227584958
675	0.226416111
676	0.223761052
677	0.221814
678	0.220120251
679	0.217297316
680	0.215835512
681	0.216134578
682	0.216940254
683	0.2177093
684	0.222790569
685	0.223809868
686	0.2237885
687	0.22278142
688	0.22227177
689	0.2208252
690	0.219277948
691	0.219650269
692	0.218707263
693	0.213915914
694	0.207726866
695	0.2012845
696	0.1931423
697	0.188238055
698	0.183843434
699	0.180443734
700	0.178869009
</Group>
</Session>
