<Session>
Acquisition 1 2016-06-21 14:31:36
<Group>
Detector1
2
281		281	
D1 337:320-600	T636021073673292476	D1 337:320-600 [COR]	T636021073673292478
X	Y	X	Y
320	220.238464	320	1405.57568
321	211.236633	321	1105.68286
322	310.257446	322	1548.13245
323	232.2409	323	1105.53162
324	256.24585	324	1195.61609
325	131.221252	325	591.802063
326	278.2505	326	1219.93091
327	445.289063	327	1852.88147
328	478.297241	328	1886.3606
329	1001.4574	329	3823.56714
330	2708.36035	330	11391.2822
331	6889.03125	331	29738.1289
332	18074.6836	332	63972.04
333	32806.7656	333	111196.953
334	49002.25	334	164135.188
335	68208.04	335	220291.031
336	83442.6953	336	260141.547
337	91195.11	337	281326.1
338	88648.32	338	271560.9
339	86507.82	339	270288.781
340	81595.1641	340	280911.156
341	49055.78	341	143615.875
342	28246.29	342	79054.96
343	15443.4629	343	42650.44
344	8417.611	344	22725.5977
345	4401.83154	345	11786.6406
346	3211.73779	346	8557.278
347	3036.60083	347	7918.78467
348	3134.67676	348	7991.408
349	3400.89258	349	8504.932
350	3404.896	350	8376.63
351	3617.07861	351	8749.973
352	4013.44385	352	9568.697
353	3986.418	353	9422.89551
354	4242.669	354	9966.691
355	4655.101	355	10764.5273
356	5107.61426	356	11589.751
357	5131.64258	357	11400.9785
358	5372.934	358	11729.5254
359	5392.9585	359	11582.4287
360	5588.20361	360	11830.5771
361	5689.3335	361	12141.3887
362	5646.27832	362	11964.4971
363	5602.22168	363	11651.3994
364	5839.53027	364	11989.3545
365	6252.094	365	15793.375
366	6225.056	366	14942.41
367	5682.32471	367	11474.0869
368	5490.07959	368	11134.7012
369	5576.18848	369	11119.7891
370	5663.30029	370	11124.5635
371	5918.63574	371	11578.0918
372	5617.24072	372	11034.2354
373	5696.343	373	11103.8125
374	5597.21533	374	10791.6768
375	5903.61572	375	11286.167
376	5995.73975	376	11380.2158
377	5995.73975	377	11379.1367
378	5687.331	378	10784.1865
379	5514.11	379	10461.5684
380	5563.172	380	10453.3125
381	5665.30273	381	10436.3486
382	5548.153	382	10018.9775
383	5406.976	383	9853.348
384	4956.438	384	9172.887
385	4938.41748	385	9045.316
386	5063.5625	386	9084.58
387	5042.5376	387	8978.066
388	4590.031	388	8253.96
389	5011.50146	389	10148.4541
390	5212.73926	390	10996.7773
391	4487.922	391	8019.165
392	4406.837	392	7633.98926
393	4123.551	393	7130.125
394	4123.551	394	7054.664
395	4086.51416	395	6903.685
396	4096.524	396	6859.118
397	3887.32422	397	6526.402
398	3593.05762	398	5998.681
399	3799.24268	399	6203.8833
400	3714.165	400	5958.97949
401	3399.892	401	5519.36572
402	3258.77563	402	5248.70654
403	3399.892	403	5347.7
404	3556.02539	404	6820.817
405	3766.2124	405	6922.266
406	3325.83057	406	5224.44531
407	2955.53955	407	4678.40967
408	2873.47876	408	4504.84668
409	2828.4458	409	4374.323
410	2900.49854	410	4443.46631
411	2752.39136	411	4207.47363
412	2569.26514	412	3941.87231
413	2512.227	413	3881.94873
414	2346.12	414	3592.49316
415	2341.117	415	3505.27539
416	2293.08716	416	3385.22046
417	2206.03418	417	3301.996
418	2027.93066	418	3071.159
419	2038.93677	419	3023.259
420	1862.84033	420	2704.09839
421	1865.8418	421	2757.34058
422	1663.73853	422	2486.066
423	1709.76147	423	2510.46069
424	1765.78979	424	2565.48022
425	1596.7063	425	2364.125
426	1570.69385	426	2305.52661
427	1477.65088	427	2131.75586
428	1362.59985	428	1999.03992
429	1403.61768	429	2074.0564
430	1353.596	430	1964.787
431	1281.56567	431	1864.21375
432	1038.47083	432	1547.98718
433	1212.5376	433	1779.38708
434	1134.50684	434	1655.00891
435	995.4553	435	1491.11523
436	924.4304	436	1362.51465
437	1067.48157	437	1555.10767
438	945.4376	438	1418.963
439	913.426636	439	1361.11914
440	825.397461	440	1210.77344
441	753.374634	441	1139.62024
442	798.3888	442	1202.086
443	849.4053	443	1262.66138
444	871.4125	444	1636.63611
445	696.3574	445	1284.3429
446	609.3323	446	934.166443
447	701.3589	447	1056.07654
448	598.3292	448	919.1769
449	573.322266	449	896.8235
450	617.3345	450	958.6101
451	532.3113	451	827.3893
452	494.3014	452	761.2634
453	613.3334	453	943.793
454	466.2943	454	729.634766
455	471.295532	455	749.5382
456	519.307861	456	812.0444
457	357.268066	457	556.821838
458	389.2755	458	626.2888
459	407.2798	459	644.662
460	408.280029	460	637.442261
461	378.272949	461	610.758362
462	374.271973	462	603.588
463	283.2516	463	449.935455
464	349.266235	464	570.460266
465	310.257446	465	506.54834
466	274.249634	466	441.2525
467	307.256836	467	502.172668
468	258.246338	468	431.424622
469	204.235229	469	337.320374
470	189.2323	470	309.6417
471	294.254028	471	519.7233
472	236.2417	472	487.4873
473	197.233887	473	370.119324
474	358.2683	474	598.8914
475	208.236023	475	357.234558
476	133.221619	476	229.334427
477	187.231873	477	323.8939
478	143.22345	478	249.344116
479	126.220337	479	221.6234
480	184.231323	480	328.4996
481	186.231689	481	331.28186
482	129.220886	482	228.9369
483	181.230713	483	318.8652
484	131.221252	484	280.249
485	151.224976	485	307.563965
486	189.2323	486	336.612152
487	143.22345	487	259.294281
488	91.21405	488	167.641632
489	112.217773	489	208.165009
490	159.2265	490	297.477539
491	138.222534	491	260.751678
492	201.23468	492	384.6235
493	203.235046	493	387.4952
494	131.221252	494	248.654388
495	95.21472	495	179.401428
496	155.225708	496	353.124725
497	101.21582	497	215.405319
498	46.2063	498	88.99457
499	121.219421	499	237.013031
500	74.21106	500	145.2561
501	138.222534	501	271.340973
502	146.22406	502	287.968781
503	145.223877	503	287.915344
504	130.221069	504	260.749359
505	170.228577	505	345.091
506	173.229187	506	356.244476
507	-11.8031006	507	-27.3407459
508	91.21405	508	213.346222
509	126.220337	509	257.6
510	103.216187	510	213.878448
511	49.2067871	511	103.313713
512	17.2015381	512	36.48351
513	135.221985	513	289.072662
514	44.2059326	514	95.6495
515	49.2067871	515	107.337509
516	47.2064819	516	102.62188
517	53.20746	517	115.4659
518	45.2061157	518	115.387215
519	20.2020264	519	47.634758
520	62.2089844	520	138.923569
521	88.2135	521	197.72937
522	17.2015381	522	38.6281128
523	120.219238	523	270.7991
524	74.21106	524	168.354065
525	47.2064819	525	108.384354
526	49.2067871	526	114.757805
527	37.2047729	527	88.26576
528	49.2067871	528	116.176582
529	34.2042847	529	80.08802
530	102.216	530	283.7892
531	109.217224	531	281.502869
532	-19.8043213	532	-47.99323
533	-72.8121948	533	-177.319016
534	-20.8044434	534	-50.67613
535	35.2044678	535	85.9163361
536	86.2131348	536	211.718979
537	21.2021484	537	52.6372681
538	16.201355	538	41.0107155
539	78.21173	539	199.341919
540	45.2061157	540	114.678825
541	73.21088	541	183.501724
542	31.2037964	542	79.7190552
543	64.20935	543	173.005966
544	111.21759	544	336.993958
545	48.206604	545	128.167389
546	-27.805542	546	-72.51023
547	73.21088	547	194.481552
548	79.2119141	548	213.407974
549	21.2021484	549	57.3862839
550	-11.8031006	550	-32.23695
551	48.206604	551	133.203964
552	99.2154541	552	272.4975
553	96.2149048	553	262.3197
554	-13.8034058	554	-38.48524
555	-40.8074951	555	-118.8447
556	-11.8031006	556	-38.286644
557	25.20282	557	72.7559357
558	6.199768	558	17.75799
559	-13.8034058	559	-39.97816
560	53.20746	560	155.129715
561	116.218506	561	344.787018
562	38.2049561	562	115.693275
563	-34.80664	563	-103.992645
564	60.20868	564	180.9226
565	23.2025146	565	71.93667
566	-28.8057251	566	-88.03223
567	-37.8070679	567	-116.334892
568	-55.8097534	568	-177.4952
569	48.206604	569	167.6568
570	-58.81018	570	-212.843765
571	36.20465	571	116.621025
572	-34.80664	572	-113.177505
573	62.2089844	573	202.179749
574	-23.8049316	574	-77.36827
575	-0.801330566	575	-2.61764526
576	5.199585	576	17.1724777
577	29.2034912	577	98.40018
578	-85.81409	578	-291.980927
579	-9.802795	579	-32.99164
580	3.19927979	580	10.7580986
581	4.199463	581	14.5127878
582	-43.8079834	582	-152.461746
583	92.21423	583	317.24585
584	96.2149048	584	336.840363
585	-9.802795	585	-35.06379
586	-59.8103027	586	-210.899521
587	48.206604	587	171.77182
588	-21.8046265	588	-79.66373
589	-40.8074951	589	-149.838455
590	-31.8061523	590	-116.403465
591	-6.802307	591	-24.59034
592	41.2054443	592	152.296524
593	18.20166	593	68.69998
594	25.20282	594	93.90271
595	-41.80768	595	-157.08963
596	9.200256	596	35.4896355
597	-82.81366	597	-315.193268
598	73.21088	598	281.3087
599	-3.80181885	599	-15.0084763
600	-48.8087158	600	-190.224716
</Group>
<Group>
RCQCSignal
1
281	
ExCorr	T636021073673292477
X	Y
320	0.655139863
321	0.7649972
322	0.7670312
323	0.7750666
324	0.761206865
325	0.765454948
326	0.764690459
327	0.7658456
328	0.765955448
329	0.767278433
330	0.6747752
331	0.640416443
332	0.7602974
333	0.773407936
334	0.7618721
335	0.7653405
336	0.7671609
337	0.766213357
338	0.7624489
339	0.72818327
340	0.643291235
341	0.7474951
342	0.772500038
343	0.767144144
344	0.768663943
345	0.767376065
346	0.763533831
347	0.76492244
348	0.766921341
349	0.7679971
350	0.766633
351	0.7661325
352	0.763626933
353	0.7610909
354	0.7566322
355	0.760947466
356	0.7676156
357	0.7745798
358	0.7787013
359	0.772417665
360	0.7642052
361	0.758298457
362	0.763868034
363	0.7729227
364	0.777532458
365	0.623520136
366	0.6473013
367	0.7688196
368	0.76480186
369	0.7673196
370	0.768293142
371	0.7695642
372	0.764466166
373	0.7650155
374	0.7680276
375	0.7733378
376	0.7776652
377	0.7726328
378	0.768212259
379	0.75976485
380	0.759034
381	0.7685678
382	0.7782588
383	0.77058655
384	0.758168757
385	0.76190877
386	0.773595631
387	0.7696451
388	0.752258956
389	0.661420465
390	0.6285831
391	0.73811233
392	0.7572044
393	0.7559455
394	0.7613503
395	0.762885332
396	0.7615227
397	0.7551017
398	0.754944563
399	0.7665948
400	0.7748667
401	0.7595695
402	0.759308636
403	0.77336067
404	0.6307651
405	0.6568733
406	0.7669534
407	0.75762707
408	0.761454046
409	0.7668771
410	0.769120157
411	0.7695429
412	0.765508354
413	0.7567573
414	0.7603218
415	0.7716303
416	0.776571155
417	0.765897453
418	0.7569603
419	0.7678171
420	0.7788768
421	0.765895963
422	0.758275568
423	0.7697168
424	0.7759089
425	0.7594093
426	0.7640481
427	0.7780803
428	0.765821159
429	0.7591759
430	0.771650136
431	0.7719248
432	0.755156636
433	0.7683084
434	0.7741358
435	0.7534202
436	0.7652016
437	0.7774394
438	0.7577827
439	0.764476836
440	0.7778392
441	0.757825434
442	0.7649209
443	0.7761317
444	0.615385532
445	0.628593743
446	0.758556366
447	0.776204944
448	0.764602
449	0.7509955
450	0.7566154
451	0.759243
452	0.769664943
453	0.7733195
454	0.763451457
455	0.753032565
456	0.767792642
457	0.77323246
458	0.7518683
459	0.765454948
460	0.7772746
461	0.757843733
462	0.764975846
463	0.779123962
464	0.7601418
465	0.764693558
466	0.7802867
467	0.7690698
468	0.7532996
469	0.766942739
470	0.779163659
471	0.7264056
472	0.625664
473	0.6910825
474	0.779262841
475	0.763063848
476	0.7641671
477	0.765860856
478	0.766401
479	0.76341176
480	0.7552116
481	0.7621453
482	0.770408034
483	0.777974963
484	0.6427389
485	0.6778895
486	0.778438866
487	0.76932925
488	0.7622338
489	0.7608162
490	0.760993242
491	0.7587883
492	0.753989339
493	0.760187566
494	0.769259036
495	0.7785624
496	0.648909569
497	0.697028935
498	0.773920655
499	0.765429
500	0.767676651
501	0.7709284
502	0.773942
503	0.7730692
504	0.769661844
505	0.764071
506	0.756989241
507	0.676340759
508	0.67406565
509	0.7768748
510	0.7694437
511	0.76379323
512	0.7604622
513	0.7604103
514	0.7571464
515	0.755286336
516	0.7621529
517	0.7689111
518	0.6583427
519	0.7173219
520	0.7623116
521	0.7645623
522	0.7682229
523	0.771019936
524	0.7706903
525	0.767278433
526	0.761060357
527	0.753002048
528	0.761537969
529	0.773311853
530	0.656749666
531	0.711605847
532	0.7612908
533	0.762278
534	0.766822159
535	0.769532144
536	0.7688974
537	0.765941739
538	0.7564781
539	0.7555198
540	0.7633141
541	0.7783046
542	0.769237638
543	0.7336307
544	0.6561485
545	0.7516959
546	0.7703638
547	0.762329936
548	0.7576698
549	0.758798957
550	0.756546736
551	0.7518363
552	0.7604637
553	0.773407936
554	0.7634591
555	0.7359654
556	0.6653176
557	0.752800643
558	0.763974845
559	0.7610176
560	0.761412859
561	0.75447917
562	0.7452215
563	0.762072
564	0.76441884
565	0.7472723
566	0.7645898
567	0.7667794
568	0.749042332
569	0.690095246
570	0.668085635
571	0.758708954
572	0.759604633
573	0.7633324
574	0.766666532
575	0.7683343
576	0.765436649
577	0.7562522
578	0.7548469
579	0.767591238
580	0.7727076
581	0.7574882
582	0.757767439
583	0.7726908
584	0.7653405
585	0.7537727
586	0.769388735
587	0.7664483
588	0.7524543
589	0.7523993
590	0.7585884
591	0.774250269
592	0.763404131
593	0.7531012
594	0.7685205
595	0.766958
596	0.75183475
597	0.7680047
598	0.7666894
599	0.7526862
600	0.768935561
</Group>
</Session>
