<Session>
Acquisition 1 2016-08-08 11:16:18
<Group>
Detector1
1
21	
D1 300:290-310	T636062510510941581
X	Y
290	837.403442
291	847.405151
292	846.404968
293	844.4046
294	803.0645
295	914.416931
296	1168.13647
297	1600.923
298	1843.00635
299	1610.92615
300	1222.81616
301	1022.43787
302	849.0721
303	815.0664
304	841.4041
305	839.0704
306	870.4091
307	807.731934
308	851.7392
309	839.0704
310	827.0684
</Group>
<Group>
RCQCSignal
1
21	
ExCorr	T636062510510941582
X	Y
290	0.0139635308
291	0.0140362652
292	0.013976247
293	0.0139757385
294	0.0139233489
295	0.0139869284
296	0.0139945578
297	0.01398591
298	0.0139614968
299	0.0139971012
300	0.0139457285
301	0.0139726866
302	0.0140230414
303	0.0139604788
304	0.0139640393
305	0.0140016787
306	0.0140199894
307	0.0139874369
308	0.0139971012
309	0.0139508154
310	0.0140118515
</Group>
</Session>
