<Session>
Acquisition 1 2016-08-08 11:05:45
<Group>
Detector1
1
171	
D1 350:390-560	T636062510510939849
X	Y
390	1305.17029
391	1343.18042
392	1389.193
393	1650.27234
394	1548.23962
395	1628.26514
396	1694.287
397	1831.33533
398	1855.34424
399	2078.432
400	5734.287
401	19809.19
402	26272.9063
403	14647.4336
404	6110.73242
405	4809.312
406	4159.73
407	3380.14233
408	3603.298
409	3608.30176
410	3920.53662
411	4005.604
412	4504.028
413	4259.814
414	4498.02246
415	4755.26074
416	4838.34033
417	5040.54
418	5379.893
419	5575.107
420	5748.303
421	6074.68848
422	6183.82227
423	6494.216
424	6511.238
425	6862.70752
426	7380.44434
427	7638.832
428	7816.106
429	8344.96
430	10390.7891
431	45565.9961
432	135726.609
433	150783.891
434	70799.91
435	18590.5176
436	10712.4678
437	10321.6465
438	10879.8281
439	11088.2861
440	10941.9639
441	11433.0615
442	11645.5518
443	11552.335
444	12023.4443
445	12208.8936
446	12650.9912
447	12601.8672
448	12951.7607
449	12821.4248
450	12781.3223
451	12975.8223
452	13309.6992
453	13019.9375
454	13306.6914
455	13371.8652
456	13263.5771
457	13210.4365
458	12922.6855
459	13280.6221
460	13310.7021
461	13683.707
462	13277.6143
463	13489.18
464	13271.5977
465	13293.6563
466	13107.165
467	12978.83
468	13013.9219
469	12965.7969
470	12542.7188
471	13149.2754
472	12342.2207
473	12328.1855
474	11967.3105
475	12352.2451
476	12519.6611
477	12645.9785
478	13559.3691
479	15066.6777
480	17756.4922
481	21089.4141
482	26549.3613
483	30980.7832
484	34262.12
485	34916.6328
486	34412.15
487	32718.8184
488	30822.81
489	28621.7637
490	26726.3027
491	24676.7949
492	22949.5879
493	21348.5117
494	20114.4043
495	18864.543
496	17219.6172
497	15168.9863
498	12799.3682
499	11874.0879
500	10806.67
501	10256.5127
502	9651.309
503	9554.122
504	9322.686
505	8776.698
506	9046.179
507	8790.724
508	8720.601
509	8845.82
510	8999.094
511	8913.941
512	8940.989
513	8849.827
514	8542.293
515	8514.245
516	8282.856
517	8529.27051
518	8657.491
519	8273.842
520	8391.037
521	8413.074
522	8609.408
523	8586.368
524	8843.816
525	8784.713
526	8719.599
527	9132.335
528	9370.775
529	10200.3975
530	10774.6006
531	11306.7744
532	11395.9766
533	12091.6094
534	14922.2451
535	19454.8
536	25957.2617
537	36628.84
538	60044.09
539	94575.84
540	119959.594
541	124723.75
542	132119.281
543	134245.156
544	98352
545	58225.71
546	44152.37
547	40385.66
548	37162.7656
549	33987.2539
550	30814.76
551	25430.5625
552	20136.4941
553	17802.6563
554	16803.2031
555	16409.8984
556	16192.19
557	16174.1318
558	16009.6035
559	16295.5254
560	15728.7129
</Group>
<Group>
RCQCSignal
1
171	
ExCorr	T636062510510939850
X	Y
390	0.0133196
391	0.0133806365
392	0.0133073926
393	0.0133607993
394	0.0134569313
395	0.0134416725
396	0.0133196
397	0.0133806365
398	0.0134019991
399	0.0133836884
400	0.0133241778
401	0.0133775845
402	0.0134264138
403	0.0134493019
404	0.0134233618
405	0.0133302817
406	0.0134828715
407	0.0133913178
408	0.0132494085
409	0.0134538794
410	0.0133073926
411	0.0133913178
412	0.0133455405
413	0.013308919
414	0.01325246
415	0.0132784005
416	0.0133424886
417	0.01332723
418	0.0131700616
419	0.0133516444
420	0.0133333337
421	0.0134050511
422	0.0133318072
423	0.01332723
424	0.0133287553
425	0.0133897914
426	0.0134157324
427	0.0133592738
428	0.0133928433
429	0.0132555123
430	0.0134843979
431	0.0133775845
432	0.0132585643
433	0.01329366
434	0.0132875564
435	0.013344015
436	0.01329366
437	0.0132204164
438	0.0131975282
439	0.0132631417
440	0.0133485924
441	0.0133348592
442	0.0133241778
443	0.0132997632
444	0.013350118
445	0.0132326242
446	0.0132875564
447	0.0134187834
448	0.0132417791
449	0.0133180739
450	0.0133257043
451	0.0133607993
452	0.0133409631
453	0.0132997632
454	0.0132158389
455	0.0132890819
456	0.013244831
457	0.0133318072
458	0.013308919
459	0.0133134965
460	0.0133745326
461	0.013308919
462	0.0131929507
463	0.0134126805
464	0.0133333337
465	0.0132997632
466	0.0133196
467	0.0134065766
468	0.013311971
469	0.0132677192
470	0.0133592738
471	0.013279927
472	0.0132722976
473	0.0132372016
474	0.013212787
475	0.0133653777
476	0.0133318072
477	0.01330129
478	0.0132463565
479	0.0133684287
480	0.0132616162
481	0.0132631417
482	0.0133363856
483	0.0134386206
484	0.0132784005
485	0.0133455405
486	0.0132692456
487	0.0133073926
488	0.0133653777
489	0.0132661937
490	0.0133562218
491	0.01323415
492	0.0133226523
493	0.0132234683
494	0.0133409631
495	0.0134416725
496	0.0132616162
497	0.0132967113
498	0.0133287553
499	0.0132829789
500	0.0133196
501	0.0132890819
502	0.01335317
503	0.0132661937
504	0.0133028151
505	0.0134233618
506	0.01335317
507	0.0133226523
508	0.0133180739
509	0.0133928433
510	0.0133150229
511	0.0132707711
512	0.0132906083
513	0.013279927
514	0.0133669032
515	0.01337911
516	0.0133989472
517	0.0132143134
518	0.01332723
519	0.0133134965
520	0.0132829789
521	0.013276875
522	0.0132951858
523	0.0133607993
524	0.013308919
525	0.0132997632
526	0.013276875
527	0.0132677192
528	0.0133150229
529	0.0132616162
530	0.0132616162
531	0.0133516444
532	0.01329366
533	0.0133287553
534	0.0132845044
535	0.0132555123
536	0.0134126805
537	0.0132829789
538	0.0133897914
539	0.0134004727
540	0.0132845044
541	0.0133699551
542	0.0133318072
543	0.0133363856
544	0.0133989472
545	0.0133546963
546	0.0132021056
547	0.0133882659
548	0.0132143134
549	0.0133394366
550	0.0132921338
551	0.01329366
552	0.0133043416
553	0.0133058671
554	0.0133394366
555	0.0133333337
556	0.0133730071
557	0.0133150229
558	0.0133058671
559	0.0133028151
560	0.0133699551
</Group>
</Session>
