<Session>
Acquisition 1 2016-07-05 11:24:50
<Group>
Detector1
1
301	
D1 313:300-600	T636033108025162451
X	Y
300	4906.48047
301	4855.424
302	5168.78125
303	5400.05664
304	5648.365
305	5653.372
306	5789.546
307	5871.65332
308	5945.751
309	6482.491
310	6454.451
311	7077.379
312	8436.674
313	11276.6572
314	16703.5664
315	26245.7676
316	36029.8477
317	44533.24
318	46972.793
319	44237.5859
320	36880.14
321	27910.99
322	21933.4512
323	19739.0234
324	20772.3438
325	25081.6484
326	32935.1563
327	43732.09
328	60335.2344
329	85508.0859
330	121761.594
331	178907.547
332	264138.5
333	390493.281
334	574018.25
335	851819
336	1239855.63
337	1690982.25
338	2201874
339	2643536.25
340	2983030.25
341	3183654
342	3273674.75
343	3287227
344	3235652.75
345	3153956.75
346	3050177
347	2975496.75
348	2978765.75
349	3058476.5
350	3189688.5
351	3328150.5
352	3442649.5
353	3502636
354	3518621.25
355	3503246.75
356	3458347.75
357	3408021.5
358	3361951.25
359	3323054.5
360	3322627
361	3341898.25
362	3392638
363	3447651.5
364	3490648.5
365	3505437.75
366	3510620.25
367	3503631.75
368	3504696
369	3510444.5
370	3508334
371	3506363.5
372	3505006.5
373	3501685
374	3498682
375	3488711
376	3493021.25
377	3491842.75
378	3491873
379	3495552
380	3498782.75
381	3496512
382	3490751
383	3475333.75
384	3444754.5
385	3406426.25
386	3357825
387	3309280.75
388	3245303.5
389	3194114
390	3153368.5
391	3108873.75
392	3066778.5
393	3047333.75
394	3025035
395	3000740.25
396	2982309.25
397	2949234.5
398	2917900.5
399	2876507
400	2832347.25
401	2780417.5
402	2721974.75
403	2660572.25
404	2591151.25
405	2512993.5
406	2440012.5
407	2358178.75
408	2273817.75
409	2185367.5
410	2104010.5
411	2014964.5
412	1938992.63
413	1865688.38
414	1797234.38
415	1732422.5
416	1673477.5
417	1612992.88
418	1563234.63
419	1517973
420	1471001.63
421	1424439.38
422	1380687
423	1333353.25
424	1284863.63
425	1238002.75
426	1187376.25
427	1139854.38
428	1091069.13
429	1043176.63
430	998748.063
431	948641.1
432	903976.75
433	859686.563
434	819397.5
435	783026.063
436	741176.9
437	704455.938
438	666578.6
439	631972.25
440	601932.563
441	573023.3
442	545489.25
443	516974.5
444	495925.25
445	472146.219
446	453701.938
447	430270.625
448	413081.25
449	393518.8
450	374967.219
451	358866.969
452	341116.7
453	326396.281
454	310566.375
455	293382.031
456	280740.031
457	264375.719
458	253039.625
459	239456.063
460	234631.016
461	223380.891
462	206380.531
463	193366.844
464	183762.1
465	173083.328
466	164852.75
467	154923.938
468	146385.359
469	141450.688
470	133626.344
471	125856.289
472	118693.281
473	114020.156
474	107258.266
475	101442.359
476	97093.28
477	93264.57
478	87739.72
479	84726.8
480	80554.84
481	76071.56
482	72843.41
483	69511.87
484	67100.82
485	63718.4023
486	60700.68
487	58059.1328
488	54975.05
489	52399.1875
490	49760.0039
491	47128.27
492	44749.1875
493	42258.27
494	39595.1953
495	37862.59
496	35994.59
497	34032.63
498	32684.48
499	30950.2422
500	29595.8828
501	27895.9043
502	26794.7461
503	25394.2656
504	24091.6563
505	22427.7051
506	21862.1289
507	20763.3047
508	19644.64
509	18998.0566
510	18201.9922
511	16871.15
512	16475.78
513	15605.874
514	14729.0977
515	14022.9736
516	13318.9541
517	12995.0586
518	12075.6309
519	11512.2256
520	11260.6191
521	10798.5371
522	10210.2217
523	9937.636
524	9440.60449
525	9290.303
526	9034.8
527	8685.133
528	8314.452
529	7677.34668
530	7479.01855
531	7398.88867
532	7092.40234
533	6729.85156
534	6539.573
535	6090.94531
536	6232.13867
537	5758.506
538	5394.05
539	5684.411
540	5128.73438
541	5140.748
542	4941.51953
543	4841.408
544	4540.084
545	4467.009
546	4401.94141
547	4412.953
548	4306.8457
549	4100.64453
550	3875.43384
551	3806.37134
552	3847.40845
553	3602.19214
554	3559.155
555	3422.04077
556	3430.047
557	3486.09351
558	3322.96021
559	3488.09546
560	2990.70483
561	3036.73877
562	2903.64136
563	3029.73364
564	2818.581
565	2912.648
566	2946.67261
567	2934.66382
568	2770.54761
569	2610.43945
570	2821.58325
571	2784.55737
572	2698.49829
573	2405.30835
574	2425.3208
575	2453.33838
576	2560.40674
577	2426.32153
578	2397.30347
579	2495.365
580	2176.17188
581	2258.21948
582	2336.266
583	2225.2002
584	2354.277
585	2382.29419
586	2349.274
587	2225.2002
588	2403.30713
589	2199.185
590	2177.17236
591	2145.1543
592	2157.16113
593	2110.13452
594	2097.1272
595	2189.17944
596	2103.13062
597	2169.168
598	2104.131
599	2184.17651
600	2054.10352
</Group>
<Group>
RCQCSignal
1
301	
ExCorr	T636033108025162452
X	Y
300	0.236105829
301	0.2362859
302	0.2360799
303	0.236122608
304	0.236383557
305	0.235577881
306	0.235742658
307	0.235942572
308	0.235912055
309	0.2356618
310	0.234601289
311	0.235164344
312	0.23521775
313	0.2348775
314	0.234180152
315	0.235945612
316	0.2352193
317	0.234238148
318	0.23521319
319	0.2348195
320	0.235629767
321	0.234705061
322	0.235501587
323	0.235017866
324	0.235019386
325	0.235454291
326	0.235307783
327	0.234999567
328	0.235150635
329	0.235538214
330	0.23484087
331	0.2360219
332	0.234758466
333	0.235301673
334	0.234216779
335	0.235408515
336	0.23571673
337	0.235893726
338	0.235553473
339	0.235489368
340	0.235123158
341	0.234821022
342	0.235477179
343	0.235394776
344	0.2349675
345	0.23585254
346	0.235196412
347	0.235008717
348	0.235045344
349	0.235139936
350	0.234651655
351	0.23458451
352	0.236113459
353	0.235303223
354	0.235265076
355	0.235451221
356	0.2359029
357	0.235657215
358	0.235992908
359	0.237744659
360	0.2381826
361	0.240546227
362	0.240353942
363	0.2398321
364	0.240408868
365	0.240418047
366	0.240804076
367	0.2396734
368	0.250759065
369	0.260668278
370	0.249140084
371	0.245517612
372	0.2439276
373	0.243234843
374	0.242133141
375	0.24264738
376	0.2424536
377	0.242305577
378	0.242107213
379	0.241905779
380	0.242056847
381	0.241444975
382	0.242635161
383	0.242003441
384	0.241927147
385	0.24125576
386	0.241203874
387	0.241852373
388	0.240778148
389	0.2409567
390	0.241300017
391	0.24050501
392	0.239262938
393	0.239920586
394	0.239816844
395	0.23924157
396	0.239977062
397	0.2395376
398	0.2399511
399	0.239768
400	0.239557415
401	0.239842772
402	0.239513189
403	0.2393209
404	0.238898247
405	0.23899591
406	0.239442974
407	0.239473492
408	0.2398153
409	0.23949638
410	0.239648968
411	0.238521338
412	0.239102721
413	0.2392965
414	0.239150017
415	0.239104241
416	0.239607781
417	0.238937914
418	0.238933325
419	0.2386724
420	0.2389257
421	0.238733441
422	0.238442
423	0.238310754
424	0.238011688
425	0.238332123
426	0.237796545
427	0.238763958
428	0.238005579
429	0.2379537
430	0.239041686
431	0.237749249
432	0.2386007
433	0.237650037
434	0.238203943
435	0.239342272
436	0.238857031
437	0.238297045
438	0.2382955
439	0.238174975
440	0.237578332
441	0.238293976
442	0.238141388
443	0.237198383
444	0.23772788
445	0.237245679
446	0.23824057
447	0.237384558
448	0.2384603
449	0.2375753
450	0.237656146
451	0.238004059
452	0.237640887
453	0.2375753
454	0.237555444
455	0.2379354
456	0.237408966
457	0.23761189
458	0.238052875
459	0.2372823
460	0.246619314
461	0.247875124
462	0.240653038
463	0.238814324
464	0.239442974
465	0.238353491
466	0.237639368
467	0.237294525
468	0.23723194
469	0.242868632
470	0.241045177
471	0.23987025
472	0.239598632
473	0.239395678
474	0.239236981
475	0.238141388
476	0.238817364
477	0.238452673
478	0.238525927
479	0.238918066
480	0.238515228
481	0.23849234
482	0.238010168
483	0.23860833
484	0.237900287
485	0.23798269
486	0.237788916
487	0.237373859
488	0.238628149
489	0.238437414
490	0.237277716
491	0.236955762
492	0.238156646
493	0.237746179
494	0.2372823
495	0.236588031
496	0.236833692
497	0.237956762
498	0.236404926
499	0.23685658
500	0.236880988
501	0.236986279
502	0.236383557
503	0.2353383
504	0.2355794
505	0.235904425
506	0.235937983
507	0.235112488
508	0.235199451
509	0.2348195
510	0.235822022
511	0.234441072
512	0.234317482
513	0.235332191
514	0.233978719
515	0.2343831
516	0.233728468
517	0.2324284
518	0.233594209
519	0.2319096
520	0.233221889
521	0.232315511
522	0.232494026
523	0.232835829
524	0.2322514
525	0.233537734
526	0.232918233
527	0.23295027
528	0.233261555
529	0.233148634
530	0.233301222
531	0.233313441
532	0.233531654
533	0.233925313
534	0.233997047
535	0.234055012
536	0.2341542
537	0.233624727
538	0.225990623
539	0.235204041
540	0.23446703
541	0.233804762
542	0.232465029
543	0.233809352
544	0.232477248
545	0.232788533
546	0.233215779
547	0.232815981
548	0.232738167
549	0.232989937
550	0.2327748
551	0.23232314
552	0.232614577
553	0.23282209
554	0.233739167
555	0.233284444
556	0.233258516
557	0.234010786
558	0.234181672
559	0.232880086
560	0.233504176
561	0.232854128
562	0.2328816
563	0.232632875
564	0.23320052
565	0.233441621
566	0.2332646
567	0.232922792
568	0.233115077
569	0.234114528
570	0.233986348
571	0.2335408
572	0.233845979
573	0.235916615
574	0.2377584
575	0.2369222
576	0.236783326
577	0.236024976
578	0.236734509
579	0.2362386
580	0.236449152
581	0.235960871
582	0.23634389
583	0.236438483
584	0.236082941
585	0.235602289
586	0.236432374
587	0.2369161
588	0.236137867
589	0.236176044
590	0.2365514
591	0.235910535
592	0.2358144
593	0.235857129
594	0.235782355
595	0.235500067
596	0.235477179
597	0.235616028
598	0.235994458
599	0.235587031
600	0.2355321
</Group>
</Session>
