<Session>
Acquisition 1 2016-07-05 11:55:49
<Group>
Detector1
2
301		301	
D1 313:300-600	T636033108025165197	D1 313:300-600 [COR]	T636033108025165199
X	Y	X	Y
300	1904.80933	300	1233027.25
301	1953.83447	301	1283505.25
302	2083.904	302	1341496.38
303	2088.90674	303	1379047.88
304	2086.90552	304	1321496.38
305	2109.91821	305	1342461
306	2228.98535	306	1460134.5
307	2300.02686	307	1508795
308	2267.00732	308	1464431
309	2369.06787	309	1554085.25
310	2375.07153	310	1587102
311	2595.20947	311	1638911.38
312	2667.25684	312	1742327.13
313	3454.84131	313	2222489.75
314	4516.825	314	2936095
315	6645.47656	315	4304764
316	8841.158	316	5699307
317	10969.6484	317	7130657
318	11847.7637	318	7471891.5
319	10747.1367	319	6796189.5
320	8880.232	320	5589034.5
321	6845.77246	321	4317343.5
322	5146.515	322	3364210
323	4336.64258	323	2727549.5
324	4010.32764	324	2544662.25
325	3990.309	325	2577641.5
326	4074.3877	326	2648495.25
327	4130.441	327	2626248.5
328	4654.96973	328	3028009
329	4825.15332	329	3072161.5
330	5363.77148	330	3457667
331	6067.667	331	4031465
332	7165.261	332	4777776
333	7968.58057	333	5018654
334	9915.311	334	6128617
335	12709.99	335	8198962
336	17710.8262	336	11456659
337	27752.6738	337	19051254
338	49351.3359	338	3.087285E+07
339	93015.0156	339	57568692
340	175307.25	340	114035528
341	306240.563	341	1.922216E+08
342	482271.4	342	296515072
343	664567.75	343	440607168
344	857327.8	344	583363840
345	1010374.19	345	6.613971E+08
346	1134235.88	346	757390336
347	1243835.63	347	8.408297E+08
348	1353722.75	348	9.046027E+08
349	1482225.63	349	954170752
350	1665544.5	350	1.075155E+09
351	1853283.25	351	1.22959872E+09
352	2030852.38	352	1.30284019E+09
353	2213185.5	353	1.49719475E+09
354	2366943.25	354	1.61529613E+09
355	2525410.75	355	1.634757E+09
356	2649176.75	356	1.77664486E+09
357	2746967.75	357	1.69789069E+09
358	2799312.25	358	1.82219622E+09
359	2835459	359	1.85350272E+09
360	2838702.75	360	1.88878042E+09
361	2771883	361	1.81960986E+09
362	2732517.5	362	1.80779149E+09
363	2633634	363	1.663177E+09
364	2514983.5	364	1.60347648E+09
365	2417342	365	1.51425843E+09
366	2340835	366	1.55196915E+09
367	2279057	367	1.47734054E+09
368	2270412.75	368	1.43477133E+09
369	2274794.5	369	1.46134912E+09
370	2300630.75	370	1.54400781E+09
371	2348816.5	371	1.48029824E+09
372	2382115.5	372	1.48122842E+09
373	2409668.25	373	1.55227827E+09
374	2428475.75	374	1.53674458E+09
375	2433314	375	1.56642624E+09
376	2430306.25	376	1.5410455E+09
377	2421466.5	377	1.60542771E+09
378	2399549	378	1.53302925E+09
379	2368730.75	379	1.51126566E+09
380	2311875.75	380	1.50595507E+09
381	2253955	381	1.4954327E+09
382	2200724.75	382	1.40215462E+09
383	2126403.25	383	1.33831411E+09
384	2054429.5	384	1.330805E+09
385	1966378.25	385	1.25370253E+09
386	1881378.88	386	1.1962327E+09
387	1805884.13	387	1.21372173E+09
388	1737665.63	388	1.11629248E+09
389	1680379.5	389	1.05049382E+09
390	1623173.5	390	1.02436218E+09
391	1589454.5	391	1.02461562E+09
392	1568823.38	392	9.900626E+08
393	1546190.38	393	9.633704E+08
394	1527501	394	9.311591E+08
395	1512818.38	395	9.725195E+08
396	1485000.25	396	9.707253E+08
397	1470224.38	397	946445056
398	1431483.13	398	939038848
399	1398852.25	399	9.347597E+08
400	1373529.5	400	859242560
401	1336456.38	401	8.879652E+08
402	1286808.88	402	852544832
403	1242421.13	403	7.544112E+08
404	1206778.88	404	792193152
405	1153507.75	405	7.225742E+08
406	1107625.88	406	705705152
407	1057483.25	407	6.784007E+08
408	1011063.44	408	6.499649E+08
409	963014.8	409	580587136
410	910730.75	410	581052160
411	873341.438	411	551901952
412	834268.7	412	5.480445E+08
413	798411.4	413	5.038663E+08
414	761884.5	414	5.062095E+08
415	729030.25	415	476223072
416	702749.438	416	443796160
417	680632.563	417	4.393671E+08
418	652248.4	418	418432864
419	628975	419	3.950626E+08
420	607746	420	3.928617E+08
421	586784.438	421	372839040
422	562672.5	422	353179232
423	544173	423	367592544
424	524350.9	424	3.354588E+08
425	504426.656	425	3.227121E+08
426	478821.9	426	313439744
427	457889.75	427	299316576
428	435772.3	428	276321120
429	415946.25	429	267577040
430	395295.7	430	2.491278E+08
431	377870.063	431	240588816
432	357205.031	432	234819376
433	337751.7	433	224408176
434	320321.469	434	2.032527E+08
435	304470.469	435	199168208
436	289474.938	436	183304928
437	270901.469	437	1.710781E+08
438	257928.656	438	165695760
439	244533.578	439	159289088
440	232439.781	440	1.508833E+08
441	220735.766	441	142096864
442	208817.172	442	136023440
443	199555.4	443	134410864
444	191740.547	444	123773816
445	181266.75	445	116608392
446	172562.047	446	109570040
447	164745.813	447	106200672
448	156070.828	448	104516792
449	150060.875	449	9.646705E+07
450	143172.969	450	9.178563E+07
451	134385.3	451	8.821758E+07
452	129551.781	452	8.203639E+07
453	122112.969	453	7.769586E+07
454	117637.375	454	7.204155E+07
455	111232.641	455	7.338119E+07
456	105938.227	456	6.800875E+07
457	100368.8	457	64388972
458	95798.43	458	6.15418E+07
459	90382.84	459	58793092
460	86172.625	460	5.475353E+07
461	80148.49	461	5.22087E+07
462	77857.28	462	49844256
463	72772.61	463	44303892
464	68911.8047	464	4.305148E+07
465	65751.12	465	4.177783E+07
466	61631.4453	466	3.865887E+07
467	58093.89	467	37579384
468	55283.85	468	3.503135E+07
469	52217.67	469	32105008
470	49555.37	470	31812868
471	47088.3242	471	29656474
472	44001.94	472	28703022
473	42757.0273	473	27020002
474	40217.72	474	25415304
475	38059.6133	475	23729326
476	36135.1367	476	22484282
477	34940.5234	477	21857838
478	32721.2734	478	20776708
479	31869.68	479	20515848
480	29853.01	480	19877434
481	28828.8848	481	1.835527E+07
482	27497.2344	482	16534832
483	25772.85	483	17359344
484	25024.9629	484	1.583585E+07
485	23999.8164	485	15568113
486	22526.79	486	14602416
487	21727.1543	487	13767702
488	20225.6738	488	12860043
489	18994.6973	489	12278631
490	18418.47	490	11631524
491	17991.8652	491	11018283
492	16361.0605	492	10503246
493	15897.5078	493	10480306
494	15247.4023	494	9734612
495	14412.8223	495	8950111
496	13530.2461	496	8291425
497	12705.9785	497	7776070
498	11855.7832	498	7871574.5
499	11974.08	499	7692260
500	10813.2871	500	6796468.5
501	10240.0078	501	6414491
502	9946.377	502	6438520.5
503	9359.168	503	6008268.5
504	9069.598	504	5639586
505	8543.604	505	5648301
506	8094.79932	506	5033445
507	7736.185	507	4983554
508	7568.90771	508	5000365
509	7036.061	509	4461532.5
510	6806.714	510	4281111
511	6275.951	511	3949953.75
512	6584.3877	512	4152499.25
513	5779.28857	513	3702448
514	5468.899	514	3607882.5
515	5573.02734	515	3543485
516	5115.47949	516	3355704.25
517	5006.355	517	3238477
518	4639.954	518	2910452.5
519	4530.84	519	2878866.25
520	4289.5957	520	2714465.25
521	4190.499	521	2693874
522	3902.228	522	2659136.5
523	3718.064	523	2468585.75
524	3558.92773	524	2313428
525	3455.8418	525	2254289.25
526	3358.76318	526	2189429.75
527	3182.62524	527	2047373.88
528	3078.54639	528	2012405.75
529	2832.36914	529	1762378.5
530	2969.46631	530	1961764.63
531	2674.26147	531	1788314
532	2594.209	532	1661956
533	2514.15771	533	1675233.63
534	2406.09033	534	1558601.63
535	2515.1582	535	1580850.75
536	2350.0564	536	1549256
537	2332.04565	537	1498127.75
538	2093.90942	538	1325931.38
539	2087.90625	539	1336678.25
540	2031.87573	540	1372545.75
541	1914.81445	541	1225864.75
542	2027.87354	542	1312689.63
543	1792.75317	543	1148510.75
544	1818.76611	544	1188069.13
545	1865.78955	545	1194479
546	1778.74634	546	1176791.25
547	1714.71582	547	1073401
548	1530.63208	548	1009057.06
549	1688.70361	549	1100021
550	1569.64917	550	1043647.75
551	1409.58081	551	929254.938
552	1410.5813	552	922078.6
553	1430.5896	553	902213.3
554	1460.602	554	929325.75
555	1476.60889	555	887924.938
556	1311.54138	556	832776.6
557	1415.58325	557	922756.4
558	1258.52087	558	823835.438
559	1324.54651	559	820331.25
560	1352.55762	560	852424.438
561	1217.50537	561	807778.9
562	1223.50769	562	798669.3
563	1188.49463	563	789093.75
564	1209.50244	564	788421.4
565	1238.51331	565	807897.9
566	1182.49243	566	757032
567	1072.45337	567	700065.563
568	1117.469	568	737727.2
569	1201.49939	569	775601
570	997.4281	570	675239.3
571	1030.43909	571	662420.6
572	1016.43433	572	646718.7
573	1088.45886	573	689247.5
574	1117.469	574	719361.6
575	1033.44006	575	678404.438
576	978.4219	576	623811.8
577	1037.44141	577	688802.9
578	974.420532	578	613695.2
579	987.4248	579	640519.1
580	1110.46655	580	712390.75
581	945.411255	581	654786.75
582	973.420166	582	622327.9
583	929.4061	583	608823.2
584	842.3794	584	543402.2
585	888.3933	585	580323.5
586	1004.43042	586	661694
587	844.38	587	535417.3
588	914.401367	588	583394
589	941.4099	589	605188
590	921.403564	590	623772.2
591	979.4221	591	624877.7
592	854.382935	592	533761.25
593	855.3833	593	562709
594	897.3961	594	588268.3
595	823.3738	595	531510.5
596	875.3894	596	550951.938
597	787.3633	597	512529.625
598	829.3755	598	530601.438
599	845.380249	599	553391.063
600	879.3906	600	550863.2
</Group>
<Group>
RCQCSignal
1
301	
ExCorr	T636033108025165198
X	Y
300	0.00219436921
301	0.0021623252
302	0.002206577
303	0.00215164479
304	0.00224319845
305	0.002232517
306	0.002168429
307	0.00216537714
308	0.00219894759
309	0.00216537714
310	0.00212570373
311	0.00224930234
312	0.002174533
313	0.00220810249
314	0.00218521431
315	0.00219284371
316	0.002203525
317	0.00218521431
318	0.00225235429
319	0.0022462504
320	0.00225693174
321	0.00225235429
322	0.00217300653
323	0.00225845724
324	0.002238621
325	0.00219894759
326	0.00218521431
327	0.00223404262
328	0.00218368787
329	0.00223099161
330	0.002203525
331	0.00213791151
332	0.002130282
333	0.0022554053
334	0.00229813065
335	0.00220199954
336	0.00219589565
337	0.002069246
338	0.002270665
339	0.00229507871
340	0.00218368787
341	0.00226303563
342	0.00231033843
343	0.002142489
344	0.00208755676
345	0.00216995552
346	0.00212723017
347	0.002101289
348	0.00212570373
349	0.002206577
350	0.002200473
351	0.00214096345
352	0.00221420638
353	0.0020997636
354	0.00208145287
355	0.00219436921
356	0.00211807434
357	0.00229813065
358	0.00218216237
359	0.00217300653
360	0.00213485956
361	0.00216385163
362	0.00214706641
363	0.00224930234
364	0.00222793967
365	0.002267613
366	0.002142489
367	0.0021913182
368	0.002247776
369	0.00221115444
370	0.00211654883
371	0.00225387979
372	0.00228439737
373	0.00220505055
374	0.002244724
375	0.002206577
376	0.00224014651
377	0.002142489
378	0.00222336128
379	0.00222641323
380	0.00218063686
381	0.00214096345
382	0.00222946517
383	0.00225693174
384	0.00219284371
385	0.00222793967
386	0.00223404262
387	0.002113497
388	0.00221115444
389	0.00227219053
390	0.00225082785
391	0.002203525
392	0.00225082785
393	0.00227982
394	0.00233017467
395	0.002209629
396	0.00217300653
397	0.002206577
398	0.00216537714
399	0.00212570373
400	0.002270665
401	0.00213791151
402	0.00214401446
403	0.0023393305
404	0.00216385163
405	0.002267613
406	0.00222946517
407	0.00221420638
408	0.002209629
409	0.0023561148
410	0.00222641323
411	0.002247776
412	0.0021623252
413	0.00225082785
414	0.00213791151
415	0.002174533
416	0.00224930234
417	0.002200473
418	0.00221420638
419	0.00226150919
420	0.00219742116
421	0.002235569
422	0.00226303563
423	0.00210281555
424	0.00222031027
425	0.00222031027
426	0.00216995552
427	0.00217300653
428	0.00224014651
429	0.00220810249
430	0.00225387979
431	0.00223099161
432	0.00216079969
433	0.00213791151
434	0.002238621
435	0.002171481
436	0.00224319845
437	0.00224930234
438	0.00221115444
439	0.00218063686
440	0.00218826625
441	0.002206577
442	0.00218063686
443	0.00210891943
444	0.002200473
445	0.00220810249
446	0.00223709457
447	0.002203525
448	0.00212112628
449	0.002209629
450	0.002215732
451	0.00216385163
452	0.00224319845
453	0.002232517
454	0.00231949333
455	0.0021531703
456	0.00221268088
457	0.00221420638
458	0.00221115444
459	0.00218368787
460	0.002235569
461	0.00218063686
462	0.00221878383
463	0.00233322661
464	0.002273717
465	0.002235569
466	0.00226456113
467	0.00219589565
468	0.002241673
469	0.00231033843
470	0.00221268088
471	0.0022554053
472	0.002177585
473	0.002247776
474	0.002247776
475	0.00227829441
476	0.00228287186
477	0.002270665
478	0.00223709457
479	0.002206577
480	0.00213333312
481	0.00223099161
482	0.00236221869
483	0.00210891943
484	0.002244724
485	0.00218979176
486	0.0021913182
487	0.002241673
488	0.00223404262
489	0.00219742116
490	0.00224930234
491	0.00231949333
492	0.00221268088
493	0.0021546958
494	0.00222488772
495	0.00228744932
496	0.00231796782
497	0.00232101977
498	0.002139437
499	0.00221115444
500	0.00225998368
501	0.002267613
502	0.00219436921
503	0.00221268088
504	0.00228439737
505	0.00214859284
506	0.00228439737
507	0.00220505055
508	0.00215011835
509	0.00224014651
510	0.00225845724
511	0.00225693174
512	0.00225235429
513	0.00221725833
514	0.0021531703
515	0.00223404262
516	0.00216537714
517	0.00219589565
518	0.00226456113
519	0.002235569
520	0.002244724
521	0.002209629
522	0.00208450481
523	0.002139437
524	0.00218521431
525	0.002177585
526	0.00217911042
527	0.00220810249
528	0.00217300653
529	0.00228287186
530	0.00215011835
531	0.00212417822
532	0.00221725833
533	0.00213180762
534	0.00219284371
535	0.00225998368
536	0.0021546958
537	0.00221115444
538	0.00224319845
539	0.00221878383
540	0.00210281555
541	0.00221878383
542	0.00219436921
543	0.00221725833
544	0.002174533
545	0.00221878383
546	0.00214706641
547	0.00226913858
548	0.0021546958
549	0.00218063686
550	0.002136385
551	0.0021546958
552	0.00217300653
553	0.00225235429
554	0.002232517
555	0.00236221869
556	0.00223709457
557	0.00217911042
558	0.00216995552
559	0.0022935532
560	0.00225387979
561	0.00214096345
562	0.00217605848
563	0.002139437
564	0.00217911042
565	0.002177585
566	0.00221878383
567	0.00217605848
568	0.00215164479
569	0.002200473
570	0.002098238
571	0.002209629
572	0.002232517
573	0.00224319845
574	0.002206577
575	0.00216385163
576	0.00222793967
577	0.002139437
578	0.0022554053
579	0.00218979176
580	0.00221420638
581	0.00205093436
582	0.00222183578
583	0.002168429
584	0.00220199954
585	0.002174533
586	0.00215622224
587	0.00224014651
588	0.00222641323
589	0.002209629
590	0.002098238
591	0.00222641323
592	0.002273717
593	0.00215927418
594	0.00216690358
595	0.002200473
596	0.00225693174
597	0.00218216237
598	0.00222031027
599	0.00216995552
600	0.002267613
</Group>
</Session>
