<Session>
Acquisition 1 2016-07-05 11:47:05
<Group>
Detector1
2
301		301	
D1 313:300-600	T636033108025164168	D1 313:300-600 [COR]	T636033108025164170
X	Y	X	Y
300	64.00775	300	2613.48779
301	83.01068	301	3433.81738
302	147.02124	302	6144.47461
303	120.016724	303	4862.845
304	82.01056	304	3209.42139
305	110.015076	305	4259.446
306	119.016541	306	4524.93457
307	150.02179	307	5521.879
308	141.020264	308	5026.7627
309	295.048828	309	10474.665
310	583.115051	310	20376.4336
311	1243.32935	311	41827.5
312	1831.59375	312	58792.6875
313	2345.88135	313	72946.87
314	2678.09546	314	80662.96
315	2465.9563	315	70834.5547
316	2001.68286	316	54841.4922
317	1326.36255	317	34576.3555
318	832.1856	318	20567.5234
319	434.078674	319	10240.4717
320	260.041931	320	5828.31348
321	121.016907	321	2584.42773
322	92.012146	322	1894.18152
323	87.01135	323	1724.8009
324	58.0067749	324	1109.8042
325	80.0102539	325	1483.54248
326	94.01245	326	1691.39746
327	86.01117	327	1469.74023
328	98.01312	328	1584.415
329	71.00879	329	1113.34155
330	41.00421	330	624.0961
331	179.026855	331	2658.1123
332	81.010376	332	1167.009
333	199.030457	333	2794.065
334	132.018738	334	1809.635
335	126.0177	335	1671.46619
336	181.027222	336	2329.96045
337	141.020264	337	1786.6427
338	220.0343	338	2755.553
339	125.017517	339	1529.10376
340	228.035828	340	2708.45386
341	274.044678	341	3218.564
342	308.051453	342	3582.01685
343	284.046631	343	3227.995
344	337.057434	344	3777.01025
345	391.069031	345	4305.17041
346	378.066223	346	4154.564
347	515.097961	347	5515.147
348	401.071228	348	4232.153
349	467.086365	349	4826.571
350	643.1309	350	6526.647
351	622.1253	351	6088.495
352	786.1717	352	7582.54443
353	755.162537	353	7256.51855
354	799.1756	354	7611.29443
355	865.196	355	8181.6123
356	1042.25488	356	9766.93
357	839.1878	357	7425.108
358	917.2126	358	8118.41
359	862.195	359	7489.87158
360	837.1872	360	7157.34863
361	845.189636	361	7236.13428
362	767.165955	362	6620.01
363	774.168	363	6645.49365
364	734.1563	364	6267.13525
365	692.1445	365	5828.20166
366	692.1445	366	5762.98975
367	712.1501	367	5953.724
368	847.190247	368	7085.371
369	786.1717	369	6481.966
370	740.158142	370	6056.69873
371	754.1622	371	6149.264
372	787.171936	372	6419.46338
373	868.196838	373	7060.556
374	857.1934	374	6877.076
375	732.1558	375	5911.53369
376	601.1197	376	4809.02246
377	731.155457	377	5877.26563
378	743.159	378	5885.74854
379	751.1613	379	5917.92725
380	738.157532	380	5739.68457
381	577.113464	381	4443.182
382	614.1231	382	4697.77246
383	634.1285	383	4859.55029
384	613.122864	384	4679.32227
385	561.109436	385	4246.252
386	543.1048	386	4080.571
387	472.0876	387	3504.50781
388	577.113464	388	4238.92773
389	514.0977	389	3749.93042
390	577.113464	390	4165.00244
391	440.080139	391	3158.775
392	636.128967	392	4543.47559
393	483.090149	393	3447.676
394	566.110657	394	4031.44727
395	479.089172	395	3368.61938
396	604.120544	396	4207.581
397	473.08783	397	3278.841
398	360.062317	398	2474.24048
399	451.082581	399	3078.61035
400	405.0722	400	2745.55835
401	451.082581	401	3030.74146
402	454.0833	402	3033.247
403	424.076477	403	2816.41
404	379.066467	404	2511.371
405	350.060242	405	2308.92383
406	439.0799	406	2835.057
407	295.048828	407	1912.9729
408	360.062317	408	2329.0022
409	269.0437	409	1728.42053
410	258.0415	410	1656.012
411	274.044678	411	1763.08289
412	254.040771	412	1633.806
413	255.040955	413	1620.76978
414	239.0379	414	1523.33228
415	277.045227	415	1750.56274
416	288.047424	416	1808.53979
417	226.035461	417	1418.34509
418	219.034119	418	1376.69336
419	224.035034	419	1393.28015
420	230.0362	420	1430.27844
421	213.03302	421	1322.61438
422	178.026672	422	1109.29126
423	209.032288	423	1296.15759
424	173.025818	424	1067.51978
425	190.028809	425	1172.123
426	145.020935	426	892.8901
427	107.014587	427	660.5524
428	155.022644	428	958.2904
429	100.013428	429	616.578247
430	79.01007	430	487.6322
431	208.0321	431	1284.9176
432	111.0152	432	690.3211
433	128.018066	433	793.915344
434	183.027588	434	1143.72668
435	178.026672	435	1110.242
436	167.024719	436	1041.77332
437	127.017883	437	797.5812
438	70.00867	438	442.3228
439	131.018555	439	833.769836
440	47.005127	440	292.3411
441	121.016907	441	753.5409
442	127.017883	442	773.428955
443	89.01166	443	536.272
444	60.00714	444	372.661926
445	103.013916	445	642.5258
446	75.00946	446	471.518219
447	163.024048	447	1032.078
448	72.00897	448	461.379181
449	140.020081	449	902.645935
450	73.0091553	450	471.1696
451	96.01276	451	620.9992
452	124.017395	452	810.520752
453	107.014587	453	702.1693
454	82.01056	454	540.8301
455	45.00482	455	255.082489
456	177.026489	456	1083.46655
457	21.0012817	457	132.880692
458	110.015076	458	705.553833
459	17.0006714	459	109.930359
460	79.01007	460	511.5524
461	51.0057373	461	331.234833
462	45.00482	462	296.605774
463	37.0036	463	245.494186
464	43.0045166	464	287.4298
465	36.00348	465	243.814957
466	-28.0056763	466	-190.590851
467	-13.0036011	467	-88.66521
468	37.0036	468	243.5514
469	-31.0061035	469	-189.879288
470	47.005127	470	290.096252
471	61.0072632	471	376.209259
472	103.013916	472	640.4569
473	86.01117	473	539.3507
474	50.0055542	474	316.407
475	40.00409	475	255.771317
476	58.0067749	476	375.0086
477	-33.0063477	477	-213.915009
478	15.0003662	478	98.7697449
479	-34.00647	479	-226.421692
480	27.0021362	480	181.711166
481	-52.00891	481	-354.434265
482	74.00928	482	510.728119
483	17.0006714	483	118.2547
484	3.9987793	484	28.0607586
485	-19.0044556	485	-134.602371
486	64.00775	486	457.592621
487	87.01135	487	634.684
488	-4.00231934	488	-29.564146
489	33.00305	489	244.475266
490	16.00055	490	119.9339
491	45.00482	491	335.908325
492	0.998352051	492	7.10134
493	-41.0074463	493	-302.2753
494	7.99938965	494	59.8518448
495	27.0021362	495	204.63446
496	11.999939	496	92.78926
497	61.0072632	497	475.828278
498	-74.01172	498	-577.4357
499	3.9987793	499	31.5322819
500	86.01117	500	681.042664
501	14.0002441	501	111.871323
502	5.99908447	502	47.9206467
503	-79.01239	503	-639.754
504	-12.003479	504	-97.70563
505	-32.0062256	505	-263.0644
506	-40.0072632	506	-332.095978
507	-45.0079346	507	-374.747528
508	24.001709	508	201.87207
509	-22.0048218	509	-185.87944
510	-0.00177001953	510	-0.0150289284
511	-75.01184	511	-640.472656
512	-1.00189209	512	-8.571725
513	-11.0032959	513	-95.59666
514	29.0024414	514	255.4235
515	34.0031738	515	300.453857
516	27.0021362	516	241.259628
517	10.9998169	517	98.3948746
518	41.00421	518	370.723969
519	65.00787	519	596.211
520	5.99908447	520	54.9922562
521	-28.0056763	521	-263.796021
522	24.001709	522	223.197113
523	-12.003479	523	-102.832054
524	-61.01007	524	-560.8069
525	-27.0055542	525	-249.268234
526	40.00409	526	374.144684
527	-13.0036011	527	-123.314049
528	-19.0044556	528	-181.720886
529	-22.0048218	529	-212.336761
530	80.0102539	530	779.637756
531	-3.00219727	531	-29.74896
532	3.9987793	532	39.6377678
533	-35.00659	533	-349.151855
534	29.0024414	534	289.7933
535	48.00525	535	487.340027
536	-42.00757	536	-429.686035
537	-14.0037231	537	-144.513809
538	33.00305	538	342.0696
539	42.0043945	539	436.714722
540	82.01056	540	858.449341
541	45.00482	541	473.950684
542	32.00287	542	341.747681
543	45.00482	543	464.36377
544	-32.0062256	544	-329.59082
545	40.00409	545	424.387726
546	35.0032959	546	377.211884
547	53.0060425	547	576.728149
548	116.016052	548	1272.51538
549	58.0067749	549	637.2284
550	26.0020142	550	290.6213
551	15.0003662	551	169.4465
552	73.0091553	552	820.554932
553	45.00482	553	511.9645
554	79.01007	554	903.8102
555	11.999939	555	139.128891
556	-32.0062256	556	-374.1046
557	13.0001221	557	152.536713
558	48.00525	558	565.770447
559	35.0032959	559	417.600647
560	-33.0063477	560	-393.407532
561	-61.01007	561	-740.0247
562	-20.0045776	562	-244.409119
563	-62.0101929	563	-763.6369
564	-14.0037231	564	-172.7655
565	-22.0048218	565	-275.716339
566	-89.01361	566	-1121.248
567	41.00421	567	520.8095
568	-64.01044	568	-825.714661
569	-7.00274658	569	-90.9849548
570	-73.0116	570	-952.9865
571	73.0091553	571	965.8349
572	-41.0074463	572	-503.346924
573	-31.0061035	573	-385.698975
574	-19.0044556	574	-240.48053
575	-44.0078125	575	-575.2833
576	41.00421	576	537.256348
577	-17.00415	577	-227.849228
578	-43.00769	578	-579.920349
579	-38.00702	579	-517.569946
580	-85.01312	580	-1157.0343
581	-54.0091553	581	-746.567
582	34.0031738	582	471.666565
583	6.99920654	583	97.938736
584	3.9987793	584	56.4243736
585	-61.01007	585	-867.37
586	-24.005127	586	-346.87265
587	51.0057373	587	739.904358
588	-25.005249	588	-364.8862
589	61.0072632	589	894.352661
590	18.0007935	590	267.015472
591	-15.0039063	591	-223.907425
592	43.0045166	592	651.1347
593	-10.0031738	593	-152.633362
594	-13.0036011	594	-200.100937
595	-1.00189209	595	-15.5168915
596	-24.005127	596	-374.632263
597	25.0018311	597	394.226959
598	-71.01135	598	-1127.8562
599	-75.01184	599	-1200.60266
600	-14.0037231	600	-224.9263
</Group>
<Group>
RCQCSignal
1
301	
ExCorr	T636033108025164169
X	Y
300	0.2376673
301	0.236741081
302	0.236448124
303	0.236692265
304	0.237610862
305	0.236081883
306	0.23624821
307	0.236837223
308	0.23712866
309	0.2360117
310	0.237662718
311	0.23624365
312	0.236463383
313	0.236989811
314	0.2373362
315	0.2372538
316	0.236580864
317	0.23662664
318	0.236910477
319	0.236480162
320	0.236580864
321	0.237786338
322	0.235779777
323	0.236043736
324	0.235425755
325	0.236113951
326	0.2363245
327	0.236507639
328	0.236989811
329	0.236950144
330	0.236475572
331	0.236127689
332	0.236893669
333	0.236812815
334	0.236100212
335	0.236338243
336	0.235660747
337	0.236600712
338	0.2365229
339	0.235901847
340	0.236471012
341	0.2363001
342	0.235801145
343	0.236426756
344	0.234856591
345	0.236707523
346	0.234774187
347	0.236268058
348	0.234977141
349	0.235711113
350	0.235692784
351	0.240162149
352	0.23938854
353	0.237429276
354	0.236681566
355	0.2359827
356	0.235721782
357	0.2466564
358	0.243569508
359	0.242180929
360	0.239992782
361	0.2397059
362	0.237884
363	0.237490311
364	0.237159178
365	0.237217173
366	0.236655638
367	0.23549594
368	0.235207543
369	0.235358611
370	0.2338907
371	0.234145537
372	0.233524486
373	0.232546374
374	0.2340738
375	0.2322122
376	0.23398532
377	0.23134397
378	0.233251348
379	0.232032165
380	0.232615039
381	0.233216241
382	0.232994989
383	0.232389227
384	0.233158275
385	0.233864769
386	0.234266087
387	0.234101281
388	0.233562633
389	0.2328714
390	0.233019426
391	0.2330255
392	0.232904956
393	0.232274786
394	0.231960431
395	0.2324533
396	0.232172534
397	0.23197113
398	0.232608959
399	0.23260437
400	0.232607409
401	0.232746288
402	0.232181683
403	0.232282415
404	0.23159422
405	0.2321359
406	0.236632749
407	0.234577373
408	0.2340494
409	0.234124169
410	0.232837841
411	0.2318872
412	0.23159574
413	0.23335664
414	0.231685773
415	0.2318811
416	0.231562182
417	0.2316934
418	0.231302783
419	0.232161865
420	0.230608478
421	0.231197491
422	0.23061
423	0.231147125
424	0.23171781
425	0.231180713
426	0.231002167
427	0.2306268
428	0.230495557
429	0.230764136
430	0.2301553
431	0.230552033
432	0.22957544
433	0.230564222
434	0.229186341
435	0.229497626
436	0.229316041
437	0.228739247
438	0.228286073
439	0.227016523
440	0.232663885
441	0.23347567
442	0.2398646
443	0.242858425
444	0.236019328
445	0.235726371
446	0.23461704
447	0.234128729
448	0.232491449
449	0.231101349
450	0.230877057
451	0.231391266
452	0.230010346
453	0.229998127
454	0.2297311
455	0.267964125
456	0.248774365
457	0.241546139
458	0.239202365
459	0.237624571
460	0.237702414
461	0.238952115
462	0.237391129
463	0.2365763
464	0.2355753
465	0.233805254
466	0.233950213
467	0.233782366
468	0.24248
469	0.262318254
470	0.26198715
471	0.263854861
472	0.2633528
473	0.262275517
474	0.261083782
475	0.259654045
476	0.258050323
477	0.259246647
478	0.2569822
479	0.25531286
480	0.253770173
481	0.2522946
482	0.2508328
483	0.249558672
484	0.24807702
485	0.246863917
486	0.245638624
487	0.242155
488	0.240513131
489	0.241617873
490	0.240545169
491	0.243215486
492	0.256936431
493	0.249363348
494	0.2470745
495	0.245481446
496	0.242110744
497	0.241198257
498	0.24229233
499	0.240691647
500	0.240662649
501	0.2401881
502	0.241981044
503	0.240055338
504	0.240111813
505	0.238996372
506	0.237835154
507	0.238624051
508	0.2377253
509	0.238033518
510	0.23813881
511	0.238189176
512	0.2390803
513	0.237285838
514	0.2359064
515	0.236463383
516	0.235167876
517	0.236567125
518	0.235708043
519	0.233880028
520	0.235517308
521	0.230733618
522	0.235267058
523	0.2570997
524	0.241216555
525	0.24204056
526	0.2406718
527	0.238904819
528	0.238462314
529	0.237967923
530	0.237308726
531	0.23473759
532	0.236033067
533	0.236039177
534	0.237067625
535	0.23460941
536	0.23410739
537	0.233683184
538	0.2342966
539	0.234884068
540	0.234600261
541	0.234922215
542	0.2333902
543	0.242954567
544	0.244846687
545	0.238912448
546	0.236413017
547	0.236039177
548	0.236014768
549	0.2370951
550	0.234453753
551	0.2332315
552	0.235676
553	0.235071763
554	0.235984251
555	0.234446123
556	0.2341562
557	0.234885588
558	0.235466972
559	0.234295055
560	0.236200914
561	0.234024987
562	0.234244719
563	0.234475121
564	0.23612158
565	0.234494969
566	0.235250279
567	0.235581413
568	0.234200463
569	0.234264538
570	0.234925255
571	0.2342859
572	0.2551908
573	0.25291872
574	0.249725
575	0.243490145
576	0.2446834
577	0.241167739
578	0.241555318
579	0.2405818
580	0.2421153
581	0.240168259
582	0.241108224
583	0.240925118
584	0.240813717
585	0.240508541
586	0.238102183
587	0.238756791
588	0.238918558
589	0.238994852
590	0.237356022
591	0.237853482
592	0.2363291
593	0.23624976
594	0.235984251
595	0.235973552
596	0.235671416
597	0.235097691
598	0.235225871
599	0.235436454
600	0.236617491
</Group>
</Session>
