<Session>
Acquisition 1 2016-08-31 13:49:38
<Group>
Detector1
2
701		701	
D1 320:300-650	T636070406482224161	D1 320:300-650 [COR]	T636070406482224163
X	Y	X	Y
300	67.70819	300	900.8353
300.5	11.2000122	300.5	148.948532
301	59.20691	301	787.8353
301.5	62.70746	301.5	834.2644
302	39.20398	302	521.647156
302.5	67.70819	302.5	899.743958
303	35.70349	303	474.301453
303.5	98.71295	303.5	1312.06836
304	80.710144	304	1073.54712
304.5	62.2073364	304.5	827.2494
305	58.2067871	305	774.591431
305.5	79.2099	305.5	1058.38269
306	75.20929	306	1001.60828
306.5	66.70801	306.5	887.334351
307	65.7078857	307	873.5506
307.5	108.214417	307.5	1437.87256
308	16.7007446	308	221.945435
308.5	51.20575	308.5	680.732056
309	45.704895	309	607.8825
309.5	89.71155	309.5	1189.96082
310	70.70862	310	937.7172
310.5	45.204834	310.5	600.5352
311	112.215088	311	1490.45837
311.5	66.20795	311.5	878.597961
312	73.2089844	312	972.761047
312.5	92.2119141	312.5	1222.63989
313	87.71124	313	1168.39526
313.5	69.7084961	313.5	927.343933
314	61.7072754	314	819.8832
314.5	72.20886	314.5	958.116638
315	-11.8031616	315	-156.69722
315.5	71.20868	315.5	944.9236
316	32.20294	316	427.309937
316.5	67.20813	316.5	892.7496
317	26.7021484	317	354.2146
317.5	79.2099	317.5	1052.14954
318	196.229187	318	2607.131
318.5	377.764465	318.5	5019.868
319	647.329041	319	8615.876
319.5	996.434143	319.5	13264.2256
320	1257.02856	320	16721.834
320.5	1293.543	320.5	17226.127
321	1349.56543	321	17967.0313
321.5	953.9201	321.5	12704.2275
322	715.3476	322	9529.312
322.5	394.268	322.5	5252.8877
323	225.234375	323	3006.09058
323.5	56.2064819	323.5	750.199463
324	101.213318	324	1351.385
324.5	97.21271	324.5	1294.49487
325	53.7061157	325	715.431641
325.5	62.70746	325.5	835.6936
326	122.716736	326	1634.72559
326.5	74.20917	326.5	988.311462
327	102.2135	327	1358.99561
327.5	29.2025146	327.5	389.354156
328	70.70862	328	943.199463
328.5	85.71094	328.5	1142.75793
329	40.7041626	329	542.5692
329.5	36.7036133	329.5	489.055359
330	57.706665	330	768.7122
330.5	104.213806	330.5	1389.80774
331	14.2004395	331	189.494675
331.5	7.699524	331.5	102.774124
332	40.2041	332	536.1869
332.5	41.7043457	332.5	555.569946
333	22.7016	333	302.4315
333.5	57.206604	333.5	762.2694
334	19.7011719	334	262.876129
334.5	51.70581	334.5	692.210266
335	46.2050171	335	619.075439
335.5	52.20587	335.5	699.1858
336	59.70697	336	800.023
336.5	17.2008057	336.5	230.870438
337	55.2063	337	742.0374
337.5	55.2063	337.5	742.269043
338	83.21051	338	1116.0177
338.5	74.70923	338.5	1001.61829
339	66.20795	339	887.0432
339.5	44.7047729	339.5	599.415649
340	43.20453	340	577.729553
340.5	16.7007446	340.5	223.394531
341	22.7016	341	303.82962
341.5	91.71185	341.5	1227.12048
342	62.70746	342	840.8971
342.5	30.2026978	342.5	404.056122
343	96.71265	343	1293.77722
343.5	81.71033	343.5	1090.39856
344	78.70984	344	1050.19922
344.5	37.2036743	344.5	496.11142
345	83.71063	345	1116.30762
345.5	43.20453	345.5	575.7547
346	99.71307	346	1331.213
346.5	84.7107544	346.5	1125.04846
347	127.217468	347	1686.38684
347.5	113.715332	347.5	1508.42236
348	91.71185	348	1219.9939
348.5	36.7036133	348.5	487.3529
349	138.2193	349	1832.22644
349.5	79.71002	349.5	1056.78174
350	162.223328	350	2151.50415
350.5	74.20917	350.5	983.8745
351	164.223633	351	2177.26514
351.5	145.220459	351.5	1928.01453
352	78.70984	352	1045.232
352.5	145.72052	352.5	1934.78455
353	112.215088	353	1489.372
353.5	213.232178	353.5	2826.99536
354	194.728882	354	2583.27222
354.5	135.718872	354.5	1802.05676
355	173.225159	355	2300.83862
355.5	176.225708	355.5	2340.71045
356	139.219482	356	1848.42615
356.5	207.7312	356.5	2760.61353
357	222.233826	357	2952.34424
357.5	161.223145	357.5	2140.31274
358	265.741882	358	3530.6875
358.5	212.232	358.5	2819.70459
359	208.231323	359	2770.90869
359.5	180.226379	359.5	2395.23633
360	149.721191	360	1989.63806
360.5	179.726318	360.5	2389.50757
361	242.237488	361	3221.046
361.5	207.7312	361.5	2759.24316
362	213.7323	362	2839.80884
362.5	171.224854	362.5	2276.444
363	235.2362	363	3124.91431
363.5	190.72821	363.5	2534.29248
364	214.732483	364	2852.175
364.5	231.735535	364.5	3078.36475
365	135.718872	365	1803.92822
365.5	186.227417	365.5	2476.2583
366	211.231812	366	2808.635
366.5	175.725586	366.5	2344.8252
367	236.73645	367	3151.17285
367.5	163.22345	367.5	2171.84717
368	170.22467	368	2265.10767
368.5	184.727173	368.5	2459.49487
369	190.228149	369	2531.53345
369.5	213.232178	369.5	2838.75928
370	167.724243	370	2230.81
370.5	173.725281	370.5	2307.065
371	226.234558	371	3001.7
371.5	170.22467	371.5	2257.65674
372	190.228149	372	2522.41
372.5	178.226013	372.5	2361.702
373	166.224	373	2203.40527
373.5	206.731018	373.5	2739.036
374	194.728882	374	2580.40356
374.5	257.2403	374.5	3406.91821
375	205.730835	375	2727.27783
375.5	197.22937	375.5	2612.38159
376	173.225159	376	2293.851
376.5	225.734436	376.5	2985.55371
377	208.731384	377	2757.18237
377.5	193.72876	377.5	2554.40479
378	195.729065	378	2579.95117
378.5	202.730347	378.5	2669.50684
379	218.733215	379	2877.633
379.5	269.742676	379.5	3544.51
380	232.235657	380	3050.8606
380.5	229.2351	380.5	3009.3833
381	217.733032	381	2853.76025
381.5	200.229858	381.5	2626.20313
382	243.237671	382	3185.55933
382.5	174.7254	382.5	2289.053
383	216.232727	383	2830.651
383.5	206.230957	383.5	2699.75977
384	137.719238	384	1802.72925
384.5	225.734436	384.5	2953.80933
385	186.227417	385	2434.39355
385.5	165.223816	385.5	2160.95117
386	199.229675	386	2608.95752
386.5	176.725769	386.5	2312.309
387	179.726318	387	2350.80273
387.5	192.228455	387.5	2515.05542
388	183.226929	388	2396.661
388.5	197.729431	388.5	2585.66846
389	152.221619	389	1989.33447
389.5	119.216187	389.5	1558.22791
390	154.722046	390	2021.87708
390.5	184.727173	390.5	2416.589
391	134.718689	391	1763.88391
391.5	162.223328	391.5	2124.99731
392	152.72168	392	2001.57239
392.5	174.7254	392.5	2290.2085
393	144.220276	393	1891.13525
393.5	186.227417	393.5	2444.218
394	87.71124	394	1151.09937
394.5	135.718872	394.5	1780.107
395	102.713562	395	1348.13623
395.5	137.219116	395.5	1804.66345
396	65.7078857	396	864.5174
396.5	79.71002	396.5	1048.13428
397	138.2193	397	1820.16235
397.5	191.228271	397.5	2527.946
398	125.717224	398	1658.49487
398.5	119.216187	398.5	1574.93164
399	138.71936	399	1834.10547
399.5	125.717224	399.5	1661.95862
400	77.70972	400	1030.63342
400.5	133.218445	400.5	1764.61072
401	113.21521	401	1499.80554
401.5	133.218445	401.5	1765.06079
402	94.71234	402	1256.78381
402.5	208.231323	402.5	2753.37769
403	140.719727	403	1867.53052
403.5	92.2119141	403.5	1224.91125
404	113.715332	404	1509.37451
404.5	171.724915	404.5	2278.05029
405	117.715942	405	1563.61584
405.5	100.713257	405.5	1339.26074
406	91.21179	406	1211.626
406.5	96.71265	406.5	1286.61377
407	103.213623	407	1374.3728
407.5	93.2121	407.5	1240.9137
408	134.218628	408	1786.82532
408.5	84.21069	408.5	1121.33337
409	121.216492	409	1611.99268
409.5	92.7120361	409.5	1235.607
410	87.71124	410	1167.45313
410.5	99.21301	410.5	1323.53638
411	141.719849	411	1888.98
411.5	74.70923	411.5	993.2037
412	52.20587	412	694.299561
412.5	63.20752	412.5	842.5168
413	87.21118	413	1163.54187
413.5	69.7084961	413.5	930.202759
414	50.2055664	414	669.234131
414.5	103.213623	414.5	1377.114
415	86.71106	415	1156.36292
415.5	38.2038574	415.5	508.834137
416	75.70941	416	1016.33929
416.5	100.713257	416.5	1354.41565
417	15.7006226	417	209.781433
417.5	62.2073364	417.5	830.9096
418	106.214111	418	1418.93774
418.5	91.21179	418.5	1217.6803
419	23.20166	419	309.855347
419.5	12.2001343	419.5	163.13237
420	89.71155	420	1197.23572
420.5	64.20764	420.5	857.063965
421	71.20868	421	950.3579
421.5	101.213318	421.5	1351.344
422	15.7006226	422	209.7021
422.5	101.71344	422.5	1355.73572
423	79.2099	423	1057.39063
423.5	53.2059937	423.5	711.065
424	73.2089844	424	977.9263
424.5	37.2036743	424.5	496.358765
425	69.7084961	425	931.801
425.5	84.7107544	425.5	1131.43872
426	41.7043457	426	557.2978
426.5	61.2072144	426.5	817.9406
427	69.2084351	427	924.808655
427.5	27.7023315	427.5	370.0872
428	52.20587	428	697.53
428.5	27.20227	428.5	363.783661
429	4.19903564	429	56.14639
429.5	37.7037354	429.5	503.970856
430	35.70349	430	477.173035
430.5	-24.30481	430.5	-324.867828
431	47.7052	431	637.6517
431.5	54.2061768	431.5	725.397949
432	17.7009277	432	236.586929
432.5	-6.80249	432.5	-90.9730148
433	56.706543	433	759.238037
433.5	9.199707	433.5	123.027504
434	65.2078247	434	873.034363
434.5	52.20587	434.5	700.59906
435	65.2078247	435	873.1404
435.5	-8.302673	435.5	-111.230263
436	69.7084961	436	933.454346
436.5	64.20764	436.5	859.9825
437	10.1998291	437	136.616241
437.5	-40.8069458	437.5	-547.3601
438	28.7024536	438	384.547852
438.5	21.201416	438.5	284.066
439	30.7027588	439	410.8269
439.5	35.70349	439.5	478.262421
440	62.70746	440	840.935364
440.5	20.701355	440.5	277.384918
441	19.20111	441	257.481873
441.5	3.19891357	441.5	42.92756
442	58.70685	442	787.165833
442.5	25.2019653	442.5	338.15976
443	27.20227	443	364.86676
443.5	21.201416	443.5	284.031555
444	45.204834	444	605.293335
444.5	45.204834	444.5	605.8538
445	34.2032471	445	458.392059
445.5	1.1986084	445.5	16.0473156
446	63.70758	446	853.4919
446.5	-1.80181885	446.5	-24.1554985
447	26.2020874	447	351.381836
447.5	31.20282	447.5	418.072449
448	-0.801635742	448	-10.7440147
448.5	-12.3032227	448.5	-164.989258
449	43.20453	449	579.1855
449.5	6.699402	449.5	89.8973
450	23.7017822	450	317.84436
450.5	-2.30188	450.5	-30.8690166
451	41.2042847	451	552.1907
451.5	16.2006836	451.5	217.377319
452	66.20795	452	888.438354
452.5	-2.801941	452.5	-37.581
453	-31.3057251	453	-420.059967
453.5	54.7062378	453.5	733.9921
454	-10.3029785	454	-138.441971
454.5	6.699402	454.5	90.00468
455	17.7009277	455	238.029938
455.5	51.70581	455.5	694.4582
456	3.19891357	456	43.0167961
456.5	-0.801635742	456.5	-10.7946424
457	15.7006226	457	211.616241
457.5	-21.8045044	457.5	-293.679382
458	4.19903564	458	56.6239929
458.5	3.69897461	458.5	49.9023857
459	53.7061157	459	725.5288
459.5	-23.8047485	459.5	-321.289124
460	4.19903564	460	56.6274529
460.5	-7.30255127	460.5	-98.670784
461	1.1986084	461	16.2028236
461.5	13.7003174	461.5	184.9182
462	17.7009277	462	239.171814
462.5	40.7041626	462.5	549.327637
463	-10.80304	463	-145.739075
463.5	-17.8039551	463.5	-239.94339
464	-13.3033447	464	-179.439423
464.5	14.2004395	464.5	191.649475
465	-9.802856	465	-132.286469
465.5	12.7001953	465.5	172.746063
466	24.7019043	466	333.977325
466.5	26.7021484	466.5	360.422455
467	16.2006836	467	218.636475
467.5	53.2059937	467.5	718.8825
468	34.2032471	468	461.621979
468.5	36.2035522	468.5	488.432343
469	40.7041626	469	549.4872
469.5	5.69921875	469.5	76.98917
470	45.204834	470	610.025
470.5	12.7001953	470.5	171.3655
471	-0.801635742	471	-10.8217907
471.5	-25.8049927	471.5	-348.155731
472	6.19928	472	83.61452
472.5	20.2012329	472.5	272.1372
473	-1.80181885	473	-24.3157215
473.5	-22.3045654	473.5	-301.5761
474	43.70465	474	589.8571
474.5	4.69909668	474.5	63.3827972
475	13.7003174	475	184.834854
475.5	-3.302002	475.5	-44.54688
476	41.7043457	476	562.3745
476.5	-11.3031006	476.5	-152.762924
477	23.20166	477	313.700745
477.5	-23.3046875	477.5	-314.4822
478	-17.8039551	478	-240.256943
478.5	57.206604	478.5	772.492737
479	-37.30652	479	-503.582062
479.5	-7.8026123	479.5	-105.250366
480	-31.8057861	480	-429.6819
480.5	38.2038574	480.5	515.9551
481	-55.8089	481	-753.6014
481.5	19.20111	481.5	259.368622
482	2.6987915	482	36.5192451
482.5	-14.3034668	482.5	-193.190552
483	21.201416	483	286.579437
483.5	-17.303894	483.5	-233.539154
484	-27.3052368	484	-368.607941
484.5	0.198486328	484.5	2.67838788
485	5.19915771	485	70.18888
485.5	-7.30255127	485.5	-98.5584259
486	24.2018433	486	326.946
486.5	2.6987915	486.5	36.4307556
487	11.7000732	487	157.877945
487.5	11.2000122	487.5	151.151031
488	49.2054443	488	664.0323
488.5	55.70636	488.5	751.3322
489	37.2036743	489	502.358978
489.5	-0.801635742	489.5	-10.8142681
490	-17.303894	490	-233.499908
490.5	-32.3058472	490.5	-435.8873
491	38.2038574	491	515.3403
491.5	-6.302429	491.5	-85.0096741
492	57.706665	492	777.8773
492.5	15.7006226	492.5	211.550018
493	5.69921875	493	76.80411
493.5	-18.8040771	493.5	-253.45491
494	-32.3058472	494	-435.2322
494.5	15.2005615	494.5	205.009308
495	-19.3041382	495	-260.145447
495.5	23.7017822	495.5	319.435577
496	7.199463	496	96.95001
496.5	27.20227	496.5	366.761
497	26.7021484	497	359.8943
497.5	-14.8035278	497.5	-199.432144
498	24.2018433	498	326.010834
498.5	45.704895	498.5	615.437561
499	-7.30255127	499	-98.645874
499.5	-42.80725	499.5	-575.796
500	-24.80487	500	-333.2899
500.5	-37.80658	500.5	-508.199615
501	13.7003174	501	183.946732
501.5	-23.8047485	501.5	-319.883423
502	-69.31055	502	-931.041138
502.5	14.7005005	502.5	196.992264
503	38.2038574	503	512.809937
503.5	-13.8034058	503.5	-185.408371
504	3.19891357	504	42.9487724
504.5	-32.80591	504.5	-440.390167
505	-9.802856	505	-131.54863
505.5	26.7021484	505.5	357.990021
506	18.2009888	506	243.93898
506.5	-39.3067627	506.5	-526.9054
507	12.2001343	507	163.51619
507.5	32.20294	507.5	431.511963
508	-23.3046875	508	-311.946045
508.5	30.2026978	508.5	404.41452
509	29.7025757	509	397.3985
509.5	31.20282	509.5	418.091461
510	-15.30365	510	-204.796524
510.5	-15.8037109	510.5	-211.5237
511	8.199585	511	109.776749
511.5	1.1986084	511.5	16.05413
512	-10.3029785	512	-137.951782
512.5	-42.80725	512.5	-573.0941
513	42.7044678	513	571.739746
513.5	26.2020874	513.5	353.664551
514	-21.3044434	514	-286.797668
514.5	7.699524	514.5	103.258018
515	12.7001953	515	170.142227
515.5	26.2020874	515.5	352.189484
516	56.2064819	516	753.279541
516.5	15.7006226	516.5	210.105713
517	15.7006226	517	210.132782
517.5	-35.3062744	517.5	-472.683441
518	14.2004395	518	190.086426
518.5	-6.80249	518.5	-91.149025
519	36.7036133	519	490.0611
519.5	-15.30365	519.5	-204.878815
520	-18.8040771	520	-251.7086
520.5	21.7014771	520.5	290.675659
521	-5.802368	521	-77.55385
521.5	15.7006226	521.5	210.115265
522	35.20337	522	473.361969
522.5	14.7005005	522.5	197.005722
523	0.698547363	523	9.349731
523.5	-6.302429	523.5	-84.39026
524	25.7020264	524	343.881958
524.5	37.2036743	524.5	497.81424
525	-6.80249	525	-91.08682
525.5	-6.302429	525.5	-84.63796
526	-20.30426	526	-271.752777
526.5	-15.8037109	526.5	-211.56218
527	23.20166	527	310.6941
527.5	-12.3032227	527.5	-164.7878
528	-5.302246	528	-71.0310745
528.5	-8.802734	528.5	-117.857124
529	-9.802856	529	-131.234512
529.5	2.19873047	529.5	29.42118
530	18.2009888	530	243.515778
530.5	-3.302002	530.5	-44.1810265
531	-26.8051758	531	-359.166748
531.5	38.70392	531.5	518.422852
532	-1.30175781	532	-17.4533157
532.5	-21.8045044	532.5	-292.073334
533	27.7023315	533	370.976776
533.5	7.699524	533.5	103.092041
534	42.7044678	534	571.7744
534.5	-31.8057861	534.5	-426.296844
535	0.698547363	535	9.355049
535.5	-20.8043823	535.5	-278.9178
536	28.7024536	536	384.396179
536.5	2.19873047	536.5	29.426754
537	-12.8032837	537	-171.336121
537.5	-4.302124	537.5	-57.5745049
538	-3.302002	538	-44.1018333
538.5	16.2006836	538.5	216.735123
539	6.19928	539	82.9041
539.5	-3.802063	539.5	-50.85184
540	-19.8042	540	-264.9555
540.5	13.7003174	540.5	183.269592
541	-14.8035278	541	-198.1083
541.5	-36.8064575	541.5	-492.790436
542	-3.802063	542	-50.8622437
542.5	-29.305481	542.5	-391.169952
543	37.7037354	543	504.203644
543.5	8.699646	543.5	116.256561
544	-20.8043823	544	-278.243958
544.5	3.69897461	544.5	49.482048
545	10.1998291	545	136.179367
545.5	1.1986084	545.5	16.0307865
546	-12.8032837	546	-171.049683
546.5	-21.8045044	546.5	-291.242737
547	-8.302673	547	-110.882027
547.5	-12.3032227	547.5	-164.395065
548	0.198486328	548	2.65184379
548.5	26.7021484	548.5	356.987244
549	-6.302429	549	-84.259285
549.5	14.7005005	549.5	196.665451
550	-5.302246	550	-70.88536
550.5	-41.80713	550.5	-558.815063
551	10.1998291	551	136.135117
551.5	-34.8062134	551.5	-465.663757
552	6.19928	552	82.8796158
552.5	-17.303894	552.5	-231.371338
553	-31.8057861	553	-425.5411
553.5	-3.302002	553.5	-44.1679726
554	-11.3031006	554	-151.165283
554.5	-47.80786	554.5	-638.8691
555	-53.8086548	555	-719.794556
555.5	-46.30768	555.5	-618.985657
556	-13.3033447	556	-177.891891
556.5	13.7003174	556.5	183.0505
557	20.2012329	557	270.379974
557.5	-18.3040161	557.5	-244.8089
558	-9.802856	558	-130.981323
558.5	6.19928	558.5	82.7962646
559	41.7043457	559	557.1544
559.5	20.701355	559.5	277.038116
560	17.7009277	560	237.132523
560.5	-11.3031006	560.5	-151.126373
561	-28.3053589	561	-378.6646
561.5	-33.30603	561.5	-445.020081
562	-19.8042	562	-264.648743
562.5	12.2001343	562.5	163.099045
563	6.699402	563	89.5136948
563.5	35.70349	563.5	477.5706
564	-48.3079224	564	-646.0893
564.5	4.19903564	564.5	56.1298141
565	-50.3081665	565	-672.042358
565.5	13.2002563	565.5	176.47731
566	-12.8032837	566	-171.142883
566.5	-36.3063965	566.5	-485.421783
567	51.70581	567	690.0186
567.5	-12.8032837	567.5	-170.937164
568	0.698547363	568	9.325629
568.5	33.703186	568.5	449.897827
569	-13.3033447	569	-177.581268
569.5	-29.805542	569.5	-397.850769
570	-8.802734	570	-117.452866
570.5	-5.302246	570.5	-70.77071
571	-24.80487	571	-330.8007
571.5	18.2009888	571.5	243.278015
572	-0.801635742	572	-10.7022667
572.5	9.699768	572.5	129.368027
573	-3.802063	573	-50.77839
573.5	-76.81146	573.5	-1025.80774
574	8.699646	574	116.165146
574.5	7.199463	574.5	96.1966858
575	-4.802185	575	-64.1136856
575.5	18.2009888	575.5	242.704926
576	-46.30768	576	-617.910034
576.5	-47.80786	576.5	-638.0001
577	-16.303772	577	-217.614746
577.5	-25.3049316	577.5	-337.6889
578	-24.30481	578	-324.389038
578.5	24.2018433	578.5	323.210236
579	-4.302124	579	-57.3940125
579.5	-51.30829	579.5	-684.3362
580	-13.8034058	580	-184.184021
580.5	-2.30188	580.5	-30.7357464
581	-33.30603	581	-444.6567
581.5	16.2006836	581.5	216.155457
582	-40.8069458	582	-544.8894
582.5	-33.30603	582.5	-444.032379
583	-34.8062134	583	-464.3376
583.5	44.2047119	583.5	592.8277
584	19.7011719	584	263.907
584.5	-43.307312	584.5	-578.9768
585	-43.807373	585	-586.0215
585.5	-71.81085	585.5	-959.3081
586	-39.8068237	586	-531.619263
586.5	-0.801635742	586.5	-10.7119036
587	-25.3049316	587	-337.745056
587.5	-48.3079224	587.5	-644.566345
588	1.69866943	588	22.72298
588.5	-8.802734	588.5	-117.441322
589	-10.80304	589	-144.063019
589.5	-18.8040771	589.5	-250.9952
590	-2.801941	590	-37.4051476
590.5	-11.8031616	590.5	-157.295517
591	10.1998291	591	136.288589
591.5	-47.80786	591.5	-638.014648
592	-9.802856	592	-130.9506
592.5	-2.30188	592.5	-30.7194881
593	-0.801635742	593	-10.6886911
593.5	11.2000122	593.5	149.295929
594	-70.81073	594	-943.492432
594.5	58.2067871	594.5	775.948
595	-5.302246	595	-70.71032
595.5	-17.303894	595.5	-230.5509
596	-12.8032837	596	-170.717758
596.5	3.69897461	596.5	49.29907
597	38.70392	597	516.0471
597.5	-45.3075562	597.5	-604.4506
598	-61.30957	598	-818.806641
598.5	32.20294	598.5	430.505859
599	-33.30603	599	-445.3166
599.5	-42.80725	599.5	-573.9207
600	-28.3053589	600	-379.345673
600.5	-22.3045654	600.5	-298.823822
601	-49.8081055	601	-668.543152
601.5	-0.801635742	601.5	-10.7992554
602	8.699646	602	116.961044
602.5	-2.30188	602.5	-30.9180851
603	-29.305481	603	-393.7143
603.5	5.69921875	603.5	76.55757
604	-20.8043823	604	-279.733246
604.5	38.2038574	604.5	513.614136
605	53.2059937	605	715.8102
605.5	7.199463	605.5	97.0188141
606	0.198486328	606	2.66933155
606.5	-32.3058472	606.5	-434.575775
607	2.19873047	607	29.5906773
607.5	-11.3031006	607.5	-152.091324
608	67.70819	608	911.381653
608.5	33.203125	608.5	447.173828
609	-14.3034668	609	-192.708588
609.5	-10.3029785	609.5	-138.884735
610	1.69866943	610	22.875288
610.5	-2.801941	610.5	-37.7847443
611	-1.30175781	611	-17.5674839
611.5	29.7025757	611.5	400.291626
612	8.199585	612	110.557053
612.5	-0.3015747	612.5	-4.067915
613	-36.8064575	613	-496.213745
613.5	-39.8068237	613.5	-536.635132
614	51.20575	614	689.924744
614.5	-23.8047485	614.5	-320.666656
615	-21.3044434	615	-287.327667
615.5	-17.8039551	615.5	-239.870178
616	5.19915771	616	70.01013
616.5	-13.8034058	616.5	-185.921692
617	36.7036133	617	494.8386
617.5	23.7017822	617.5	319.2212
618	-25.3049316	618	-340.79718
618.5	-79.31177	618.5	-1068.65417
619	16.7007446	619	224.828384
619.5	-10.80304	619.5	-145.65451
620	28.2023926	620	379.8191
620.5	-21.3044434	620.5	-287.529724
621	19.7011719	621	265.881439
621.5	-8.302673	621.5	-112.106209
622	2.19873047	622	29.6408253
622.5	-19.8042	622.5	-267.3025
623	-21.8045044	623	-294.296631
623.5	-16.803833	623.5	-226.774551
624	-21.8045044	624	-293.9372
624.5	9.199707	624.5	124.099739
625	-38.30664	625	-516.3915
625.5	-32.80591	625.5	-442.749359
626	-4.302124	626	-58.06113
626.5	-21.3044434	626.5	-287.5253
627	23.7017822	627	319.638062
627.5	-17.303894	627.5	-233.0476
628	11.2000122	628	150.9192
628.5	25.7020264	628.5	346.15567
629	-13.8034058	629	-186.011078
629.5	14.7005005	629.5	197.970184
630	12.2001343	630	164.3682
630.5	-49.3080444	630.5	-663.4801
631	-32.3058472	631	-435.534546
631.5	-5.302246	631.5	-71.2977142
632	-61.30957	632	-823.9158
632.5	19.20111	632.5	258.215149
633	-63.3098145	633	-851.7037
633.5	2.19873047	633.5	29.5728722
634	-18.8040771	634	-252.735413
634.5	-48.8079834	634.5	-655.5127
635	29.7025757	635	399.34082
635.5	-25.8049927	635.5	-347.190277
636	-18.3040161	636	-246.3368
636.5	-43.307312	636.5	-583.019653
637	5.19915771	637	69.94347
637.5	6.699402	637.5	90.10612
638	24.2018433	638	325.434937
638.5	-6.80249	638.5	-91.44389
639	-7.8026123	639	-104.937775
639.5	-23.8047485	639.5	-320.368561
640	1.69866943	640	22.8444538
640.5	31.20282	640.5	419.2589
641	74.70923	641	1004.18732
641.5	11.7000732	641.5	157.207672
642	46.2050171	642	620.8134
642.5	93.71216	642.5	1258.3468
643	94.71234	643	1269.98108
643.5	49.2054443	643.5	660.5143
644	56.2064819	644	755.676636
644.5	70.70862	644.5	950.3273
645	33.703186	645	453.2139
645.5	62.2073364	645.5	835.6499
646	48.20526	646	647.787354
646.5	-16.803833	646.5	-225.919983
647	30.7027588	647	412.816223
647.5	27.7023315	647.5	372.814362
648	-54.8087769	648	-736.660645
648.5	9.199707	648.5	123.601242
649	56.706543	649	762.893433
649.5	49.2054443	649.5	662.2307
650	-4.802185	650	-64.6814
</Group>
<Group>
RCQCSignal
1
701	
ExCorr	T636070406482224162
X	Y
300	0.101271249
300.5	0.101314746
301	0.101257525
301.5	0.101275839
302	0.10126134
302.5	0.101394095
303	0.101425372
303.5	0.101369672
304	0.101297192
304.5	0.10132008
305	0.101249136
305.5	0.100838669
306	0.101172842
306.5	0.101293378
307	0.101349078
307.5	0.101404004
308	0.101386465
308.5	0.101352133
309	0.1013056
309.5	0.101579495
310	0.101599328
310.5	0.101423077
311	0.101442926
311.5	0.101533718
312	0.101402484
312.5	0.101619922
313	0.101147659
313.5	0.101282693
314	0.101408593
314.5	0.101545922
315	0.101490982
315.5	0.101537533
316	0.101541348
316.5	0.101433761
317	0.101571091
317.5	0.101436056
318	0.101412408
318.5	0.101395614
319	0.101231582
319.5	0.101217844
320	0.101286508
320.5	0.101177417
321	0.1012064
321.5	0.101170547
322	0.101145364
322.5	0.10113088
323	0.10095387
323.5	0.100948535
324	0.100913428
324.5	0.101184286
325	0.101145364
325.5	0.101102643
326	0.101146139
326.5	0.101170547
327	0.101339929
327.5	0.101056866
328	0.101008795
328.5	0.101058386
329	0.101082049
329.5	0.101120956
330	0.1011469
330.5	0.101032458
331	0.100970648
331.5	0.100941665
332	0.101028644
332.5	0.101142325
333	0.10113927
333.5	0.1011179
334	0.100979052
334.5	0.100644879
335	0.100562476
335.5	0.100604437
336	0.100557141
336.5	0.100385465
337	0.1002428
337.5	0.100211523
338	0.100461
338.5	0.100499146
339	0.10056705
339.5	0.100488462
340	0.1007616
340.5	0.1007288
341	0.100673862
341.5	0.100699805
342	0.100477017
342.5	0.100715064
343	0.100719638
343.5	0.100967608
344	0.100982867
344.5	0.101040848
345	0.101038553
345.5	0.101107217
346	0.100924112
346.5	0.101451315
347	0.10164357
347.5	0.101574905
348	0.101288043
348.5	0.1014742
349	0.10164357
349.5	0.101629086
350	0.101592459
350.5	0.101626791
351	0.101628311
351.5	0.101486407
352	0.101462759
352.5	0.101479538
353	0.101516925
353.5	0.101629086
354	0.101566516
354.5	0.101475723
355	0.101441391
355.5	0.101440631
356	0.101481833
356.5	0.101387985
357	0.101422317
357.5	0.101494037
358	0.101412408
358.5	0.101413928
359	0.101254471
359.5	0.10138189
360	0.10139104
360.5	0.101342969
361	0.101329245
361.5	0.101438336
362	0.101407818
362.5	0.1013445
363	0.101427667
363.5	0.101402484
364	0.101440631
364.5	0.101429187
365	0.101370446
365.5	0.101330005
366	0.101333819
366.5	0.100975238
367	0.101223953
367.5	0.10126134
368	0.101256765
368.5	0.10119877
369	0.101246841
369.5	0.101207934
370	0.1013033
370.5	0.101459704
371	0.1015505
371.5	0.101590939
372	0.101613052
372.5	0.1016802
373	0.101645865
373.5	0.101694696
374	0.101679437
374.5	0.101734363
375	0.101638995
375.5	0.101724453
376	0.101750396
376.5	0.101873986
377	0.102002926
377.5	0.102186792
378	0.102219604
378.5	0.102324136
379	0.102416448
379.5	0.102537759
380	0.102564462
380.5	0.102634646
381	0.102800973
381.5	0.102728494
382	0.102881081
382.5	0.102846749
383	0.1029261
383.5	0.102924578
384	0.102932967
384.5	0.102968819
385	0.103072591
385.5	0.10301917
386	0.102891006
386.5	0.102977984
387	0.103011541
387.5	0.1029818
388	0.1030085
388.5	0.103035964
389	0.103100054
389.5	0.103084795
390	0.103106923
390.5	0.102995522
391	0.102907784
391.5	0.102859713
392	0.102806307
392.5	0.102794863
393	0.1027529
393.5	0.102658294
394	0.102667458
394.5	0.102726974
395	0.102656014
395.5	0.102449246
396	0.102408059
396.5	0.102467559
397	0.102317266
397.5	0.101923577
398	0.102134161
398.5	0.101991482
399	0.1019068
399.5	0.1019213
400	0.101592459
400.5	0.101719879
401	0.101709194
401.5	0.101693936
402	0.101539813
402.5	0.101899169
403	0.101526089
403.5	0.101431482
404	0.10151083
404.5	0.101568811
405	0.101436816
405.5	0.101323895
406	0.101431482
406.5	0.101280414
407	0.101186566
407.5	0.101209454
408	0.101209454
408.5	0.101186566
409	0.101318561
409.5	0.101098828
410	0.101229288
410.5	0.101000406
411	0.101086624
411.5	0.1013506
412	0.101312451
412.5	0.101083569
413	0.1009905
413.5	0.100971423
414	0.101079755
414.5	0.100985147
415	0.101034738
415.5	0.101162918
416	0.100369446
416.5	0.100190155
417	0.100841708
417.5	0.100873761
418	0.100857742
418.5	0.100927167
419	0.10089054
419.5	0.100766189
420	0.100962259
420.5	0.100940131
421	0.100956924
421.5	0.100916483
422	0.100879855
422.5	0.101086624
423	0.100933276
423.5	0.10081882
424	0.100866891
424.5	0.1009905
425	0.100798227
425.5	0.100878336
426	0.100828744
426.5	0.10082569
427	0.1008318
427.5	0.100856207
428	0.100843243
428.5	0.100751691
429	0.100766949
429.5	0.100802042
430	0.100815006
430.5	0.100803562
431	0.1008028
431.5	0.100684546
432	0.100808151
432.5	0.100750156
433	0.100634195
433.5	0.10075397
434	0.10063725
434.5	0.1004015
435	0.100625031
435.5	0.10057392
436	0.100619696
436.5	0.100597568
437	0.100596048
437.5	0.100450315
438	0.10056781
438.5	0.100562476
439	0.10069523
439.5	0.100585364
440	0.100472443
440.5	0.100555606
441	0.100477792
441.5	0.100405313
442	0.1004877
442.5	0.100415982
443	0.100452609
443.5	0.10057468
444	0.100625806
444.5	0.100532718
445	0.100535773
445.5	0.10063877
446	0.10057316
446.5	0.100504495
447	0.100472443
447.5	0.100561716
448	0.1005312
448.5	0.100473978
449	0.10050831
449.5	0.100410648
450	0.100474738
450.5	0.1004732
451	0.100541107
451.5	0.100417517
452	0.100409128
452.5	0.100457184
453	0.100415982
453.5	0.100423612
454	0.100273319
454.5	0.100290857
455	0.100197025
455.5	0.100319095
456	0.100197025
456.5	0.100059696
457	0.09996737
457.5	0.100037567
458	0.09991702
458.5	0.0998735353
459	0.0997377262
459.5	0.09982928
460	0.09991091
460.5	0.09971865
461	0.09967288
461.5	0.0998254642
462	0.09971865
462.5	0.09983843
463	0.0998758152
463.5	0.09997653
464	0.09989261
464.5	0.09983539
465	0.0998453
465.5	0.0990586951
466	0.09965608
466.5	0.09982165
467	0.0998392
467.5	0.09972247
468	0.09983233
468.5	0.09987048
469	0.0998094454
469.5	0.09974154
470	0.0998453
470.5	0.09985674
471	0.0998086855
471.5	0.0998666659
472	0.09989642
472.5	0.100018494
473	0.09984224
473.5	0.09965227
474	0.09983233
474.5	0.09989261
475	0.09987048
475.5	0.0998735353
476	0.09991854
476.5	0.09969423
477	0.0996538
477.5	0.09984759
478	0.09984606
478.5	0.09977969
479	0.0998170748
479.5	0.0998865
480	0.09973543
480.5	0.0997667238
481	0.09978198
481.5	0.0997468755
482	0.09957216
482.5	0.09975756
483	0.0996805057
483.5	0.09983309
484	0.0998094454
484.5	0.09984987
485	0.09980563
485.5	0.09983233
486	0.0997384861
486.5	0.09981402
487	0.09985217
487.5	0.09983843
488	0.09984224
488.5	0.09989946
489	0.09978426
489.5	0.09987811
490	0.09984987
490.5	0.09986132
491	0.09988574
491.5	0.099891834
492	0.0999551639
492.5	0.09999866
493	0.09998187
493.5	0.09996355
494	0.100011624
494.5	0.09990252
495	0.09998263
495.5	0.09997424
496	0.100055881
496.5	0.0999337956
497	0.09996814
497.5	0.100013919
498	0.100024588
498.5	0.100061975
499	0.0997438356
499.5	0.100170322
500	0.100277893
500.5	0.100235932
501	0.100352667
501.5	0.100267969
502	0.100304596
502.5	0.100547977
503	0.10037861
503.5	0.100310706
504	0.100355722
504.5	0.100370206
505	0.100405313
505.5	0.100499906
506	0.100531958
506.5	0.100513645
507	0.100529663
507.5	0.100552551
508	0.100659363
508.5	0.100625806
509	0.100706674
509.5	0.100557141
510	0.100684546
510.5	0.100667767
511	0.100640289
511.5	0.100596048
512	0.10062962
512.5	0.100642584
513	0.10063877
513.5	0.0998239443
514	0.100088678
514.5	0.100468628
515	0.10057468
515.5	0.100242041
516	0.100535773
516.5	0.100686066
517	0.1006731
517.5	0.100640289
518	0.100656323
518.5	0.100555606
519	0.100913428
519.5	0.100644104
520	0.100657083
520.5	0.100593753
521	0.100807376
521.5	0.100681491
522	0.100203119
522.5	0.100541107
523	0.100666992
523.5	0.100625031
524	0.100704379
524.5	0.10069523
525	0.100624271
525.5	0.100330539
526	0.100670807
526.5	0.100649454
527	0.100618176
527.5	0.100596808
528	0.100577734
528.5	0.100635715
529	0.100645639
529.5	0.100693695
530	0.100706674
530.5	0.100700565
531	0.100557141
531.5	0.100591473
532	0.100494571
532.5	0.100587659
533	0.100614361
533.5	0.10063038
534	0.10063266
534.5	0.100527383
535	0.100609772
535.5	0.100500681
536	0.100607492
536.5	0.100674622
537	0.100684546
537.5	0.100679971
538	0.10088139
538.5	0.100715064
539	0.100752451
539.5	0.100740246
540	0.100710489
540.5	0.100723453
541	0.100682251
541.5	0.100635715
542	0.100719638
542.5	0.100942425
543	0.100755505
543.5	0.10082645
544	0.100744061
544.5	0.100721933
545	0.100918777
545.5	0.100742526
546	0.100853153
546.5	0.100874521
547	0.10088978
547.5	0.100837134
548	0.100849338
548.5	0.100782208
549	0.100781448
549.5	0.100715064
550	0.100784488
550.5	0.1008028
551	0.100951575
551.5	0.100710489
552	0.100782208
552.5	0.100768469
553	0.100705914
553.5	0.100730322
554	0.100747876
554.5	0.100827225
555	0.100724228
555.5	0.100800522
556	0.1007616
556.5	0.100844
557	0.100668527
557.5	0.100741766
558	0.100840189
558.5	0.10088367
559	0.100854687
559.5	0.100681491
560	0.100576214
560.5	0.100773819
561	0.100717358
561.5	0.100840189
562	0.100827225
562.5	0.100786783
563	0.100840949
563.5	0.100731082
564	0.1007433
564.5	0.100796707
565	0.100863077
565.5	0.100782208
566	0.100798227
566.5	0.100775339
567	0.100964554
567.5	0.100919537
568	0.100927167
568.5	0.100936316
569	0.100937851
569.5	0.100940906
570	0.100982092
570.5	0.10094776
571	0.101032458
571.5	0.1008051
572	0.100923352
572.5	0.101024054
573	0.100885965
573.5	0.10089054
574	0.1009058
574.5	0.100839429
575	0.1009203
575.5	0.101043127
576	0.100976
576.5	0.100964554
577	0.10094624
577.5	0.100966834
578	0.10095235
578.5	0.1008913
579	0.100996591
579.5	0.101020239
580	0.100977518
580.5	0.100908853
581	0.100922592
581.5	0.100985147
582	0.1009058
582.5	0.101064496
583	0.100998126
583.5	0.100468628
584	0.100584604
584.5	0.100783728
585	0.100721933
585.5	0.100860782
586	0.10088978
586.5	0.100832559
587	0.100950055
587.5	0.100981332
588	0.100724228
588.5	0.100992016
589	0.101037793
589.5	0.100943185
590	0.100929461
590.5	0.101104937
591	0.100837894
591.5	0.100962259
592	0.100863837
592.5	0.100962259
593	0.101051532
593.5	0.101078995
594	0.101123251
594.5	0.101072125
595	0.101033978
595.5	0.101127066
596	0.101049237
596.5	0.101095773
597	0.101054572
597.5	0.100995071
598	0.100887485
598.5	0.100787543
599	0.100773044
599.5	0.100497626
600	0.100536533
600.5	0.100570105
601	0.100383185
601.5	0.100016959
602	0.100219153
602.5	0.100313745
603	0.1002901
603.5	0.100303836
604	0.100207709
604.5	0.100221433
605	0.100150488
605.5	0.09998492
606	0.100188635
606.5	0.100162692
607	0.100116916
607.5	0.100134455
608	0.100099362
608.5	0.100044437
609	0.10000705
609.5	0.099953644
610	0.100053586
610.5	0.0999155
611	0.09984148
611.5	0.09997881
612	0.09992998
612.5	0.09988802
613	0.09994144
613.5	0.0999467745
614	0.1000017
614.5	0.100023068
615	0.09990405
615.5	0.10000705
616	0.100060456
616.5	0.100033753
617	0.0999391451
617.5	0.100041382
618	0.100045957
618.5	0.0999978855
619	0.1000864
619.5	0.0999337956
620	0.100045957
620.5	0.09983385
621	0.09983767
621.5	0.09978808
622	0.0999475345
622.5	0.0998262241
623	0.09982776
623.5	0.09983996
624	0.09994983
624.5	0.0998834446
625	0.09995059
625.5	0.09983539
626	0.09983615
626.5	0.09983539
627	0.09991091
627.5	0.100043662
628	0.09999179
628.5	0.1000429
629	0.09998568
629.5	0.100051291
630	0.10000857
630.5	0.100133695
631	0.0999422
631.5	0.1002016
632	0.100261874
632.5	0.10019245
633	0.100155063
633.5	0.100177191
634	0.100248136
634.5	0.10032291
635	0.100216858
635.5	0.100144379
636	0.100116916
636.5	0.100084864
637	0.100155823
637.5	0.100177951
638	0.1002016
638.5	0.100231357
639	0.100184046
639.5	0.100116141
640	0.100188635
640.5	0.100277133
641	0.100242041
641.5	0.100277893
642	0.100280948
642.5	0.100342743
643	0.100484647
643.5	0.100374021
644	0.100216858
644.5	0.10025119
645	0.100197785
645.5	0.100301541
646	0.100265689
646.5	0.100217618
647	0.100209989
647.5	0.100118436
648	0.100247376
648.5	0.100286283
649	0.100152008
649.5	0.100113861
650	0.100034513
</Group>
</Session>
