<Session>
Acquisition 1 2016-08-31 15:35:20
<Group>
Detector1
2
701		701	
D1 330:300-650	T636070406482226234	D1 330:300-650 [COR]	T636070406482226236
X	Y	X	Y
300	69.30798	300	690.331
300.5	48.30487	300.5	480.804535
301	99.31256	301	988.5921
301.5	145.319946	301.5	1445.78723
302	63.80719	302	634.658447
302.5	94.81189	302.5	943.0527
303	58.8063965	303	584.888733
303.5	66.80762	303.5	664.5895
304	52.805542	304	525.5758
304.5	12.7998657	304.5	127.112679
305	83.81018	305	834.9609
305.5	86.31055	305.5	859.337769
306	65.8074341	306	654.902161
306.5	134.818237	306.5	1342.37268
307	36.8032227	307	366.363678
307.5	57.8062744	307.5	575.459961
308	77.8092651	308	774.1093
308.5	18.3005981	308.5	182.037216
309	93.81171	309	933.378845
309.5	63.3070679	309.5	630.208435
310	43.30414	310	430.95932
310.5	10.7995605	310.5	107.451485
311	70.80823	311	705.05304
311.5	101.312866	311.5	1009.5343
312	6.799011	312	67.64374
312.5	7.7991333	312.5	77.62267
313	44.8043823	313	444.5621
313.5	84.31024	313.5	837.858154
314	52.30548	314	521.019531
314.5	85.3104248	314.5	850.5948
315	22.8012085	315	227.168976
315.5	52.805542	315.5	525.826
316	15.8002319	316	157.408218
316.5	101.812927	316.5	1013.71008
317	70.3081055	317	699.94165
317.5	50.8052368	317.5	505.74585
318	87.81079	318	874.2911
318.5	121.8161	318.5	1211.78833
319	42.8040771	319	425.710938
319.5	61.3067627	319.5	609.532349
320	71.30829	320	709.1705
320.5	93.81171	320.5	941.4516
321	97.81232	321	975.4601
321.5	5.798889	321.5	57.7231
322	53.8056641	322	537.9891
322.5	56.8061523	322.5	571.8678
323	39.30359	323	394.042358
323.5	60.30664	323.5	602.202759
324	65.30737	324	651.3447
324.5	51.80542	324.5	516.429932
325	88.81091	325	884.6256
325.5	74.80884	325.5	744.3518
326	77.8092651	326	774.502
326.5	75.3089	326.5	748.6433
327	98.8125	327	983.8115
327.5	294.346741	327.5	2929.976
328	616.4198	328	6149.80762
328.5	1153.58789	328.5	11484.3691
329	1728.83179	329	17202.5039
329.5	2716.40479	329.5	27040.0469
330	3191.24976	330	31759.0625
330.5	3315.34717	330.5	33006.06
331	2905.53662	331	28910.4238
331.5	2178.068	331.5	21679.627
332	1476.7168	332	14694.6045
332.5	873.993164	332.5	8689.479
333	333.8546	333	3318.75464
333.5	215.33197	333.5	2142.33643
334	118.315552	334	1178.51477
334.5	59.30652	334.5	590.1731
335	87.31073	335	869.148865
335.5	41.303894	335.5	411.014465
336	78.80939	336	783.936646
336.5	117.31543	336.5	1166.6886
337	95.81201	337	952.7322
337.5	81.8098755	337.5	813.6254
338	85.3104248	338	848.4448
338.5	53.8056641	338.5	534.726563
339	30.3023071	339	301.0554
339.5	5.298828	339.5	52.56929
340	64.30725	340	637.1446
340.5	72.30841	340.5	715.037048
341	48.30487	341	477.195038
341.5	59.80658	341.5	590.521057
342	23.8013916	342	235.085785
342.5	59.30652	342.5	585.0275
343	43.30414	343	426.481781
343.5	112.8147	343.5	1111.14746
344	73.8086548	344	726.892639
344.5	75.80896	344.5	747.032
345	66.3075562	345	653.5902
345.5	79.80957	345.5	787.455261
346	28.302002	346	279.430573
346.5	31.30243	346.5	309.32132
347	60.30664	347	595.6436
347.5	58.8063965	347.5	581.548462
348	81.3098145	348	803.8493
348.5	52.30548	348.5	517.488159
349	65.30737	349	645.9304
349.5	117.815491	349.5	1164.94934
350	79.80957	350	789.601868
350.5	128.317139	350.5	1269.48352
351	139.819031	351	1383.49072
351.5	96.31207	351.5	951.899
352	149.320618	352	1477.06641
352.5	132.31781	352.5	1307.76929
353	174.324829	353	1724.56689
353.5	124.816589	353.5	1234.95142
354	162.822876	354	1611.71265
354.5	170.824219	354.5	1689.55737
355	245.837524	355	2432.106
355.5	201.82959	355.5	1997.40039
356	213.831726	356	2114.77026
356.5	213.3316	356.5	2111.29541
357	271.3423	357	2683.493
357.5	276.343262	357.5	2735.095
358	235.335571	358	2329.96313
358.5	302.348328	358.5	2994.17529
359	238.836243	359	2365.211
359.5	259.340027	359.5	2567.47754
360	298.8476	360	2958.7334
360.5	308.3495	360.5	3057.167
361	319.851746	361	3169.76416
361.5	266.841431	361.5	2642.2522
362	327.8534	362	3251.83887
362.5	279.3438	362.5	2768.94751
363	328.353455	363	3253.97656
363.5	320.351868	363.5	3176.344
364	324.352661	364	3215.43115
364.5	306.849182	364.5	3042.06421
365	292.346375	365	2900.13013
365.5	253.838989	365.5	2519.30884
366	352.858521	366	3500.26855
366.5	362.360474	366.5	3593.584
367	302.8484	367	3005.17456
367.5	315.850952	367.5	3132.71338
368	328.853577	368	3260.9043
368.5	391.366577	368.5	3880.806
369	311.850159	369	3096.471
369.5	301.8482	369.5	2998.11328
370	300.848022	370	2986.0144
370.5	278.343628	370.5	2764.619
371	322.3523	371	3200.25073
371.5	286.345154	371.5	2844.87549
372	371.3623	372	3689.73926
372.5	382.364624	372.5	3800.979
373	347.3573	373	3451.25464
373.5	364.860962	373.5	3626.14136
374	329.85376	374	3276.44263
374.5	364.36084	374.5	3619.67725
375	281.8443	375	2801.20923
375.5	375.363159	375.5	3731.37939
376	331.354065	376	3295.31934
376.5	316.351074	376.5	3146.17383
377	354.358765	377	3523.04321
377.5	316.8512	377.5	3151.67969
378	343.3565	378	3413.72266
378.5	316.8512	378.5	3149.45264
379	274.3429	379	2727.04614
379.5	347.3573	379.5	3447.05322
380	285.344971	380	2834.61987
380.5	332.85437	380.5	3312.00122
381	367.36145	381	3655.60864
381.5	246.8377	381.5	2455.06445
382	317.851379	382	3159.928
382.5	301.348083	382.5	2999.68726
383	320.351868	383	3189.49414
383.5	248.338013	383.5	2470.033
384	320.351868	384	3184.229
384.5	311.3501	384.5	3095.66333
385	258.839966	385	2572.814
385.5	336.855164	385.5	3347.264
386	281.8443	386	2802.401
386.5	319.351685	386.5	3173.63281
387	253.838989	387	2524.242
387.5	269.341919	387.5	2676.833
388	268.341736	388	2668.87842
388.5	231.334839	388.5	2299.96533
389	227.834229	389	2266.66455
389.5	304.3487	389.5	3028.437
390	304.3487	390	3027.18652
390.5	224.333618	390.5	2230.46973
391	281.344238	391	2797.63867
391.5	316.8512	391.5	3153.53467
392	238.836243	392	2378.13
392.5	200.329285	392.5	1994.72253
393	235.8357	393	2351.62622
393.5	207.330566	393.5	2067.92017
394	249.838257	394	2492.112
394.5	177.325317	394.5	1770.52454
395	260.840332	395	2607.09155
395.5	249.3382	395.5	2493.39819
396	269.842041	396	2703.864
396.5	201.82959	396.5	2022.97937
397	156.321777	397	1567.95264
397.5	255.839417	397.5	2569.80786
398	246.337646	398	2474.66333
398.5	248.338013	398.5	2494.25439
399	287.845459	399	2892.88647
399.5	166.823547	399.5	1676.31335
400	169.323975	400	1702.69812
400.5	174.324829	400.5	1755.58484
401	203.829956	401	2053.19214
401.5	182.326172	401.5	1830.78271
402	193.328064	402	1943.61255
402.5	267.341553	402.5	2681.564
403	254.339111	403	2551.33618
403.5	165.3233	403.5	1656.46375
404	178.825562	404	1791.87427
404.5	194.328247	404.5	1944.49365
405	194.828369	405	1950.468
405.5	145.319946	405.5	1454.74622
406	109.814209	406	1099.01343
406.5	181.325989	406.5	1814.2417
407	177.325317	407	1775.91235
407.5	187.327026	407.5	1875.63049
408	163.823	408	1637.70483
408.5	177.325317	408.5	1777.04321
409	148.320435	409	1484.84863
409.5	177.825378	409.5	1778.88086
410	138.818848	410	1389.19373
410.5	187.827148	410.5	1879.83276
411	111.314453	411	1111.54346
411.5	149.820679	411.5	1495.48828
412	143.319641	412	1432.97144
412.5	110.814392	412.5	1108.08838
413	124.816589	413	1247.25586
413.5	190.327576	413.5	1901.936
414	121.31604	414	1213.51941
414.5	120.815979	414.5	1209.00427
415	41.303894	415	413.049377
415.5	155.821655	415.5	1558.21692
416	140.819214	416	1407.794
416.5	143.319641	416.5	1433.21472
417	181.325989	417	1813.10059
417.5	147.320251	417.5	1473.10071
418	140.819214	418	1407.43091
418.5	75.80896	418.5	757.6703
419	138.318787	419	1381.42407
419.5	137.3186	419.5	1372.30566
420	97.81232	420	976.888062
420.5	123.816467	420.5	1237.45642
421	85.3104248	421	852.9005
421.5	136.318481	421.5	1360.70264
422	103.813293	422	1035.79382
422.5	76.80908	422.5	767.1547
423	83.31012	423	831.412
423.5	87.81079	423.5	877.8375
424	195.828552	424	1957.23914
424.5	130.817566	424.5	1307.31226
425	86.31055	425	862.7095
425.5	106.31366	425.5	1061.42078
426	103.313171	426	1032.06714
426.5	124.316528	426.5	1241.57227
427	111.314453	427	1111.66907
427.5	87.31073	427.5	872.498169
428	61.3067627	428	612.555237
428.5	68.80792	428.5	687.1543
429	121.8161	429	1216.8064
429.5	94.81189	429.5	947.8627
430	74.80884	430	750.1886
430.5	136.318481	430.5	1363.1593
431	111.314453	431	1111.697
431.5	79.80957	431.5	797.4487
432	70.3081055	432	702.2771
432.5	106.813721	432.5	1067.2511
433	85.8104858	433	857.517
433.5	87.31073	433.5	871.9994
434	110.814392	434	1106.34851
434.5	78.3093262	434.5	781.579041
435	87.31073	435	871.7255
435.5	41.303894	435.5	412.082428
436	40.803772	436	407.2257
436.5	33.8027954	436.5	337.281158
437	39.30359	437	392.312866
437.5	84.31024	437.5	842.016663
438	35.30298	438	352.338318
438.5	-2.70227051	438.5	-26.9833279
439	74.80884	439	747.397339
439.5	52.30548	439.5	522.2402
440	24.8015137	440	247.566666
440.5	16.800415	440.5	168.319717
441	70.80823	441	708.488
441.5	93.81171	441.5	937.780945
442	62.8070068	442	628.169
442.5	84.8103	442.5	847.255737
443	48.30487	443	484.906525
443.5	66.80762	443.5	672.3056
444	32.8026733	444	328.241516
444.5	59.80658	444.5	597.2393
445	26.3017578	445	262.698669
445.5	26.3017578	445.5	262.6096
446	27.80194	446	277.433044
446.5	64.80731	446.5	646.2235
447	50.3051758	447	501.808044
447.5	26.3017578	447.5	262.688782
448	59.30652	448	591.7995
448.5	50.3051758	448.5	502.154724
449	22.8012085	449	227.65123
449.5	24.3014526	449.5	242.617737
450	18.80066	450	187.698441
450.5	32.30255	450.5	322.4414
451	21.8010864	451	217.706863
451.5	26.8018188	451.5	267.526825
452	4.298645	452	42.90441
452.5	47.80481	452.5	477.27356
453	-1.2020874	453	-11.9918318
453.5	64.30725	453.5	641.7041
454	44.8043823	454	446.964172
454.5	15.8002319	454.5	157.489151
455	29.3021851	455	292.246063
455.5	12.7998657	455.5	127.566132
456	64.80731	456	645.587769
456.5	37.8033447	456.5	376.4492
457	-26.2053833	457	-261.143768
457.5	25.3015747	457.5	251.938065
458	13.7999878	458	137.292542
458.5	36.30316	458.5	361.0285
459	33.8027954	459	336.0682
459.5	25.3015747	459.5	251.242447
460	18.80066	460	186.6388
460.5	56.8061523	460.5	563.8195
461	-1.70214844	461	-16.8967
461.5	37.3032837	461.5	369.744
462	42.3040161	462	418.994263
462.5	19.30072	462.5	191.130356
463	44.8043823	463	443.866669
463.5	42.8040771	463.5	423.79657
464	39.30359	464	388.50235
464.5	42.8040771	464.5	423.229828
465	28.802063	465	284.622284
465.5	66.3075562	465.5	654.832764
466	48.30487	466	477.619476
466.5	-12.2035522	466.5	-120.736
467	35.8031	467	354.386047
467.5	-7.702942	467.5	-76.17028
468	18.80066	468	185.9791
468.5	77.8092651	468.5	770.526245
469	71.30829	469	706.0211
469.5	0.298156738	469.5	2.94787288
470	-40.2072144	470	-398.336
470.5	51.80542	470.5	514.038
471	44.30432	471	439.740326
471.5	96.8121948	471.5	960.676636
472	-5.20263672	472	-51.6343155
472.5	13.7999878	472.5	136.7542
473	22.8012085	473	226.320724
473.5	-59.2095947	473.5	-587.2345
474	9.799438	474	97.17464
474.5	-30.2059326	474.5	-299.715759
475	-8.203003	475	-81.29464
475.5	4.298645	475.5	42.6265945
476	-26.7054443	476	-264.4674
476.5	60.30664	476.5	597.786743
477	9.799438	477	97.09167
477.5	29.3021851	477.5	290.661316
478	8.299194	478	82.31619
478.5	18.3005981	478.5	181.5487
479	-45.7078857	479	-453.674164
479.5	-50.2084961	479.5	-498.090027
480	-1.70214844	480	-16.8937435
480.5	49.8051147	480.5	494.684082
481	22.3011475	481	221.371033
481.5	44.8043823	481.5	444.384583
482	1.79833984	482	17.85145
482.5	-12.7036133	482.5	-126.163132
483	-5.20263672	483	-51.6488266
483.5	33.3027344	483.5	330.321869
484	1.79833984	484	17.8510036
484.5	70.3081055	484.5	700.384766
485	5.298828	485	52.709095
485.5	-2.70227051	485.5	-26.8442116
486	36.30316	486	360.647247
486.5	44.30432	486.5	440.133331
487	10.7995605	487	107.244064
487.5	-7.202881	487.5	-71.61435
488	-32.2061768	488	-320.00647
488.5	9.299377	488.5	92.45752
489	18.3005981	489	181.8904
489.5	24.8015137	489.5	246.518661
490	-0.702026367	490	-6.987123
490.5	19.8008423	490.5	196.886322
491	-26.2053833	491	-260.282227
491.5	13.2999268	491.5	132.07785
492	28.802063	492	286.204041
492.5	69.30798	492.5	688.7472
493	32.8026733	493	325.8845
493.5	48.30487	493.5	479.768066
494	6.29895	494	62.54256
494.5	-62.710022	494.5	-623.335938
495	3.798584	495	37.7526245
495.5	-16.7041626	495.5	-166.001556
496	47.80481	496	475.080444
496.5	4.798767	496.5	47.74141
497	-32.7062378	497	-325.12146
497.5	-0.201965332	497.5	-2.00740433
498	-11.7034912	498	-116.275673
498.5	22.3011475	498.5	221.77681
499	-30.7059937	499	-305.426819
499.5	-55.2091064	499.5	-549.020752
500	27.30188	500	271.520844
500.5	18.3005981	500.5	182.105591
501	-5.20263672	501	-51.7564621
501.5	-3.70239258	501.5	-36.84661
502	51.80542	502	515.9478
502.5	-15.7040405	502.5	-156.369568
503	48.80493	503	485.5387
503.5	4.798767	503.5	47.72856
504	7.7991333	504	77.591095
504.5	23.8013916	504.5	236.930389
505	17.8005371	505	177.34938
505.5	5.798889	505.5	57.762516
506	-26.2053833	506	-261.0881
506.5	12.2998047	506.5	122.527115
507	-14.7038574	507	-146.417786
507.5	-38.20697	507.5	-380.501923
508	17.8005371	508	177.185043
508.5	-28.2056885	508.5	-280.723633
509	29.8022461	509	296.812561
509.5	44.8043823	509.5	446.345154
510	-16.2041016	510	-161.341721
510.5	13.2999268	510.5	132.475922
511	-8.203003	511	-81.7221
511.5	55.80597	511.5	555.672241
512	-66.21045	512	-659.718262
512.5	23.8013916	512.5	237.107056
513	-37.70691	513	-375.383057
513.5	-0.201965332	513.5	-2.01185751
514	-25.7053223	514	-256.189423
514.5	-10.2033081	514.5	-101.646873
515	34.3028564	515	341.499054
515.5	-7.202881	515.5	-71.80838
516	1.29827881	516	12.939
516.5	6.799011	516.5	67.7777939
517	23.8013916	517	237.438889
517.5	-17.7042847	517.5	-176.525391
518	34.3028564	518	342.436218
518.5	-3.70239258	518.5	-36.9625473
519	14.3000488	519	142.93306
519.5	-1.70214844	519.5	-17.0115356
520	8.299194	520	82.91946
520.5	47.30475	520.5	472.6046
521	46.8046875	521	467.605682
521.5	23.8013916	521.5	237.708908
522	-5.70269775	522	-56.91528
522.5	27.80194	522.5	277.537567
523	27.80194	523	277.445221
523.5	2.798462	523.5	27.9205132
524	-20.70465	524	-207.015289
524.5	-5.20263672	524.5	-51.9551277
525	22.8012085	525	227.416977
525.5	6.29895	525.5	62.8262863
526	21.8010864	526	217.375031
526.5	6.29895	526.5	62.8128853
527	-13.7037354	527	-136.735458
527.5	17.8005371	527.5	177.602066
528	14.3000488	528	142.552124
528.5	8.799316	528.5	87.26308
529	-68.21069	529	-678.767944
529.5	77.8092651	529.5	775.677368
530	-30.2059326	530	-301.0273
530.5	-4.20245361	530.5	-41.87334
531	-13.2036743	531	-131.615326
531.5	5.298828	531.5	52.7953262
532	-2.70227051	532	-26.9332523
532.5	-3.70239258	532.5	-36.8768539
533	20.8009644	533	207.231415
533.5	26.8018188	533.5	266.80307
534	11.2996216	534	112.603096
534.5	-30.7059937	534.5	-305.978241
535	66.3075562	535	660.4085
535.5	47.80481	535.5	476.152069
536	48.30487	536	481.078644
536.5	-54.7090454	536.5	-544.9924
537	-5.20263672	537	-51.77234
537.5	25.8016357	537.5	256.7726
538	14.80011	538	147.473251
538.5	-14.2037964	538.5	-141.65036
539	17.8005371	539	177.592041
539.5	19.30072	539.5	192.670288
540	1.79833984	540	17.95415
540.5	0.298156738	540.5	2.975634
541	-3.20233154	541	-31.9939346
541.5	27.30188	541.5	272.848938
542	-31.7061157	542	-316.621033
542.5	-8.203003	542.5	-81.86061
543	28.302002	543	282.2654
543.5	-24.20514	543.5	-241.126144
544	-19.7045288	544	-195.977676
544.5	35.30298	544.5	350.8821
545	59.80658	545	593.2553
545.5	-22.204895	545.5	-220.322021
546	19.30072	546	191.288849
546.5	13.2999268	546.5	131.855453
547	-16.2041016	547	-160.659454
547.5	10.2994995	547.5	102.165283
548	20.8009644	548	206.222
548.5	-30.2059326	548.5	-299.409271
549	-11.20343	549	-111.116524
549.5	3.798584	549.5	37.68571
550	24.3014526	550	241.105
550.5	20.3009033	550.5	201.308319
551	-4.20245361	551	-41.7068138
551.5	40.30371	551.5	399.391541
552	20.3009033	552	201.7034
552.5	65.30737	552.5	648.3548
553	8.299194	553	82.48552
553.5	46.8046875	553.5	466.459442
554	30.3023071	554	301.3869
554.5	-26.7054443	554.5	-265.3966
555	71.80835	555	713.9963
555.5	41.8039551	555.5	416.084381
556	-19.2044678	556	-191.315384
556.5	58.3063354	556.5	580.8819
557	20.3009033	557	202.338272
557.5	-9.203125	557.5	-91.6857758
558	62.8070068	558	625.6065
558.5	54.3057861	558.5	541.524963
559	12.2998047	559	122.68396
559.5	43.30414	559.5	431.965363
560	-49.7084351	560	-495.930084
560.5	13.2999268	560.5	132.644653
561	-18.7044067	561	-186.408524
561.5	24.8015137	561.5	247.217377
562	-30.2059326	562	-300.92923
562.5	7.7991333	562.5	77.70782
563	22.8012085	563	227.338531
563.5	40.30371	563.5	402.1492
564	-15.2039795	564	-151.669632
564.5	-6.70282	564.5	-66.93179
565	12.2998047	565	122.847366
565.5	33.3027344	565.5	333.0651
566	-42.70752	566	-427.357574
566.5	-7.702942	566.5	-77.1051
567	-23.2050171	567	-232.919113
567.5	-5.20263672	567.5	-52.1129265
568	30.3023071	568	303.2807
568.5	9.299377	568.5	93.09745
569	-28.70575	569	-287.4753
569.5	9.299377	569.5	93.09686
570	24.8015137	570	248.410538
570.5	27.30188	570.5	273.510925
571	2.29840088	571	23.0087643
571.5	-44.2077026	571.5	-443.058167
572	1.29827881	572	13.0116844
572.5	-32.2061768	572.5	-322.7033
573	24.8015137	573	248.426178
573.5	22.8012085	573.5	228.420227
574	43.80426	574	439.22525
574.5	-49.7084351	574.5	-497.970947
575	-4.70257568	575	-47.1313171
575.5	12.2998047	575.5	123.388512
576	25.3015747	576	253.602875
576.5	-8.203003	576.5	-82.21779
577	-12.7036133	577	-127.335747
577.5	10.7995605	577.5	108.184135
578	1.79833984	578	17.9725475
578.5	-46.2079468	578.5	-460.0162
579	19.30072	579	192.261
579.5	-45.7078857	579.5	-457.09906
580	-19.2044678	580	-191.768463
580.5	42.3040161	580.5	423.1307
581	55.80597	581	559.11145
581.5	13.2999268	581.5	133.2004
582	-24.7052	582	-247.168671
582.5	-0.201965332	582.5	-2.02186656
583	4.298645	583	43.02977
583.5	19.30072	583.5	193.267426
584	-18.2043457	584	-182.341736
584.5	-2.70227051	584.5	-27.0358047
585	-13.7037354	585	-137.2273
585.5	16.300354	585.5	163.177032
586	-23.2050171	586	-232.1919
586.5	-36.7067871	586.5	-367.715637
587	3.298523	587	33.00808
587.5	-1.2020874	587.5	-12.0379152
588	29.8022461	588	298.366
588.5	6.29895	588.5	63.1133842
589	-50.7085571	589	-507.746826
589.5	-11.7034912	589.5	-117.205254
590	-6.70282	590	-67.13591
590.5	38.3034668	590.5	383.6695
591	1.79833984	591	17.9983463
591.5	-9.203125	591.5	-92.06254
592	26.8018188	592	268.131256
592.5	69.30798	592.5	693.5643
593	-11.7034912	593	-117.126289
593.5	29.3021851	593.5	293.132568
594	-25.7053223	594	-257.0193
594.5	39.80365	594.5	398.0516
595	54.8058472	595	548.5313
595.5	-20.70465	595.5	-207.02832
596	-11.20343	596	-112.056877
596.5	10.7995605	596.5	107.887024
597	25.3015747	597	252.9044
597.5	-11.7034912	597.5	-116.950317
598	-1.70214844	598	-17.0178471
598.5	23.30133	598.5	233.096924
599	-21.704834	599	-217.093445
599.5	0.7982178	599.5	7.98177767
600	42.3040161	600	423.045563
600.5	13.7999878	600.5	137.927887
601	22.3011475	601	222.8615
601.5	-12.7036133	601.5	-126.74115
602	-43.70764	602	-435.45752
602.5	9.299377	602.5	92.53914
603	-19.2044678	603	-191.026855
603.5	33.8027954	603.5	336.293274
604	1.79833984	604	17.9100552
604.5	32.30255	604.5	322.0127
605	4.298645	605	43.0137863
605.5	-3.20233154	605.5	-31.96822
606	-17.7042847	606	-176.512115
606.5	-44.2077026	606.5	-440.116852
607	18.80066	607	187.33371
607.5	-61.7099	607.5	-614.851868
608	31.80249	608	316.713959
608.5	-13.7037354	608.5	-136.611115
609	-36.7067871	609	-365.974335
609.5	19.8008423	609.5	197.30098
610	5.298828	610	52.80989
610.5	-12.2035522	610.5	-121.593414
611	11.2996216	611	112.668785
611.5	52.805542	611.5	526.109436
612	2.29840088	612	22.9059143
612.5	8.299194	612.5	82.75873
613	13.7999878	613	137.5465
613.5	58.3063354	613.5	581.2535
614	61.3067627	614	611.191467
614.5	-2.20220947	614.5	-21.946991
615	-41.7073975	615	-418.0629
615.5	-10.7033691	615.5	-106.937515
616	-21.704834	616	-216.600067
616.5	28.302002	616.5	282.565
617	-8.203003	617	-81.83493
617.5	18.3005981	617.5	182.709473
618	30.3023071	618	302.421936
618.5	-10.7033691	618.5	-106.810631
619	12.2998047	619	122.439644
619.5	-45.7078857	619.5	-455.571472
620	5.798889	620	57.868042
620.5	36.30316	620.5	361.963745
621	25.8016357	621	257.284821
621.5	0.298156738	621.5	2.97262931
622	21.8010864	622	217.31369
622.5	27.80194	622.5	277.206818
623	23.30133	623	232.424118
623.5	-23.2050171	623.5	-231.3139
624	-24.20514	624	-240.931366
624.5	2.29840088	624.5	22.8965836
625	-11.20343	625	-111.782578
625.5	2.798462	625.5	27.9282265
626	-29.7058716	626	-295.943573
626.5	25.3015747	626.5	252.342712
627	2.798462	627	27.9142075
627.5	-0.201965332	627.5	-2.01863766
628	15.8002319	628	158.213348
628.5	-14.2037964	628.5	-142.209747
629	-7.202881	629	-72.256546
629.5	10.7995605	629.5	108.3439
630	-7.202881	630	-72.25883
630.5	2.798462	630.5	28.0755825
631	-16.7041626	631	-167.574
631.5	36.8032227	631.5	369.3194
632	-5.20263672	632	-52.2218437
632.5	25.3015747	632.5	254.256973
633	49.8051147	633	500.2762
633.5	5.798889	633.5	58.2181664
634	-41.2073364	634	-413.451935
634.5	-27.7056274	634.5	-277.7062
635	-6.70282	635	-67.10504
635.5	-19.7045288	635.5	-197.376846
636	-40.2072144	636	-402.855316
636.5	-22.7049561	636.5	-227.081024
637	23.30133	637	233.240784
637.5	-10.7033691	637.5	-107.139526
638	17.3004761	638	173.0821
638.5	-36.7067871	638.5	-367.215759
639	-10.2033081	639	-102.019615
639.5	7.7991333	639.5	77.9614258
640	-4.70257568	640	-46.9330559
640.5	-32.2061768	640.5	-321.092255
641	-9.703247	641	-96.98734
641.5	-6.70282	641.5	-66.90531
642	-35.206543	642	-351.106873
642.5	5.798889	642.5	57.8738556
643	-39.7071533	643	-395.427338
643.5	14.3000488	643.5	142.545883
644	48.80493	644	486.686951
644.5	-28.70575	644.5	-286.11438
645	5.798889	645	57.764328
645.5	39.30359	645.5	392.034668
646	-4.70257568	646	-46.80611
646.5	22.8012085	646.5	227.005356
647	-16.2041016	647	-161.337677
647.5	11.2996216	647.5	112.529724
648	-5.70269775	648	-56.90456
648.5	20.8009644	648.5	207.6583
649	59.30652	649	591.702942
649.5	-1.2020874	649.5	-11.9689236
650	-55.7091675	650	-554.1981
</Group>
<Group>
RCQCSignal
1
701	
ExCorr	T636070406482226235
X	Y
300	0.121763736
300.5	0.121846884
301	0.121836975
301.5	0.121902585
302	0.1219331
302.5	0.121932343
303	0.121939212
303.5	0.121917084
304	0.121852994
304.5	0.122126132
305	0.121737033
305.5	0.121812552
306	0.121868253
306.5	0.1218057
307	0.121833161
307.5	0.121829346
308	0.12190488
308.5	0.121926233
309	0.121896476
309.5	0.121831626
310	0.121866733
310.5	0.121894956
311	0.121801883
311.5	0.12171261
312	0.121901825
312.5	0.121856809
313	0.122230649
313.5	0.122039914
314	0.121754572
314.5	0.121638611
315	0.121730924
315.5	0.121795014
316	0.121738553
316.5	0.121809512
317	0.121824771
317.5	0.12183392
318	0.121810272
318.5	0.121918604
319	0.121944547
319.5	0.121984228
320	0.121949896
320.5	0.120851234
321	0.121611908
321.5	0.121839255
322	0.121296033
322.5	0.120473579
323	0.120971024
323.5	0.121454731
324	0.121602744
324.5	0.121662259
325	0.121758386
325.5	0.121889621
326	0.12184307
326.5	0.122001007
327	0.121812552
327.5	0.121839255
328	0.1215646
328.5	0.121824771
329	0.121885806
329.5	0.121836975
330	0.121866733
330.5	0.121822476
331	0.121888846
331.5	0.121846125
332	0.1218797
332.5	0.121984988
333	0.122004062
333.5	0.121902585
334	0.121758386
334.5	0.121875122
335	0.121833161
335.5	0.121878177
336	0.121923953
336.5	0.121952936
337	0.121966675
337.5	0.1219476
338	0.121946841
338.5	0.1220361
339	0.122073486
339.5	0.122247443
340	0.12240918
340.5	0.122645706
341	0.122768536
341.5	0.122830331
342	0.122791424
342.5	0.122947067
343	0.123146191
343.5	0.123136282
344	0.123148486
344.5	0.123076007
345	0.123040915
345.5	0.122919604
346	0.122838721
346.5	0.122732684
347	0.122792184
347.5	0.1226396
348	0.122676224
348.5	0.122585431
349	0.122622043
349.5	0.122655615
350	0.122585431
350.5	0.122588485
351	0.122569412
351.5	0.122710556
352	0.122606024
352.5	0.122709796
353	0.12259458
353.5	0.122578561
354	0.122523636
354.5	0.122622043
355	0.122590765
355.5	0.122549564
356	0.122631207
356.5	0.122545749
357	0.122633487
357.5	0.12253736
358	0.122498453
358.5	0.122467935
359	0.122467935
359.5	0.122505322
360	0.122499973
360.5	0.122325256
361	0.122380957
361.5	0.122481659
362	0.122276425
362.5	0.122353494
363	0.122382477
363.5	0.1223184
364	0.122340515
364.5	0.122334421
365	0.122256592
365.5	0.122199371
366	0.122261941
366.5	0.122293979
367	0.1222215
367.5	0.12227948
368	0.122308478
368.5	0.122307718
369	0.122143686
369.5	0.122104764
370	0.122193277
370.5	0.1221063
371	0.122162759
371.5	0.122072726
372	0.122065857
372.5	0.122004062
373	0.1220651
373.5	0.122032285
374	0.122098669
374.5	0.122082636
375	0.12202695
375.5	0.122004062
376	0.121951416
376.5	0.121949121
377	0.121988043
377.5	0.121928528
378	0.121985748
378.5	0.122014746
379	0.1220094
379.5	0.12221387
380	0.12208645
380.5	0.121886566
381	0.121878177
381.5	0.121938452
382	0.121994138
382.5	0.121838495
383	0.121814087
383.5	0.121936157
384	0.122015506
384.5	0.121979639
385	0.122015506
385.5	0.122052118
386	0.121975064
386.5	0.122040674
387	0.121960565
387.5	0.122032285
388	0.121941492
388.5	0.121986508
389	0.12190564
389.5	0.121883512
390	0.121933863
390.5	0.121980414
391	0.121965915
391.5	0.121856809
392	0.121802643
392.5	0.121801883
393	0.121627927
393.5	0.121596649
394	0.121585965
394.5	0.12146771
395	0.121341825
395.5	0.121280015
396	0.121036634
396.5	0.121000022
397	0.120914564
397.5	0.120742142
398	0.120727643
398.5	0.120752051
399	0.120675758
399.5	0.120696366
400	0.120607093
400.5	0.120428562
401	0.1204011
401.5	0.120782569
402	0.120636091
402.5	0.120912269
403	0.120903119
403.5	0.121044263
404	0.121035874
404.5	0.121205255
405	0.12114498
405.5	0.12115185
406	0.121184647
406.5	0.121215165
407	0.121099204
407.5	0.121128187
408	0.1213197
408.5	0.121022135
409	0.1211465
409.5	0.121238053
410	0.121193036
410.5	0.121180072
411	0.121455491
411.5	0.121501267
412	0.121299848
412.5	0.121286884
413	0.121369287
413.5	0.121366233
414	0.121244922
414.5	0.121196091
415	0.121277735
415.5	0.121280774
416	0.121315107
416.5	0.121279255
417	0.121291459
417.5	0.121289179
418	0.1213464
418.5	0.121347919
419	0.121435657
419.5	0.1213586
420	0.121434137
420.5	0.121350214
421	0.121309772
421.5	0.121502042
422	0.121554688
422.5	0.121428788
423	0.12152721
423.5	0.121318161
424	0.121345639
424.5	0.1213609
425	0.121336475
425.5	0.121476859
426	0.1214059
426.5	0.121436417
427	0.121441767
427.5	0.121365473
428	0.121382251
428.5	0.121444046
429	0.121415824
429.5	0.121313587
430	0.120941266
430.5	0.121283069
431	0.121438712
431.5	0.1213792
432	0.121419638
432.5	0.121381491
433	0.121363938
433.5	0.1214349
434	0.121477619
434.5	0.121515766
435	0.121473044
435.5	0.121562317
436	0.121522635
436.5	0.121549338
437	0.121504322
437.5	0.121437192
438	0.121518821
438.5	0.121457785
439	0.121392936
439.5	0.121469989
440	0.121500507
440.5	0.121053427
441	0.12121135
441.5	0.121324271
442	0.1212617
442.5	0.121402085
443	0.120816141
443.5	0.120517835
444	0.121201441
444.5	0.121448636
445	0.121428028
445.5	0.121469229
446	0.121537134
446.5	0.121627927
447	0.121581391
447.5	0.1214326
448	0.121540189
448.5	0.121497452
449	0.121473044
449.5	0.121479154
450	0.121479914
450.5	0.121500507
451	0.121450156
451.5	0.121503562
452	0.121512711
452.5	0.121477619
453	0.121574521
453.5	0.121539429
454	0.121573761
454.5	0.121675983
455	0.121602744
455.5	0.121692017
456	0.1217477
456.5	0.1217912
457	0.121703461
457.5	0.121799588
458	0.12190564
458.5	0.121953711
459	0.121988043
459.5	0.122136816
460	0.122169614
460.5	0.122193277
461	0.122176483
461.5	0.122359589
462	0.122451916
462.5	0.12247175
463	0.122422159
463.5	0.1224954
464	0.122696057
464.5	0.12265943
465	0.122728869
465.5	0.122807443
466	0.12265943
466.5	0.122586191
467	0.12252821
467.5	0.122648746
468	0.122602969
468.5	0.12247175
469	0.122493878
469.5	0.122667059
470	0.122418344
470.5	0.122228369
471	0.122191742
471.5	0.12222074
472	0.122201666
472.5	0.122385532
473	0.122187167
473.5	0.12228483
474	0.1223039
474.5	0.122229129
475	0.1223779
475.5	0.122304663
476	0.122467175
476.5	0.122351959
477	0.12240842
477.5	0.122265756
478	0.122276425
478.5	0.122254312
479	0.122190982
479.5	0.122253537
480	0.122197852
480.5	0.1221063
481	0.122179538
481.5	0.12227948
482	0.122177243
482.5	0.122120023
483	0.122167334
483.5	0.122274145
484	0.1221803
484.5	0.1217477
485	0.121923193
485.5	0.122087225
486	0.122082636
486.5	0.122082636
487	0.122130707
487.5	0.121982694
488	0.122059748
488.5	0.121984228
489	0.122024655
489.5	0.122017026
490	0.121856049
490.5	0.12197201
491	0.1221063
491.5	0.122126892
492	0.1220506
492.5	0.122043729
493	0.122078061
493.5	0.122110114
494	0.1221475
494.5	0.122013211
495	0.122030005
495.5	0.122040674
496	0.122038394
496.5	0.1219064
497	0.122004822
497.5	0.122020841
498	0.122072726
498.5	0.121955991
499	0.121929288
499.5	0.121959046
500	0.121949896
500.5	0.121880457
501	0.121913269
501.5	0.121864438
502	0.12177594
502.5	0.121801108
503	0.12190792
503.5	0.121939212
504	0.1219064
504.5	0.12183544
505	0.121729404
505.5	0.121756107
506	0.121729404
506.5	0.121746942
507	0.121795014
507.5	0.121780515
508	0.12184231
508.5	0.121856809
509	0.12177518
509.5	0.121742368
510	0.121806458
510.5	0.121759921
511	0.121737793
511.5	0.121801883
512	0.12171948
512.5	0.121744663
513	0.121825531
513.5	0.121750757
514	0.121689722
514.5	0.121741608
515	0.121824
515.5	0.121653095
516	0.121691242
516.5	0.121660724
517	0.121574521
517.5	0.121636316
518	0.1214906
518.5	0.121482193
519	0.12133801
519.5	0.121351734
520	0.121386826
520.5	0.121394455
521	0.12139523
521.5	0.121436417
522	0.121518821
522.5	0.121491358
523	0.1215318
523.5	0.121559262
524	0.121299088
524.5	0.1214471
525	0.121598169
525.5	0.121595874
526	0.121635556
526.5	0.121621817
527	0.121548578
527.5	0.121556208
528	0.121662259
528.5	0.1222955
529	0.1218774
529.5	0.121658444
530	0.121696591
530.5	0.12171872
531	0.121669129
531.5	0.121724054
532	0.121683612
532.5	0.121764496
533	0.121736258
533.5	0.121833161
534	0.121704221
534.5	0.121709555
535	0.121770591
535.5	0.121763736
536	0.12177746
536.5	0.1217477
537	0.121875882
537.5	0.121868253
538	0.121714905
538.5	0.121612668
539	0.121563077
539.5	0.121492878
540	0.121478379
540.5	0.121522635
541	0.121392176
541.5	0.121356308
542	0.121449396
542.5	0.1215318
543	0.121605039
543.5	0.121746182
544	0.121941492
544.5	0.122023135
545	0.122264221
545.5	0.122231424
546	0.122370273
546.5	0.122332886
547	0.122323737
547.5	0.122265756
548	0.122332126
548.5	0.122354254
549	0.122282535
549.5	0.122246683
550	0.122241333
550.5	0.122305423
551	0.122204721
551.5	0.122387826
552	0.122065857
552.5	0.122163519
553	0.122025415
553.5	0.121693537
554	0.121939212
554.5	0.122038394
555	0.121975064
555.5	0.1218507
556	0.121743128
556.5	0.121736258
557	0.121682853
557.5	0.121737793
558	0.121758386
558.5	0.121624112
559	0.1215913
559.5	0.12158291
560	0.121563077
560.5	0.121605039
561	0.1216943
561.5	0.121672168
562	0.121736258
562.5	0.121723294
563	0.121640131
563.5	0.121548578
564	0.1215768
564.5	0.121455491
565	0.121429563
565.5	0.121267051
566	0.121200666
566.5	0.121161759
567	0.120828345
567.5	0.121079355
568	0.121177778
568.5	0.12114574
569	0.121104538
569.5	0.1211465
570	0.12108776
570.5	0.121062577
571	0.121150315
571.5	0.121012226
572	0.121011466
572.5	0.121039689
573	0.12108013
573.5	0.1210641
574	0.120954245
574.5	0.121064872
575	0.121009171
575.5	0.12089701
576	0.121000022
576.5	0.121003836
577	0.120995432
577.5	0.121069446
578	0.121354029
578.5	0.121824771
579	0.121751517
579.5	0.12127544
580	0.121455491
580.5	0.121254846
581	0.121052653
581.5	0.121097669
582	0.121223554
582.5	0.121148035
583	0.121158704
583.5	0.1211175
584	0.12108241
584.5	0.121222034
585	0.121112928
585.5	0.12115185
586	0.121206775
586.5	0.121067151
587	0.121196851
587.5	0.121109113
588	0.121141165
588.5	0.121042743
589	0.121122852
589.5	0.121104538
590	0.121086225
590.5	0.12108013
591	0.121180072
591.5	0.121239588
592	0.121229663
592.5	0.121196091
593	0.121186182
593.5	0.121235
594	0.121296808
594.5	0.1212762
595	0.121176258
595.5	0.121291459
596	0.121256366
596.5	0.12140286
597	0.121334195
597.5	0.121368527
598	0.121306717
598.5	0.121237293
599	0.121255606
599.5	0.121286884
600	0.121279255
600.5	0.121344104
601	0.121362418
601.5	0.121563077
602	0.121731684
602.5	0.121876642
603	0.121927008
603.5	0.1219064
604	0.12177746
604.5	0.121662259
605	0.121203721
605.5	0.121489823
606	0.121645465
606.5	0.121820956
607	0.121716425
607.5	0.121724054
608	0.121782809
608.5	0.121659204
609	0.121643186
609.5	0.121715665
610	0.121690482
610.5	0.121721774
611	0.121633261
611.5	0.121729404
612	0.1216943
612.5	0.121622577
613	0.121680573
613.5	0.121658444
614	0.121653095
614.5	0.121695831
615	0.120993912
615.5	0.121389881
616	0.1215318
616.5	0.1214761
617	0.121569946
617.5	0.121477619
618	0.121521875
618.5	0.121534079
619	0.12183392
619.5	0.121682093
620	0.121534079
620.5	0.121638611
621	0.121625632
621.5	0.121645465
622	0.121669888
622.5	0.121636316
623	0.121588245
623.5	0.121666834
624	0.121844605
624.5	0.121743888
625	0.121553913
625.5	0.12152569
626	0.121737793
626.5	0.121604279
627	0.121586725
627.5	0.121341825
628	0.121119037
628.5	0.121134296
629	0.120898545
629.5	0.120890915
630	0.12089473
630.5	0.120887861
631	0.12089549
631.5	0.1208581
632	0.120826825
632.5	0.120688736
633	0.120741382
633.5	0.120803177
634	0.120876417
634.5	0.120996967
635	0.121141925
635.5	0.121077076
636	0.121045023
636.5	0.121263996
637	0.121162519
637.5	0.121161
638	0.121226609
638.5	0.121231958
639	0.121296808
639.5	0.121327326
640	0.121520355
640.5	0.121647
641	0.121337235
641.5	0.121503562
642	0.121611908
642.5	0.121521875
643	0.121785089
643.5	0.121667594
644	0.1216203
644.5	0.121680573
645	0.121752292
645.5	0.12159054
646	0.121849939
646.5	0.121818662
647	0.121809512
647.5	0.121783569
648	0.121541709
648.5	0.121486008
649	0.121560022
649.5	0.121807218
650	0.121914029
</Group>
</Session>
