<Session>
Acquisition 1 2016-08-31 16:03:43
<Group>
Detector1
2
701		701	
D1 320:300-650	T636070406482226925	D1 320:300-650 [COR]	T636070406482226927
X	Y	X	Y
300	18.8004761	300	249.6846
300.5	40.3034668	300.5	535.1359
301	53.30536	301	709.114136
301.5	76.80884	301.5	1021.64703
302	89.81079	302	1193.53625
302.5	92.31116	302.5	1226.368
303	50.30493	303	669.346069
303.5	91.3110352	303.5	1215.47681
304	63.3068237	304	841.3447
304.5	102.312683	304.5	1360.53967
305	43.8040161	305	582.6225
305.5	59.3062134	305.5	788.936768
306	76.80884	306	1022.03955
306.5	44.80414	306.5	595.835
307	90.31085	307	1202.2356
307.5	24.80133	307.5	329.87912
308	70.80792	308	940.7791
308.5	97.81201	308.5	1299.75085
309	110.814026	309	1472.558
309.5	93.8114	309.5	1246.80542
310	76.30878	310	1012.22815
310.5	27.3016357	310.5	362.93576
311	85.81018	311	1143.01965
311.5	35.8028564	311.5	476.743927
312	88.81061	312	1182.58484
312.5	51.3050537	312.5	681.831543
313	36.80298	313	489.212982
313.5	78.30902	313.5	1040.60571
314	81.30951	314	1079.05676
314.5	66.30725	314.5	879.8364
315	22.3009644	315	296.069061
315.5	38.8032837	315.5	514.8105
316	67.3074341	316	893.0208
316.5	88.81061	316.5	1178.73645
317	83.3098145	317	1105.395
317.5	71.30798	317.5	945.4955
318	222.3327	318	2949.77466
318.5	407.3692	318.5	5400.02
319	705.4423	319	9359.097
319.5	949.0153	319.5	12583.4873
320	1171.09229	320	15516.0049
320.5	1290.13745	320.5	17096.8477
321	1336.656	321	17698.9648
321.5	1022.03961	321.5	13536.002
322	625.420959	322	8277.74
322.5	403.368347	322.5	5339.97
323	240.335938	323	3182.39014
323.5	93.8114	323.5	1241.573
324	43.303894	324	572.2982
324.5	44.80414	324.5	593.8763
325	79.8092651	325	1057.86719
325.5	73.80835	325.5	977.5036
326	20.8007813	326	275.5332
326.5	65.30713	326.5	865.0773
327	68.80762	327	911.774048
327.5	28.3018188	327.5	374.3859
328	52.3052368	328	691.807434
328.5	32.80243	328.5	433.385834
329	78.30902	329	1035.31616
329.5	87.8104858	329.5	1160.61255
330	62.8067627	330	830.5301
330.5	76.30878	330.5	1009.748
331	72.30817	331	956.1655
331.5	123.8161	331.5	1636.912
332	68.3075562	332	902.425659
332.5	97.31195	332.5	1285.94556
333	55.8057251	333	737.360657
333.5	39.3033447	333.5	519.8165
334	20.30072	334	268.169037
334.5	82.30963	334.5	1087.24744
335	86.31024	335	1140.60425
335.5	61.30652	335.5	810.831238
336	72.80823	336	962.3314
336.5	100.312378	336.5	1326.03186
337	122.315857	337	1617.09
337.5	29.802002	337.5	393.97702
338	95.81171	338	1267.44812
338.5	43.8040161	338.5	578.587341
339	45.80426	339	605.066467
339.5	95.3116455	339.5	1259.20142
340	79.3092041	340	1047.144
340.5	85.31012	340.5	1127.14282
341	106.813416	341	1411.86353
341.5	49.30481	341.5	651.6835
342	27.8017578	342	367.215271
342.5	94.31146	342.5	1244.09814
343	81.80957	343	1078.64929
343.5	88.81061	343.5	1173.19055
344	103.812927	344	1371.83337
344.5	86.8103	344.5	1147.89978
345	86.31024	345	1140.502
345.5	40.3034668	345.5	532.489563
346	90.81091	346	1200.86328
346.5	61.30652	346.5	817.214539
347	104.312988	347	1382.68335
347.5	50.8049927	347.5	675.3688
348	23.8011475	348	315.276947
348.5	104.312988	348.5	1381.636
349	113.314392	349	1502.02087
349.5	83.8098755	349.5	1110.35339
350	40.3034668	350	534.0598
350.5	69.8078	350.5	925.0761
351	59.8063354	351	790.9486
351.5	61.80658	351.5	817.408264
352	119.315369	352	1579.98853
352.5	176.824768	352.5	2339.13184
353	141.318909	353	1869.41357
353.5	111.314087	353.5	1473.53735
354	139.818665	354	1851.98169
354.5	125.816406	354.5	1663.519
355	158.321655	355	2103.16968
355.5	158.821777	355.5	2102.207
356	187.3266	356	2477.98169
356.5	129.316956	356.5	1709.6106
357	202.829285	357	2682.71143
357.5	173.324219	357.5	2291.40039
358	185.326233	358	2448.989
358.5	202.329163	358.5	2673.67383
359	245.836975	359	3248.89819
359.5	209.330383	359.5	2767.95166
360	175.324524	360	2318.29614
360.5	237.335388	360.5	3138.25879
361	247.337219	361	3272.9624
361.5	159.321838	361.5	2103.74878
362	256.338928	362	3386.72583
362.5	135.317932	362.5	1787.76758
363	204.82959	363	2706.351
363.5	211.33075	363.5	2785.871
364	208.830322	364	2757.93237
364.5	182.8258	364.5	2415.134
365	166.323	365	2196.37573
365.5	218.33197	365.5	2883.52441
366	241.836243	366	3195.835
366.5	208.830322	366.5	2759.58325
367	248.3374	367	3279.489
367.5	217.331848	367.5	2869.43579
368	168.323364	368	2223.83887
368.5	185.8263	368.5	2451.17651
369	195.828064	369	2586.29443
369.5	187.82666	369.5	2481.734
370	143.319214	370	1893.3075
370.5	210.330566	370.5	2777.35059
371	197.328308	371	2600.546
371.5	204.82959	371.5	2698.21558
372	236.3352	372	3114.05127
372.5	213.831177	372.5	2814.27417
373	260.839722	373	3433.29565
373.5	237.335388	373.5	3130.266
374	195.828064	374	2580.62061
374.5	247.837341	374.5	3268.21753
375	245.336853	375	3232.22681
375.5	246.837158	375.5	3253.74048
376	163.32251	376	2152.50366
376.5	237.83551	376.5	3135.90234
377	245.336853	377	3235.02637
377.5	151.320557	377.5	1994.80054
378	244.836792	378	3227.3
378.5	207.830139	378.5	2741.443
379	189.827026	379	2504.08
379.5	210.330566	379.5	2773.05835
380	194.327759	380	2561.6333
380.5	217.331848	380.5	2866.75659
381	212.831	381	2806.025
381.5	192.327454	381.5	2537.32959
382	206.829956	382	2728.31079
382.5	234.834961	382.5	3100.1123
383	216.831726	383	2862.319
383.5	203.329346	383.5	2681.35278
384	192.327454	384	2536.117
384.5	167.323181	384.5	2203.7666
385	156.32135	385	2060.17041
385.5	202.329163	385.5	2664.82056
386	198.328491	386	2614.19531
386.5	186.826477	386.5	2464.13062
387	178.325012	387	2350.56152
387.5	194.327759	387.5	2561.49927
388	212.330933	388	2799.223
388.5	204.329529	388.5	2688.11938
389	131.817383	389	1737.65869
389.5	182.8258	389.5	2410.896
390	173.82428	390	2292.314
390.5	196.328125	390.5	2588.427
391	171.823914	391	2268.068
391.5	148.820129	391.5	1966.4917
392	136.318054	392	1805.43787
392.5	119.81543	392.5	1588.70691
393	105.813232	393	1403.84412
393.5	154.321045	393.5	2043.98242
394	219.832275	394	2907.77515
394.5	130.8172	394.5	1726.4458
395	151.320557	395	1993.40173
395.5	116.814941	395.5	1536.61145
396	194.827881	396	2558.67627
396.5	144.3194	396.5	1895.1084
397	171.823914	397	2252.44458
397.5	134.81781	397.5	1766.37317
398	194.827881	398	2548.68823
398.5	166.82312	398.5	2180.47974
399	126.816528	399	1655.47375
399.5	169.823608	399.5	2213.97876
400	134.317749	400	1749.78674
400.5	131.317261	400.5	1711.40564
401	114.814636	401	1497.09583
401.5	167.323181	401.5	2183.154
402	109.813843	402	1431.3927
402.5	109.313782	402.5	1425.11633
403	103.812927	403	1351.20764
403.5	150.820435	403.5	1964.95935
404	103.812927	404	1353.68188
404.5	182.325745	404.5	2380.07837
405	134.81781	405	1764.95923
405.5	120.815613	405.5	1581.22815
406	117.815125	406	1541.28418
406.5	101.812622	406.5	1333.67456
407	60.8064575	407	796.108948
407.5	121.315674	407.5	1588.56189
408	68.80762	408	901.6262
408.5	181.325562	408.5	2378.94434
409	112.31427	409	1474.35559
409.5	73.80835	409.5	968.6199
410	129.817017	410	1704.6853
410.5	83.8098755	410.5	1101.70825
411	126.316467	411	1661.52258
411.5	123.8161	411.5	1628.42725
412	113.314392	412	1490.56433
412.5	122.815918	412.5	1615.65808
413	162.822449	413	2144.68042
413.5	141.81897	413.5	1870.03333
414	92.81122	414	1222.49976
414.5	93.8114	414.5	1235.72937
415	75.30859	415	992.9791
415.5	78.30902	415.5	1032.94214
416	92.81122	416	1225.19556
416.5	35.3027954	416.5	465.671661
417	65.30713	417	861.613342
417.5	90.31085	417.5	1191.76965
418	97.31195	418	1283.07483
418.5	16.30011	418.5	215.246
419	100.8125	419	1330.74048
419.5	95.3116455	419.5	1259.38025
420	98.8121948	420	1305.22388
420.5	16.30011	420.5	215.6152
421	30.802124	421	407.1131
421.5	92.31116	421.5	1219.6427
422	55.8057251	422	737.388245
422.5	63.8068848	422.5	843.4964
423	81.30951	423	1074.2616
423.5	71.30798	423.5	942.862
424	31.8023071	424	420.66
424.5	62.3067	424.5	824.3559
425	104.312988	425	1380.45569
425.5	-2.20239258	425.5	-29.108036
426	75.8086548	426	1002.58191
426.5	102.312683	426.5	1353.00073
427	145.819641	427	1929.13879
427.5	71.8081055	427.5	949.745056
428	91.8111	428	1214.52588
428.5	106.313354	428.5	1406.32751
429	11.7994995	429	156.275
429.5	44.3040771	429.5	586.3063
430	68.80762	430	909.5083
430.5	81.80957	430.5	1086.575
431	75.30859	431	997.7841
431.5	75.30859	431.5	997.425
432	65.80719	432	871.478943
432.5	81.30951	432.5	1076.888
433	50.30493	433	667.00415
433.5	38.8032837	433.5	514.0266
434	42.803833	434	566.7965
434.5	83.3098145	434.5	1102.38025
435	61.30652	435	811.767456
435.5	74.30847	435.5	985.228
436	61.30652	436	811.7614
436.5	87.3104248	436.5	1156.94727
437	32.30237	437	428.121033
437.5	65.30713	437.5	864.8502
438	31.8023071	438	421.376465
438.5	72.30817	438.5	957.750366
439	66.80731	439	884.3389
439.5	44.3040771	439.5	586.6316
440	5.298645	440	70.11483
440.5	59.8063354	440.5	791.7253
441	75.30859	441	996.871765
441.5	90.31085	441.5	1196.30188
442	43.303894	442	573.1174
442.5	72.30817	442.5	958.023438
443	4.798584	443	63.5343742
443.5	76.30878	443.5	1009.869
444	18.300415	444	242.327225
444.5	101.812622	444.5	1347.77039
445	53.80542	445	712.0333
445.5	25.8014526	445.5	341.502045
446	18.8004761	446	249.105743
446.5	19.8005981	446.5	262.589783
447	-5.202759	447	-68.97832
447.5	69.8078	447.5	925.0276
448	26.8015747	448	354.965576
448.5	81.30951	448.5	1076.59729
449	40.80359	449	540.0386
449.5	-4.20263672	449.5	-55.6334648
450	22.8010254	450	302.219452
450.5	-15.7041626	450.5	-208.195282
451	-0.2020874	451	-2.67964244
451.5	75.30859	451.5	999.5089
452	61.80658	452	818.9599
452.5	25.8014526	452.5	341.9172
453	64.80707	453	860.2925
453.5	22.8010254	453.5	301.933929
454	32.80243	454	434.670319
454.5	53.30536	454.5	706.3897
455	19.8005981	455	263.357117
455.5	46.3043823	455.5	614.9759
456	5.298645	456	70.26171
456.5	1.2980957	456.5	17.2149677
457	26.3015137	457	348.8214
457.5	57.80603	457.5	766.7911
458	-1.70233154	458	-22.5780315
458.5	59.8063354	458.5	793.0687
459	-9.703369	459	-128.872
459.5	31.3022461	459.5	415.249176
460	13.7998047	460	182.981522
460.5	4.298523	460.5	56.9792366
461	73.80835	461	978.4723
461.5	20.30072	461.5	268.9395
462	28.3018188	462	375.3446
462.5	16.30011	462.5	215.985687
463	25.3013916	463	334.875824
463.5	52.8052979	463.5	698.9449
464	39.3033447	464	520.5611
464.5	17.800354	464.5	235.786911
465	25.3013916	465	335.059143
465.5	50.30493	465.5	665.7696
466	30.302063	466	400.803741
466.5	65.80719	466.5	870.7999
467	84.81	467	1121.23132
467.5	14.2998657	467.5	189.1308
468	76.30878	468	1009.66479
468.5	29.30194	468.5	387.4417
469	29.30194	469	387.6942
469.5	32.80243	469.5	433.9572
470	18.8004761	470	248.397522
470.5	59.8063354	470.5	790.924866
471	13.2997437	471	176.0442
471.5	25.8014526	471.5	341.307648
472	-8.203186	472	-108.348106
472.5	35.8028564	472.5	472.666779
473	-17.7044067	473	-234.312119
473.5	35.3027954	473.5	466.322968
474	-2.20239258	474	-29.0860519
474.5	1.79815674	474.5	23.767746
475	30.302063	475	400.506775
475.5	46.8044434	475.5	618.7508
476	22.8010254	476	300.561432
476.5	-12.2036743	476.5	-161.24585
477	-28.7058716	477	-379.36142
477.5	29.802002	477.5	394.41394
478	65.80719	478	869.8873
478.5	9.299194	478.5	123.011
479	20.8007813	479	275.062836
479.5	83.8098755	479.5	1106.61743
480	27.3016357	480	360.45047
480.5	-3.20251465	480.5	-42.26831
481	30.302063	481	399.558868
481.5	25.3013916	481.5	333.508636
482	27.3016357	482	359.9123
482.5	52.3052368	482.5	690.679749
483	14.7999268	483	195.246017
483.5	-16.2042236	483.5	-213.762436
484	30.802124	484	408.2681
484.5	81.30951	484.5	1072.80078
485	36.3029175	485	478.6924
485.5	33.30249	485.5	439.01062
486	76.30878	486	1005.69391
486.5	75.8086548	486.5	1000.56628
487	44.3040771	487	584.410034
487.5	37.80316	487.5	499.1269
488	55.3056641	488	728.6599
488.5	30.302063	488.5	399.552856
489	65.30713	489	862.186646
489.5	17.300293	489.5	228.429688
490	37.80316	490	499.6536
490.5	49.80487	490.5	657.8745
491	52.3052368	491	691.424255
491.5	-9.203308	491.5	-121.618706
492	29.802002	492	393.99765
492.5	32.80243	492.5	434.494232
493	26.8015747	493	354.516235
493.5	-7.703125	493.5	-101.830093
494	-2.70245361	494	-35.7147141
494.5	61.80658	494.5	816.8515
495	37.80316	495	499.605042
495.5	40.3034668	495.5	532.625061
496	27.8017578	496	367.3142
496.5	45.80426	496.5	605.5828
497	-3.20251465	497	-42.3902855
497.5	66.80731	497.5	888.133362
498	5.298645	498	70.29074
498.5	3.798462	498.5	50.3559532
499	34.8027344	499	461.187073
499.5	25.3013916	499.5	334.79306
500	57.80603	500	764.517
500.5	45.3042	500.5	599.7843
501	17.800354	501	235.467255
501.5	67.3074341	501.5	889.9519
502	42.303772	502	561.1004
502.5	10.2993164	502.5	136.424683
503	53.80542	503	712.5352
503.5	4.798584	503.5	63.5486679
504	26.3015137	504	348.1912
504.5	54.805603	504.5	724.498352
505	69.30768	505	917.251
505.5	3.798462	505.5	50.2281342
506	29.802002	506	394.3519
506.5	16.30011	506.5	215.460281
507	44.3040771	507	586.4952
507.5	84.30994	507.5	1116.0824
508	-62.210022	508	-823.144531
508.5	-37.20691	508.5	-492.23703
509	-10.7034912	509	-141.39975
509.5	6.298767	509.5	83.2648
510	43.303894	510	572.8383
510.5	67.8074951	510.5	897.6727
511	-26.2055054	511	-346.146973
511.5	-18.2044678	511.5	-240.6273
512	39.8034058	512	526.0677
512.5	25.8014526	512.5	341.3153
513	35.8028564	513	473.818
513.5	-8.703247	513.5	-115.075142
514	43.303894	514	571.8018
514.5	30.302063	514.5	400.2701
515	34.8027344	515	460.199432
515.5	11.7994995	515.5	155.891525
516	5.798706	516	76.65095
516.5	38.3032227	516.5	507.03717
517	0.798034668	517	10.562602
517.5	28.80188	517.5	380.152283
518	82.80975	518	1094.00916
518.5	17.300293	518.5	228.419449
519	17.800354	519	235.217056
519.5	-1.70233154	519.5	-22.485157
520	63.8068848	520	841.091248
520.5	-3.70257568	520.5	-48.8716431
521	32.30237	521	426.5652
521.5	64.80707	521.5	855.757446
522	37.3031	522	492.623932
522.5	-33.20642	522.5	-438.431427
523	38.8032837	523	512.4928
523.5	0.798034668	523.5	10.5310316
524	23.8011475	524	314.1788
524.5	10.7993774	524.5	142.597137
525	8.299072	525	109.50074
525.5	52.8052979	525.5	697.4864
526	54.805603	526	723.0262
526.5	-51.70874	526.5	-681.7327
527	9.299194	527	122.942856
527.5	45.3042	527.5	598.751831
528	44.80414	528	592.17395
528.5	-14.7040405	528.5	-194.245117
529	-18.2044678	529	-240.594879
529.5	40.80359	529.5	540.0183
530	8.299072	530	109.767265
530.5	11.7994995	530.5	155.871719
531	-25.7054443	531	-339.9434
531.5	-22.7050781	531.5	-299.972839
532	33.80255	532	446.866882
532.5	22.8010254	532.5	301.274261
533	27.8017578	533	367.487366
533.5	35.3027954	533.5	466.333466
534	-8.703247	534	-114.958946
534.5	-6.702942	534.5	-88.5930939
535	28.80188	535	378.821625
535.5	23.8011475	535.5	313.9465
536	2.79827881	536	36.9399147
536.5	47.8045654	536.5	630.9993
537	15.8000488	537	208.630112
537.5	71.30798	537.5	940.4398
538	28.3018188	538	373.674927
538.5	29.30194	538.5	386.8451
539	20.8007813	539	274.6289
539.5	2.29821777	539.5	30.32912
540	14.7999268	540	195.41098
540.5	-23.20514	540.5	-306.261017
541	20.30072	541	267.504761
541.5	-20.704834	541.5	-272.8929
542	72.30817	542	953.915649
542.5	47.8045654	542.5	629.850647
543	27.8017578	543	366.365845
543.5	24.80133	543.5	326.8244
544	-22.2050171	544	-292.432
544.5	45.3042	544.5	596.359741
545	50.30493	545	661.9794
545.5	-19.20459	545.5	-252.642426
546	24.30127	546	319.9888
546.5	39.3033447	546.5	517.3292
547	37.3031	547	491.184082
547.5	-26.7055664	547.5	-351.380341
548	-39.7072754	548	-522.739441
548.5	11.7994995	548.5	155.290909
549	22.3009644	549	293.719727
549.5	2.79827881	549.5	36.90295
550	49.30481	550	649.500854
550.5	55.8057251	550.5	736.1599
551	55.3056641	551	728.795837
551.5	-22.7050781	551.5	-299.2676
552	15.2999878	552	201.549408
552.5	42.303772	552.5	556.76
553	52.8052979	553	695.0949
553.5	45.3042	553.5	596.7556
554	22.8010254	554	300.341736
554.5	26.3015137	554.5	346.489929
555	35.8028564	555	471.697083
555.5	36.3029175	555.5	478.478058
556	25.8014526	556	339.8617
556.5	19.8005981	556.5	261.394379
557	27.3016357	557	360.165
557.5	-4.20263672	557.5	-55.4966049
558	-24.2052612	558	-319.494049
558.5	25.8014526	558.5	340.199158
559	-41.20746	559	-543.6562
559.5	-19.20459	559.5	-253.340668
560	-14.2039795	560	-187.413452
560.5	39.8034058	560.5	524.967651
561	-8.203186	561	-108.205666
561.5	30.802124	561.5	406.4196
562	17.800354	562	234.537918
562.5	-1.20220947	562.5	-15.86686
563	30.302063	563	399.6006
563.5	49.30481	563.5	650.6852
564	37.80316	564	498.824829
564.5	-16.7042847	564.5	-220.43158
565	51.8051758	565	683.0296
565.5	33.30249	565.5	438.725677
566	-8.203186	566	-108.057976
566.5	57.80603	566.5	761.205
567	25.8014526	567	339.623566
567.5	-16.7042847	567.5	-219.730484
568	-14.7040405	568	-193.661346
568.5	-40.2073364	568.5	-529.3029
569	67.3074341	569	886.5666
569.5	25.3013916	569.5	333.329468
570	16.8002319	570	221.5702
570.5	32.80243	570.5	432.244324
571	-16.7042847	571	-220.115768
571.5	-32.2063	571.5	-424.55368
572	41.30365	572	544.1245
572.5	-22.2050171	572.5	-292.654633
573	11.2994385	573	148.940567
573.5	-23.20514	573.5	-305.9615
574	36.80298	574	485.8086
574.5	34.8027344	574.5	459.0412
575	23.3010864	575	307.658417
575.5	39.8034058	575.5	525.8592
576	52.3052368	576	691.020752
576.5	17.300293	576.5	228.470688
577	31.3022461	577	414.0021
577.5	23.3010864	577.5	308.0246
578	28.80188	578	380.929535
578.5	-27.2056274	578.5	-359.922852
579	46.3043823	579	613.1912
579.5	29.802002	579.5	395.011932
580	-13.2038574	580	-174.877213
580.5	18.300415	580.5	242.518143
581	12.2995605	581	162.926025
581.5	74.80853	581.5	992.6406
582	5.298645	582	70.53765
582.5	5.298645	582.5	70.35098
583	17.800354	583	236.574768
583.5	6.298767	583.5	83.76895
584	-4.20263672	584	-55.9012222
584.5	-6.202881	584.5	-82.5807953
585	-3.20251465	585	-42.62671
585.5	4.798584	585.5	63.89075
586	20.8007813	586	277.079468
586.5	26.8015747	586.5	357.003052
587	-13.7039185	587	-182.877228
587.5	31.3022461	587.5	417.570282
588	26.3015137	588	350.027924
588.5	-25.2053833	588.5	-335.384735
589	56.3057861	589	749.570435
589.5	-16.2042236	589.5	-215.5529
590	-20.2047729	590	-268.751038
590.5	-11.2035522	590.5	-148.915985
591	16.8002319	591	224.692978
591.5	13.2997437	591.5	176.9634
592	53.30536	592	708.3618
592.5	-6.702942	592.5	-89.0288544
593	6.298767	593	83.65618
593.5	-4.70269775	593.5	-62.3517647
594	-54.7091064	594	-725.117065
594.5	34.8027344	594.5	460.609863
595	35.8028564	595	473.0275
595.5	-73.2113647	595.5	-970.703857
596	-39.7072754	596	-524.1304
596.5	26.3015137	596.5	347.217743
597	5.298645	597	69.83384
597.5	-12.7037354	597.5	-167.372253
598	20.8007813	598	274.834381
598.5	-9.703369	598.5	-128.072556
599	-24.2052612	599	-318.929138
599.5	-15.7041626	599.5	-206.76416
600	-30.7061157	600	-404.304016
600.5	68.80762	600.5	906.1241
601	60.3063965	601	794.6579
601.5	2.79827881	601.5	36.9117775
602	-6.202881	602	-81.74578
602.5	-27.2056274	602.5	-358.614532
603	-36.2067871	603	-476.517578
603.5	-5.202759	603.5	-68.47198
604	-39.7072754	604	-522.451233
604.5	-20.2047729	604.5	-265.5351
605	-25.7054443	605	-337.999542
605.5	4.798584	605.5	63.0385971
606	25.3013916	606	332.3897
606.5	-5.70282	606.5	-75.3062439
607	14.7999268	607	195.109009
607.5	-15.7041626	607.5	-206.161667
608	-23.7052	608	-311.154022
608.5	-27.2056274	608.5	-356.3986
609	-13.2038574	609	-172.997284
609.5	8.299072	609.5	108.602524
610	-14.2039795	610	-185.68074
610.5	-9.703369	610.5	-127.011284
611	57.80603	611	756.3548
611.5	34.8027344	611.5	454.6607
612	51.8051758	612	678.2797
612.5	17.800354	612.5	232.792389
613	-21.204895	613	-277.304535
613.5	22.3009644	613.5	291.81543
614	4.298523	614	56.2234154
614.5	4.798584	614.5	62.73945
615	3.798462	615	49.63608
615.5	-3.70257568	615.5	-48.39563
616	27.8017578	616	363.3455
616.5	-36.2067871	616.5	-472.91214
617	-7.703125	617	-100.648766
617.5	29.802002	617.5	389.527374
618	-18.7045288	618	-244.530212
618.5	5.798706	618.5	75.73768
619	30.802124	619	402.266052
619.5	6.798828	619.5	88.89771
620	-15.7041626	620	-205.058044
620.5	20.30072	620.5	264.760773
621	77.3089	621	1008.28021
621.5	-12.7037354	621.5	-165.545654
622	43.8040161	622	570.7456
622.5	-15.2041016	622.5	-198.355423
623	1.2980957	623	17.02448
623.5	43.8040161	623.5	573.4236
624	16.30011	624	213.028671
624.5	-29.7059937	624.5	-387.796051
625	-28.7058716	625	-374.9811
625.5	-6.202881	625.5	-80.8916245
626	25.8014526	626	337.1184
626.5	14.7999268	626.5	194.136581
627	-19.7047119	627	-257.791046
627.5	-4.20263672	627.5	-54.9269447
628	26.8015747	628	350.572357
628.5	-29.2059326	628.5	-381.544434
629	-18.7045288	629	-248.354309
629.5	-44.7078857	629.5	-594.7879
630	-3.20251465	630	-42.59621
630.5	-20.704834	630.5	-274.9056
631	47.3045044	631	621.5325
631.5	-8.203186	631.5	-107.779007
632	17.800354	632	233.989746
632.5	-45.7080078	632.5	-600.824341
633	1.2980957	633	17.05932
633.5	29.802002	633.5	391.5501
634	-8.703247	634	-114.334694
634.5	63.3068237	634.5	832.35614
635	-16.2042236	635	-213.3592
635.5	-16.2042236	635.5	-213.35762
636	26.3015137	636	345.976349
636.5	-24.7053223	636.5	-325.2704
637	-7.203064	637	-94.771286
637.5	37.80316	637.5	497.534851
638	37.3031	638	490.785217
638.5	-2.70245361	638.5	-35.55269
639	39.8034058	639	524.079163
639.5	51.8051758	639.5	682.0825
640	39.8034058	640	524.3529
640.5	32.30237	640.5	425.381958
641	78.80914	641	1036.46582
641.5	104.81311	641.5	1379.16785
642	53.30536	642	702.0699
642.5	127.31665	642.5	1675.55212
643	75.30859	643	990.819
643.5	89.81079	643.5	1183.1991
644	99.81232	644	1314.57043
644.5	72.30817	644.5	952.4357
645	44.80414	645	589.847534
645.5	40.80359	645.5	537.464661
646	57.30597	646	755.544067
646.5	33.80255	646.5	445.356659
647	17.800354	647	234.669235
647.5	48.3046265	647.5	636.8954
648	31.3022461	648	412.208466
648.5	48.3046265	648.5	640.0924
649	-7.703125	649	-101.697639
649.5	9.299194	649.5	122.619728
650	22.3009644	650	293.995972
</Group>
<Group>
RCQCSignal
1
701	
ExCorr	T636070406482226926
X	Y
300	0.1014536
300.5	0.10147725
301	0.101284996
301.5	0.10129796
302	0.101387233
302.5	0.10142003
303	0.101262867
303.5	0.101220146
304	0.101383418
304.5	0.101323143
305	0.101301774
305.5	0.101285756
306	0.101259053
306.5	0.101317033
307	0.101214036
307.5	0.101300254
308	0.101410881
308.5	0.101396382
309	0.1013941
309.5	0.101378843
310	0.101574913
310.5	0.101355955
311	0.101152241
311.5	0.101186574
312	0.101186574
312.5	0.101384938
313	0.10136205
313.5	0.101394862
314	0.101528376
314.5	0.101542875
315	0.101489469
315.5	0.101557374
316	0.101552784
316.5	0.101516932
317	0.10154745
317.5	0.101617634
318	0.101555839
318.5	0.101644337
319	0.101558894
319.5	0.101616114
320	0.101695463
320.5	0.101674095
321	0.1017565
321.5	0.10173437
322	0.101800755
322.5	0.101777866
323	0.101754978
323.5	0.101806089
324	0.101951808
324.5	0.101651207
325	0.101651207
325.5	0.101736665
326	0.101717591
326.5	0.101717591
327	0.101680964
327.5	0.10185568
328	0.101870939
328.5	0.101981565
329	0.1019129
329.5	0.101941139
330	0.101892307
330.5	0.1018244
331	0.101893067
331.5	0.101915956
332	0.101987675
332.5	0.101960972
333	0.101973936
333.5	0.101875514
334	0.101998359
334.5	0.102002934
335	0.101957157
335.5	0.101874754
336	0.101940364
336.5	0.1019274
337	0.101915196
337.5	0.10192129
338	0.10185416
338.5	0.102008268
339	0.101998359
339.5	0.10198614
340	0.10204871
340.5	0.101979285
341	0.101935029
341.5	0.1019396
342	0.1020098
342.5	0.102141023
343	0.102191374
343.5	0.101996824
344	0.101962492
344.5	0.101896122
345	0.101966307
345.5	0.101981565
346	0.101890773
346.5	0.101079
347	0.101649687
347.5	0.101357475
348	0.101717591
348.5	0.101726741
349	0.101648152
349.5	0.1017008
350	0.101681724
350.5	0.10167563
351	0.101880088
351.5	0.101879328
352	0.101749629
352.5	0.10185416
353	0.10185568
353.5	0.101783961
354	0.101722926
354.5	0.101906031
355	0.101427659
355.5	0.101794645
356	0.1018572
356.5	0.101917475
357	0.101870179
357.5	0.101917475
358	0.101962492
358.5	0.101962492
359	0.101953343
359.5	0.101897642
360	0.101897642
360.5	0.101897642
361	0.101821348
361.5	0.102040321
362	0.101982325
362.5	0.10198462
363	0.101976231
363.5	0.102209687
364	0.102023527
364.5	0.101996824
365	0.102031916
365.5	0.102019712
366	0.101959437
366.5	0.101962492
367	0.102029637
367.5	0.10205099
368	0.10198386
368.5	0.102146372
369	0.102020472
369.5	0.101974696
370	0.101993769
370.5	0.102038026
371	0.102238685
371.5	0.1022837
372	0.102257
372.5	0.102375254
373	0.10236533
373.5	0.102157816
374	0.102244779
374.5	0.102175355
375	0.102270722
375.5	0.1022158
376	0.102233335
376.5	0.102189094
377	0.102182224
377.5	0.102208927
378	0.102218077
378.5	0.1021456
379	0.102141023
379.5	0.102195963
380	0.1022135
380.5	0.102146372
381	0.102195963
381.5	0.102130339
382	0.102143317
382.5	0.102064729
383	0.1020693
383.5	0.102173075
384	0.10217917
384.5	0.10230124
385	0.10223639
385.5	0.10230124
386	0.102220371
386.5	0.102156281
387	0.102218851
387.5	0.102218851
388	0.102203593
388.5	0.102417216
389	0.102211222
389.5	0.102176115
390	0.10217078
390.5	0.102196723
391	0.102074653
391.5	0.101967067
392	0.10173285
392.5	0.101615354
393	0.101557374
393.5	0.1017275
394	0.10186407
394.5	0.102094486
395	0.102280647
395.5	0.10242942
396	0.102594987
396.5	0.102607951
397	0.102782667
397.5	0.102838367
398	0.10299705
398.5	0.103084788
399	0.103215262
399.5	0.103351071
400	0.103428125
400.5	0.103385404
401	0.103332758
401.5	0.103267133
402	0.10336861
402.5	0.103351071
403	0.103518918
403.5	0.1034182
404	0.1033297
404.5	0.103216022
405	0.102920756
405.5	0.102948233
406	0.102993235
406.5	0.102858961
407	0.102912366
407.5	0.102897108
408	0.102825388
408.5	0.102698743
409	0.102641523
409.5	0.102669746
410	0.102607191
410.5	0.102498844
411	0.102433994
411.5	0.102446973
412	0.10242942
412.5	0.10242255
413	0.102292091
413.5	0.102182224
414	0.102292091
414.5	0.102287516
415	0.1021868
415.5	0.102147132
416	0.102067024
416.5	0.1021456
417	0.102126524
417.5	0.102102876
418	0.102189094
418.5	0.102034211
419	0.102073118
419.5	0.101971656
420	0.102003694
420.5	0.101859495
421	0.101942658
421.5	0.101979285
422	0.101970121
422.5	0.101923585
423	0.101981565
423.5	0.101901457
424	0.10186331
424.5	0.101838127
425	0.101813719
425.5	0.101946473
426	0.101880088
426.5	0.101887718
427	0.101845756
427.5	0.101872459
428	0.10185416
428.5	0.1018572
429	0.10173361
429.5	0.101814479
430	0.101934269
430.5	0.101445973
431	0.1016947
431.5	0.101731315
432	0.101743534
432.5	0.10173285
433	0.101618409
433.5	0.101712242
434	0.101752684
434.5	0.101825163
435	0.101757258
435.5	0.101622984
436	0.101758018
436.5	0.101681724
437	0.101661891
437.5	0.101744294
438	0.101690114
438.5	0.101724461
439	0.101787776
439.5	0.101758018
440	0.101822868
440.5	0.101780146
441	0.101787776
441.5	0.101716056
442	0.101806089
442.5	0.101695463
443	0.101764128
443.5	0.1018122
444	0.101753443
444.5	0.1017832
445	0.101816013
445.5	0.10179846
446	0.101689354
446.5	0.101599336
447	0.101627558
447.5	0.101680964
448	0.10173361
448.5	0.101760313
449	0.101803795
449.5	0.1017832
450	0.1016535
450.5	0.101632893
451	0.10161382
451.5	0.101519212
452	0.1016863
452.5	0.101674855
453	0.101500139
453.5	0.101749629
454	0.101680204
454.5	0.10167563
455	0.101303309
455.5	0.101450548
456	0.101610005
456.5	0.101599336
457	0.101593986
457.5	0.101574913
458	0.101589411
458.5	0.101607725
459	0.101450548
459.5	0.101568043
460	0.101614594
460.5	0.101646632
461	0.101635948
461.5	0.101706147
462	0.101595521
462.5	0.101684779
463	0.101800755
463.5	0.101794645
464	0.101729795
464.5	0.101718351
465	0.101745054
465.5	0.101806849
466	0.101866364
466.5	0.101822868
467	0.101915956
467.5	0.101873234
468	0.101832792
468.5	0.101901457
469	0.101835087
469.5	0.101847291
470	0.101979285
470.5	0.101883143
471	0.10179159
471.5	0.10185644
472	0.102012083
472.5	0.102059394
473	0.101806849
473.5	0.102002934
474	0.102023527
474.5	0.101936549
475	0.1019419
475.5	0.10192053
476	0.102214262
476.5	0.101974696
477	0.101954862
477.5	0.101808384
478	0.101929694
478.5	0.1018572
479	0.101891533
479.5	0.102044135
480	0.102054805
480.5	0.1020861
481	0.102183744
481.5	0.102218077
482	0.102207407
482.5	0.102037266
483	0.102133393
483.5	0.102137968
484	0.101654261
484.5	0.102120429
485	0.102182224
485.5	0.102209687
486	0.10223487
486.5	0.102085322
487	0.102144837
487.5	0.10204871
488	0.102266908
488.5	0.102185279
489	0.102058619
489.5	0.102044895
490	0.101941139
490.5	0.102004454
491	0.1019274
491.5	0.101960972
492	0.101915956
492.5	0.101721406
493	0.10186255
493.5	0.101925105
494	0.101953343
494.5	0.101948768
495	0.101951048
495.5	0.101955622
496	0.101982325
496.5	0.101911381
497	0.10179235
497.5	0.1013529
498	0.101568043
498.5	0.101635948
499	0.101677909
499.5	0.101825923
500	0.101877049
500.5	0.101773277
501	0.10185644
501.5	0.101902977
502	0.101584837
502.5	0.101719871
503	0.101744294
503.5	0.101741239
504	0.101777866
504.5	0.101924345
505	0.101808384
505.5	0.101894587
506	0.1018244
506.5	0.101932734
507	0.101781681
507.5	0.101782441
508	0.101829737
508.5	0.101844996
509	0.101992249
509.5	0.10192588
510	0.10185568
510.5	0.101777092
511	0.102005213
511.5	0.101935029
512	0.101945713
512.5	0.10185416
513	0.101811424
513.5	0.101903751
514	0.102040321
514.5	0.102002174
515	0.101896122
515.5	0.10198386
516	0.101930454
516.5	0.101785496
517	0.10179846
517.5	0.102083042
518	0.101988435
518.5	0.10204947
519	0.101964787
519.5	0.102009028
520	0.102215037
520.5	0.102079228
521	0.102032691
521.5	0.102038026
522	0.1020281
522.5	0.10204947
523	0.102016658
523.5	0.102103636
524	0.102073118
524.5	0.102041841
525	0.102118134
525.5	0.102007508
526	0.102131873
526.5	0.102197483
527	0.101913661
527.5	0.101948768
528	0.101943418
528.5	0.101994544
529	0.101948768
529.5	0.101807609
530	0.101870179
530.5	0.101996824
531	0.101884678
531.5	0.10198386
532	0.10192053
532.5	0.101972416
533	0.101934269
533.5	0.102000639
534	0.102006748
534.5	0.101942658
535	0.102441624
535.5	0.102148652
536	0.102067024
536.5	0.102077693
537	0.102040321
537.5	0.102163911
538	0.10204947
538.5	0.102058619
539	0.102052525
539.5	0.102099061
540	0.102047175
540.5	0.102089912
541	0.102251649
541.5	0.102228
542	0.102133393
542.5	0.102263853
543	0.102246314
543.5	0.102247074
544	0.102309644
544.5	0.1023577
545	0.102389753
545.5	0.10242103
546	0.102325663
546.5	0.10236533
547	0.102327183
547.5	0.102403477
548	0.102347016
548.5	0.102378309
549	0.10230124
549.5	0.10216926
550	0.102282166
550.5	0.102140263
551	0.102247834
551.5	0.102224186
552	0.102282166
552.5	0.102376774
553	0.10235846
553.5	0.102289796
554	0.102289036
554.5	0.102277592
555	0.1022692
555.5	0.102228
556	0.102289796
556.5	0.102063969
557	0.102135688
557.5	0.102034211
558	0.102079228
558.5	0.102188334
559	0.1021273
559.5	0.102138743
560	0.102117375
560.5	0.102159336
561	0.102146372
561.5	0.102116615
562	0.102260038
562.5	0.102089137
563	0.102173075
563.5	0.102096006
564	0.102110505
564.5	0.102104396
565	0.102193668
565.5	0.102276072
566	0.102285981
566.5	0.102320313
567	0.102361515
567.5	0.10243018
568	0.102302
568.5	0.102350831
569	0.102292091
569.5	0.102273017
570	0.102163151
570.5	0.102250889
571	0.102250889
571.5	0.102211222
572	0.102277592
572.5	0.102231815
573	0.102219611
573.5	0.102189854
574	0.102072358
574.5	0.102153227
575	0.102046415
575.5	0.10198614
576	0.101986915
576.5	0.102026582
577	0.101873994
577.5	0.101925105
578	0.101874754
578.5	0.101844996
579	0.101745814
579.5	0.101654261
580	0.10173209
580.5	0.101673335
581	0.101716056
581.5	0.101542875
582	0.101212516
582.5	0.101481065
583	0.1013796
583.5	0.101312459
584	0.10129568
584.5	0.101205647
585	0.101227775
585.5	0.1011965
586	0.101149946
586.5	0.101153
587	0.100966081
587.5	0.101003468
588	0.101243794
588.5	0.101260573
589	0.101211756
589.5	0.10128957
590	0.10129644
590.5	0.101368919
591	0.100743294
591.5	0.101262867
592	0.101392567
592.5	0.101443693
593	0.101449028
593.5	0.101622224
594	0.101658076
594.5	0.101805329
595	0.101981565
595.5	0.101620689
596	0.102075413
596.5	0.102063209
597	0.102232575
597.5	0.102267668
598	0.101976231
598.5	0.1020838
599	0.102260038
599.5	0.102336347
600	0.102331
600.5	0.102314979
601	0.102252409
601.5	0.102144837
602	0.102239445
602.5	0.102216557
603	0.102376774
603.5	0.102379069
604	0.102403477
604.5	0.102523267
605	0.102470621
605.5	0.102564469
606	0.102562174
606.5	0.102034971
607	0.102205113
607.5	0.102635413
608	0.102649912
608.5	0.102852091
609	0.102837592
609.5	0.102962717
610	0.103070304
610.5	0.102936789
611	0.102976456
611.5	0.103137434
612	0.102909312
612.5	0.103026807
613	0.103031382
613.5	0.102968827
614	0.103013083
614.5	0.10305351
615	0.103109971
615.5	0.103083268
616	0.103096247
616.5	0.103157282
617	0.103121415
617.5	0.103085563
618	0.103063434
618.5	0.103159562
619	0.103171006
619.5	0.103046641
620	0.1031878
620.5	0.10331139
621	0.10330911
621.5	0.103396073
622	0.103409812
622.5	0.103277817
623	0.10273613
623.5	0.102926865
624	0.103096247
624.5	0.103212208
625	0.103145838
625.5	0.103319019
626	0.103122175
626.5	0.102717057
627	0.10298942
627.5	0.103092432
628	0.103008494
628.5	0.103137434
629	0.10147649
629.5	0.101277366
630	0.101300254
630.5	0.101479545
631	0.102548435
631.5	0.10255073
632	0.102499604
632.5	0.102502659
633	0.102526322
633.5	0.102553025
634	0.102563694
634.5	0.102478251
635	0.102331
635.5	0.102331758
636	0.10242942
636.5	0.102337867
637	0.102407292
637.5	0.102375254
638	0.102410346
638.5	0.102417976
639	0.102332532
639.5	0.102335572
640	0.102279112
640.5	0.1023165
641	0.102450013
641.5	0.102397382
642	0.10230124
642.5	0.102380589
643	0.102409586
643.5	0.102273017
644	0.102303535
644.5	0.102292091
645	0.1023455
645.5	0.102291331
646	0.102195188
646.5	0.102266148
647	0.102202818
647.5	0.102190614
648	0.102317274
648.5	0.101680204
649	0.102057859
649.5	0.102182224
650	0.102205113
</Group>
</Session>
