<Session>
Acquisition 1 2016-08-31 11:25:40
<Group>
Detector1
2
701		701	
D1 320:300-650	T636070406482223470	D1 320:300-650 [COR]	T636070406482223472
X	Y	X	Y
300	22.6013184	300	301.1931
300.5	58.10681	300.5	773.9605
301	-9.403381	301	-125.684547
301.5	10.5995483	301.5	141.0681
302	-19.9049072	302	-265.157745
302.5	3.59851074	302.5	47.9271736
303	43.10443	303	575.9024
303.5	-31.9066162	303.5	-425.809326
304	-5.402832	304	-71.97017
304.5	60.6071777	304.5	808.1117
305	34.60315	305	461.367035
305.5	-27.4060059	305.5	-365.666351
306	40.1040039	306	534.4764
306.5	69.60864	306.5	928.049561
307	24.6016235	307	326.585632
307.5	36.6034546	307.5	488.1294
308	-4.40271	308	-58.7336655
308.5	-13.4039917	308.5	-179.1034
309	-48.4088745	309	-646.450256
309.5	39.6039429	309.5	528.6138
310	1.09814453	310	14.6654682
310.5	9.599365	310.5	128.2594
311	28.1021729	311	375.468445
311.5	-8.90332	311.5	-118.953979
312	-34.9070435	312	-466.454224
312.5	1.59820557	312.5	21.36451
313	12.5997925	313	168.305527
313.5	40.6040649	313.5	542.627258
314	-21.9052124	314	-292.975555
314.5	-11.9037476	314.5	-159.374359
315	5.598755	315	74.9787445
315.5	61.1073	315.5	818.8419
316	30.102478	316	403.436432
316.5	-30.4064331	316.5	-407.3153
317	45.1047974	317	604.7744
317.5	10.0994263	317.5	135.322723
318	55.6063843	318	744.502258
318.5	338.659058	318.5	4531.109
319	557.7107	319	7459.83252
319.5	901.311157	319.5	12064.63
320	1198.91724	320	16040.2549
320.5	1281.44983	320.5	17198.7871
321	1187.91309	321	15919.5635
321.5	984.839233	321.5	13184.1064
322	773.271	322	10352.7715
322.5	391.170532	322.5	5241.075
323	178.1272	323	2388.74683
323.5	104.114319	323.5	1394.303
324	13.0999146	324	175.526413
324.5	10.0994263	324.5	135.574738
325	63.107605	325	845.9607
325.5	2.59832764	325.5	34.8307152
326	-10.4035645	326	-139.553513
326.5	-10.9036255	326.5	-146.235809
327	-43.9082642	327	-588.4763
327.5	12.5997925	327.5	169.062546
328	63.607666	328	851.378
328.5	-44.4083252	328.5	-595.4089
329	-5.402832	329	-72.43128
329.5	-19.4048462	329.5	-260.2415
330	34.60315	330	464.3857
330.5	-1.90234375	330.5	-25.55008
331	-1.90234375	331	-25.5306625
331.5	46.60498	331.5	625.6016
332	5.098694	332	68.42616
332.5	29.1022949	332.5	390.6455
333	13.5999756	333	182.475952
333.5	-8.90332	333.5	-119.504578
334	15.10022	334	202.512985
334.5	5.598755	334.5	75.09149
335	-19.9049072	335	-267.286835
335.5	-12.9039307	335.5	-173.13028
336	-25.9057617	336	-347.7009
336.5	32.6028442	336.5	437.4745
337	2.59832764	337	34.87916
337.5	-2.90246582	337.5	-38.9535332
338	-11.4036865	338	-153.15065
338.5	-10.9036255	338.5	-146.6959
339	-15.9043579	339	-213.844772
339.5	24.6016235	339.5	330.7576
340	-43.9082642	340	-589.8372
340.5	-22.4052734	340.5	-301.049957
341	-10.9036255	341	-146.387
341.5	-34.4069824	341.5	-462.0867
342	1.09814453	342	14.7541695
342.5	12.0997314	342.5	162.611008
343	-12.9039307	343	-173.3344
343.5	55.6063843	343.5	746.460266
344	-1.40222168	344	-18.8274364
344.5	15.6002808	344.5	209.465988
345	-61.4106445	345	-825.562744
345.5	26.6019287	345.5	357.425
346	49.1054077	346	659.9788
346.5	1.59820557	346.5	21.4935265
347	55.6063843	347	748.959534
347.5	52.105835	347.5	701.4096
348	29.1022949	348	391.669617
348.5	64.60785	348.5	870.591553
349	24.1015625	349	324.80603
349.5	-19.4048462	349.5	-261.570343
350	87.61157	350	1181.685
350.5	109.615234	350.5	1479.45984
351	22.6013184	351	304.862427
351.5	134.6195	351.5	1815.98108
352	93.11249	352	1254.7207
352.5	90.61206	352.5	1222.55652
353	94.61273	353	1276.06641
353.5	97.61322	353.5	1318.74036
354	149.122009	354	2011.64648
354.5	135.119568	354.5	1825.23621
355	103.114136	355	1391.66235
355.5	130.118713	355.5	1754.47583
356	151.122375	356	2038.72473
356.5	107.614868	356.5	1451.18567
357	115.616211	357	1560.168
357.5	155.623169	357.5	2098.898
358	169.625671	358	2290.847
358.5	137.62	358.5	1857.535
359	172.12616	359	2321.10229
359.5	98.6134	359.5	1328.59387
360	180.627686	360	2430.14063
360.5	179.6275	360.5	2416.02148
361	125.61792	361	1687.437
361.5	153.122742	361.5	2055.17651
362	153.6228	362	2060.71362
362.5	110.115295	362.5	1474.52283
363	147.121643	363	1969.57178
363.5	171.626038	363.5	2296.10669
364	162.124329	364	2167.24731
364.5	156.623352	364.5	2093.632
365	183.128113	365	2447.15161
365.5	202.631775	365.5	2705.60986
366	85.6112061	366	1144.73767
366.5	118.61676	366.5	1585.74255
367	152.62262	367	2042.64233
367.5	99.6135254	367.5	1332.41162
368	140.120422	368	1874.22412
368.5	120.617065	368.5	1612.7157
369	107.114807	369	1431.08887
369.5	221.635315	369.5	2963.63159
370	124.117676	370	1658.416
370.5	116.616394	370.5	1557.55017
371	96.1129761	371	1283.22717
371.5	135.119568	371.5	1806.02063
372	130.118713	372	1735.986
372.5	172.12616	372.5	2299.053
373	86.11133	373	1150.03186
373.5	138.620178	373.5	1851.07288
374	167.125244	374	2233.59155
374.5	117.116455	374.5	1566.44434
375	140.620544	375	1881.19873
375.5	205.1322	375.5	2742.729
376	113.115784	376	1512.66016
376.5	152.122559	376.5	2037.12317
377	129.618652	377	1733.57068
377.5	132.11908	377.5	1770.14929
378	107.614868	378	1441.773
378.5	174.626587	378.5	2338.25146
379	179.6275	379	2407.25781
379.5	204.132019	379.5	2780.44678
380	139.620361	380	1881.099
380.5	135.61969	380.5	1821.20972
381	42.10431	381	565.178345
381.5	2.59832764	381.5	34.90835
382	0.0979614258	382	1.3150146
382.5	49.60547	382.5	666.1875
383	37.6036377	383	504.649445
383.5	24.6016235	383.5	330.782776
384	-24.4055786	384	-327.6156
384.5	-12.40387	384.5	-166.656525
385	45.1047974	385	605.105164
385.5	-34.9070435	385.5	-469.002228
386	-19.9049072	386	-267.3336
386.5	-49.90912	386.5	-671.1178
387	17.6005859	387	236.808533
387.5	30.102478	387.5	404.698669
388	8.099121	388	108.942894
388.5	66.6081543	388.5	896.0552
389	6.098877	389	82.04222
389.5	10.5995483	389.5	142.425873
390	-16.4044189	390	-220.424072
390.5	-24.90564	390.5	-334.511383
391	22.6013184	391	303.522461
391.5	10.5995483	391.5	142.235382
392	-37.90747	392	-508.657349
392.5	2.0982666	392.5	28.1782742
393	15.10022	393	202.65918
393.5	-72.91217	393.5	-979.003845
394	-21.9052124	394	-293.993042
394.5	-40.4077759	394.5	-542.16626
395	-5.902893	395	-79.20313
395.5	-42.9081421	395.5	-576.126038
396	-30.9064941	396	-415.0182
396.5	-34.4069824	396.5	-462.195618
397	-34.9070435	397	-468.545929
397.5	-69.41174	397.5	-931.1677
398	-2.40240479	398	-32.236412
398.5	6.098877	398.5	81.69312
399	-0.4020996	399	-5.38436174
399.5	-50.40918	399.5	-675.973633
400	0.0979614258	400	1.31376636
400.5	-1.90234375	400.5	-25.4901772
401	-35.4071045	401	-474.991
401.5	-85.91388	401.5	-1152.11719
402	-13.9040527	402	-186.374619
402.5	-33.4068	402.5	-447.762024
403	-18.4047241	403	-246.881149
403.5	-46.40863	403.5	-622.058044
404	-26.4058228	404	-353.292938
404.5	-39.4076538	404.5	-527.756836
405	-75.41254	405	-1010.07318
405.5	-13.4039917	405.5	-179.644363
406	-45.40851	406	-608.7311
406.5	-30.9064941	406.5	-414.2811
407	-48.4088745	407	-648.815063
407.5	-60.4105225	407.5	-809.554138
408	-47.9088135	408	-642.19574
408.5	-51.9093628	408.5	-695.3831
409	-49.90912	409	-668.9175
409.5	-41.90802	409.5	-560.961548
410	-39.4076538	410	-527.4289
410.5	-72.91217	410.5	-976.435242
411	-79.9130859	411	-1069.36389
411.5	-55.40985	411.5	-742.022766
412	-60.4105225	412	-808.4316
412.5	-74.4124146	412.5	-994.8817
413	-91.41461	413	-1222.49438
413.5	-25.4057	413.5	-339.7652
414	-54.90979	414	-733.7072
414.5	-83.9136353	414.5	-1121.28333
415	-61.9107056	415	-827.4227
415.5	-83.9136353	415.5	-1122.51477
416	-101.415894	416	-1354.806
416.5	-44.9084473	416.5	-599.8327
417	-90.41449	417	-1208.41516
417.5	-80.41315	417.5	-1073.9884
418	-72.41211	418	-967.1641
418.5	-70.4118652	418.5	-940.2135
419	-47.9088135	419	-639.448547
419.5	-70.4118652	419.5	-939.9647
420	-56.4099731	420	-753.160034
420.5	-80.41315	420.5	-1073.031
421	-88.4141846	421	-1182.63806
421.5	-145.4212	421.5	-1948.49133
422	-128.419189	422	-1722.94348
422.5	-70.91193	422.5	-951.5747
423	-148.921631	423	-2000.93445
423.5	-139.420532	423.5	-1876.91748
424	-98.41547	424	-1325.98779
424.5	-113.917419	424.5	-1542.39417
425	-54.90979	425	-743.8775
425.5	-117.917908	425.5	-1591.49536
426	-114.917542	426	-1548.12537
426.5	-150.921875	426.5	-2029.41589
427	-75.9126	427	-1020.73468
427.5	-107.416626	427.5	-1444.88257
428	-109.916931	428	-1476.67029
428.5	-144.421082	428.5	-1941.794
429	-67.41144	429	-908.6473
429.5	-120.418213	429.5	-1619.95459
430	-144.421082	430	-1938.85645
430.5	-100.915833	430.5	-1353.92261
431	-97.9154053	431	-1311.61523
431.5	-118.91803	431.5	-1591.02246
432	-78.4129	432	-1048.88379
432.5	-121.918396	432.5	-1629.375
433	-137.420288	433	-1835.18884
433.5	-105.916443	433.5	-1412.22583
434	-119.918152	434	-1595.387
434.5	-125.918884	434.5	-1679.649
435	-74.9124756	435	-999.803833
435.5	-106.916565	435.5	-1426.88586
436	-85.41382	436	-1139.39807
436.5	-148.921631	436.5	-1987.26624
437	-132.419678	437	-1766.48425
437.5	-145.921265	437.5	-1946.75769
438	-133.919861	438	-1788.42834
438.5	-176.9248	438.5	-2358.01123
439	-110.416992	439	-1472.55579
439.5	-106.416504	439.5	-1420.78125
440	-129.919373	440	-1732.65894
440.5	-93.414856	440.5	-1246.99658
441	-111.917175	441	-1491.71777
441.5	-107.416626	441.5	-1431.51489
442	-102.916077	442	-1372.59387
442.5	-135.9201	442.5	-1815.09949
443	-80.41315	443	-1073.623
443.5	-147.421448	443.5	-1965.96973
444	-111.417114	444	-1492.32861
444.5	-101.415894	444.5	-1360.17688
445	-93.414856	445	-1252.78235
445.5	-69.9118042	445.5	-935.814453
446	-125.918884	446	-1683.41272
446.5	-141.920837	446.5	-1896.38147
447	-116.417725	447	-1554.56738
447.5	-131.919617	447.5	-1760.47827
448	-103.9162	448	-1386.75989
448.5	-133.919861	448.5	-1786.56421
449	-98.91553	449	-1320.70447
449.5	-131.919617	449.5	-1759.22864
450	-143.921082	450	-1920.58069
450.5	-111.917175	450.5	-1494.26672
451	-140.420654	451	-1873.24573
451.5	-146.421326	451.5	-1952.08716
452	-100.415771	452	-1340.24927
452.5	-130.419434	452.5	-1740.32666
453	-103.416138	453	-1378.524
453.5	-147.921509	453.5	-1971.35828
454	-165.923584	454	-2212.19116
454.5	-120.918274	454.5	-1611.11987
455	-108.416748	455	-1444.89783
455.5	-131.919617	455.5	-1758.13977
456	-95.4151	456	-1272.17847
456.5	-103.416138	456.5	-1379.70068
457	-171.924255	457	-2289.58569
457.5	-150.421814	457.5	-2003.01733
458	-136.420166	458	-1818.29871
458.5	-70.91193	458.5	-944.142334
459	-173.424438	459	-2308.29346
459.5	-130.9195	459.5	-1744.2843
460	-148.921631	460	-1984.103
460.5	-140.420654	460.5	-1869.89832
461	-149.921753	461	-1996.524
461.5	-165.423523	461.5	-2204.15942
462	-151.922	462	-2024.887
462.5	-149.421692	462.5	-1992.77991
463	-142.4209	463	-1901.13586
463.5	-108.916809	463.5	-1453.317
464	-139.420532	464	-1860.08667
464.5	-129.419312	464.5	-1725.87256
465	-173.424438	465	-2313.52417
465.5	-109.916931	465.5	-1466.82825
466	-137.420288	466	-1831.13159
466.5	-134.919983	466.5	-1798.53418
467	-161.923157	467	-2161.53125
467.5	-120.418213	467.5	-1605.76563
468	-142.4209	468	-1898.7821
468.5	-92.9147949	468.5	-1239.62781
469	-163.42334	469	-2181.129
469.5	-139.9206	469.5	-1863.70288
470	-117.917908	470	-1568.953
470.5	-163.92334	470.5	-2188.18237
471	-146.421326	471	-1954.35925
471.5	-104.41626	471.5	-1392.10754
472	-146.421326	472	-1952.51465
472.5	-125.418823	472.5	-1672.3092
473	-186.4259	473	-2484.20874
473.5	-110.416992	473.5	-1470.923
474	-152.422058	474	-2030.46387
474.5	-146.421326	474.5	-1951.32092
475	-89.91443	475	-1197.18335
475.5	-113.417358	475.5	-1511.24573
476	-155.922424	476	-2077.62622
476.5	-178.925049	476.5	-2385.24634
477	-145.921265	477	-1945.626
477.5	-133.919861	477.5	-1784.81152
478	-122.418457	478	-1634.43787
478.5	-130.9195	478.5	-1747.93726
479	-158.422729	479	-2111.85059
479.5	-164.923462	479.5	-2200.93384
480	-134.419922	480	-1792.46326
480.5	-124.4187	480.5	-1659.801
481	-160.422974	481	-2135.70972
481.5	-129.919373	481.5	-1729.92859
482	-144.921143	482	-1931.47412
482.5	-78.4129	482.5	-1044.97375
483	-139.9206	483	-1864.51855
483.5	-122.418457	483.5	-1631.53918
484	-113.417358	484	-1512.54675
484.5	-103.9162	484.5	-1388.30188
485	-117.417847	485	-1568.64612
485.5	-140.920715	485.5	-1881.082
486	-119.418091	486	-1597.10791
486.5	-165.423523	486.5	-2206.47339
487	-102.416016	487	-1365.01733
487.5	-128.419189	487.5	-1712.85876
488	-95.91516	488	-1278.55627
488.5	-60.4105225	488.5	-805.058044
489	-215.428955	489	-2863.42749
489.5	-206.42804	489.5	-2749.00366
490	-85.91388	490	-1144.15027
490.5	-132.919739	490.5	-1769.79932
491	-119.418091	491	-1589.04529
491.5	-126.919006	491.5	-1688.4115
492	-92.4147339	492	-1230.51135
492.5	-131.919617	492.5	-1757.172
493	-146.421326	493	-1952.85364
493.5	-158.422729	493.5	-2111.73877
494	-126.919006	494	-1690.28308
494.5	-194.926819	494.5	-2597.76123
495	-146.421326	495	-1950.34973
495.5	-146.421326	495.5	-1952.01343
496	-132.419678	496	-1763.47351
496.5	-139.9206	496.5	-1863.43579
497	-124.4187	497	-1656.922
497.5	-199.9273	497.5	-2663.07568
498	-120.418213	498	-1603.93665
498.5	-168.423889	498.5	-2244.12036
499	-177.424866	499	-2371.423
499.5	-180.9253	499.5	-2411.165
500	-151.922	500	-2024.52026
500.5	-159.922913	500.5	-2127.33618
501	-154.922363	501	-2060.05737
501.5	-179.42511	501.5	-2382.63184
502	-116.917786	502	-1553.29358
502.5	-185.425781	502.5	-2454.41724
503	-117.917908	503	-1564.16833
503.5	-156.422485	503.5	-2072.919
504	-140.420654	504	-1858.72791
504.5	-121.918396	504.5	-1613.2478
505	-94.91504	505	-1256.87585
505.5	-151.421936	505.5	-2004.25989
506	-128.91925	506	-1708.72681
506.5	-153.922241	506.5	-2040.75037
507	-169.424011	507	-2246.24414
507.5	-130.419434	507.5	-1729.80481
508	-171.924255	508	-2284.916
508.5	-146.421326	508.5	-1943.15332
509	-156.922546	509	-2083.67358
509.5	-188.926147	509.5	-2509.931
510	-135.420044	510	-1799.184
510.5	-124.4187	510.5	-1654.01611
511	-166.423645	511	-2210.88
511.5	-108.416748	511.5	-1441.55823
512	-166.9237	512	-2218.992
512.5	-119.918152	512.5	-1595.90381
513	-99.91565	513	-1328.73376
513.5	-92.4147339	513.5	-1228.20557
514	-192.926575	514	-2564.814
514.5	-155.422363	514.5	-2066.426
515	-139.9206	515	-1860.37756
515.5	-128.419189	515.5	-1707.71252
516	-111.417114	516	-1481.25159
516.5	-168.92395	516.5	-2246.02173
517	-102.416016	517	-1363.76172
517.5	-175.924744	517.5	-2342.49048
518	-177.924927	518	-2371.73462
518.5	-115.4176	518.5	-1538.04932
519	-173.9245	519	-2325.201
519.5	-162.923279	519.5	-2175.90161
520	-185.925842	520	-2483.80469
520.5	-194.426758	520.5	-2595.77881
521	-137.920349	521	-1841.19849
521.5	-157.4226	521.5	-2102.661
522	-147.421448	522	-1968.09509
522.5	-174.424561	522.5	-2327.00684
523	-177.424866	523	-2368.4834
523.5	-133.919861	523.5	-1787.3877
524	-165.923584	524	-2213.04321
524.5	-137.420288	524.5	-1833.28943
525	-158.922791	525	-2119.60449
525.5	-160.422974	525.5	-2134.22925
526	-190.426331	526	-2536.84619
526.5	-117.917908	526.5	-1571.3208
527	-123.91864	527	-1652.48071
527.5	-126.919006	527.5	-1691.59717
528	-152.422058	528	-2034.71533
528.5	-192.426514	528.5	-2567.61768
529	-121.418335	529	-1620.83984
529.5	-134.919983	529.5	-1799.18591
530	-121.418335	530	-1619.94592
530.5	-135.9201	530.5	-1813.64587
531	-128.419189	531	-1712.38013
531.5	-135.420044	531.5	-1806.50916
532	-111.417114	532	-1485.703
532.5	-74.9124756	532.5	-999.162
533	-156.922546	533	-2096.45728
533.5	-142.920959	533.5	-1906.75879
534	-165.423523	534	-2205.60718
534.5	-106.916565	534.5	-1423.76563
535	-134.419922	535	-1792.31445
535.5	-145.4212	535.5	-1940.32068
536	-133.919861	536	-1785.72766
536.5	-160.422974	536.5	-2141.44043
537	-154.4223	537	-2060.99658
537.5	-148.42157	537.5	-1980.20435
538	-95.91516	538	-1280.83777
538.5	-171.924255	538.5	-2293.165
539	-130.419434	539	-1739.26221
539.5	-132.419678	539.5	-1767.63245
540	-181.925354	540	-2426.727
540.5	-182.925476	540.5	-2439.88354
541	-161.4231	541	-2152.02539
541.5	-166.9237	541.5	-2253.82178
542	-168.92395	542	-2300.44019
542.5	-163.42334	542.5	-2195.38086
543	-158.922791	543	-2125.75317
543.5	-162.923279	543.5	-2177.35083
544	-150.421814	544	-2011.86121
544.5	-156.922546	544.5	-2095.66455
545	-130.419434	545	-1741.47131
545.5	-110.416992	545.5	-1474.326
546	-156.922546	546	-2096.83813
546.5	-148.921631	546.5	-1989.76233
547	-108.916809	547	-1454.779
547.5	-154.922363	547.5	-2070.6123
548	-125.918884	548	-1683.451
548.5	-165.923584	548.5	-2216.34082
549	-149.921753	549	-2005.59814
549.5	-148.921631	549.5	-1989.55151
550	-168.423889	550	-2252.823
550.5	-120.418213	550.5	-1610.64233
551	-153.922241	551	-2058.398
551.5	-149.421692	551.5	-1997.12354
552	-110.416992	552	-1475.7207
552.5	-157.922668	552.5	-2109.03687
553	-148.42157	553	-1982.616
553.5	-160.923035	553.5	-2150.63525
554	-142.920959	554	-1908.63318
554.5	-149.421692	554.5	-1995.93018
555	-177.424866	555	-2358.34
555.5	-182.925476	555.5	-2435.52368
556	-174.924622	556	-2334.0835
556.5	-141.420776	556.5	-1886.70178
557	-135.420044	557	-1807.60156
557.5	-118.417969	557.5	-1581.68408
558	-140.420654	558	-1874.73267
558.5	-138.42041	558.5	-1847.65076
559	-175.924744	559	-2352.61914
559.5	-186.4259	559.5	-2496.32
560	-191.926453	560	-2571.632
560.5	-120.918274	560.5	-1617.69836
561	-209.428345	561	-2802.0376
561.5	-160.422974	561.5	-2146.84424
562	-127.919128	562	-1713.6178
562.5	-156.922546	562.5	-2099.22046
563	-174.424561	563	-2336.87524
563.5	-180.425232	563.5	-2415.54736
564	-165.423523	564	-2216.95532
564.5	-187.926025	564.5	-2517.64819
565	-155.922424	565	-2087.58081
565.5	-193.9267	565.5	-2593.65161
566	-148.921631	566	-1993.29114
566.5	-118.91803	566.5	-1588.94019
567	-102.916077	567	-1375.55444
567.5	-150.921875	567.5	-2017.93811
568	-167.423767	568	-2237.25952
568.5	-143.921082	568.5	-1923.73523
569	-174.424561	569	-2334.02441
569.5	-162.423218	569.5	-2171.621
570	-174.424561	570	-2334.02441
570.5	-187.425964	570.5	-2507.981
571	-123.91864	571	-1658.49207
571.5	-105.416382	571.5	-1410.90564
572	-151.421936	572	-2027.66406
572.5	-164.923462	572.5	-2209.298
573	-110.917053	573	-1484.03247
573.5	-161.923157	573.5	-2166.23047
574	-132.919739	574	-1777.68018
574.5	-156.422485	574.5	-2090.64648
575	-149.921753	575	-2002.24634
575.5	-194.926819	575.5	-2605.114
576	-141.420776	576	-1888.41357
576.5	-185.425781	576.5	-2476.4873
577	-125.918884	577	-1680.89343
577.5	-155.422363	577.5	-2075.77124
578	-163.42334	578	-2182.05225
578.5	-160.923035	578.5	-2147.174
579	-161.4231	579	-2151.99316
579.5	-147.421448	579.5	-1966.43
580	-189.426208	580	-2525.275
580.5	-130.419434	580.5	-1739.61682
581	-136.420166	581	-1819.58972
581.5	-153.922241	581.5	-2052.41455
582	-131.919617	582	-1760.34521
582.5	-136.420166	582.5	-1822.08044
583	-164.4234	583	-2193.63037
583.5	-136.920227	583.5	-1826.89417
584	-198.427185	584	-2646.887
584.5	-168.423889	584.5	-2246.154
585	-154.4223	585	-2059.689
585.5	-159.922913	585.5	-2132.66968
586	-152.422058	586	-2031.552
586.5	-141.920837	586.5	-1893.14429
587	-152.422058	587	-2032.04272
587.5	-169.424011	587.5	-2257.95728
588	-116.917786	588	-1559.52332
588.5	-163.92334	588.5	-2201.277
589	-158.922791	589	-2126.494
589.5	-180.425232	589.5	-2412.292
590	-184.425659	590	-2466.88
590.5	-173.9245	590.5	-2328.356
591	-155.922424	591	-2087.78687
591.5	-158.922791	591.5	-2125.64063
592	-136.920227	592	-1828.95313
592.5	-150.921875	592.5	-2018.901
593	-164.4234	593	-2199.79614
593.5	-149.921753	593.5	-2005.06653
594	-187.425964	594	-2505.38013
594.5	-189.92627	594.5	-2537.343
595	-146.921387	595	-1962.78418
595.5	-184.425659	595.5	-2462.0874
596	-138.920471	596	-1854.56384
596.5	-176.9248	596.5	-2361.86157
597	-178.424988	597	-2379.406
597.5	-142.920959	597.5	-1904.77319
598	-157.922668	598	-2102.32813
598.5	-144.421082	598.5	-1919.37756
599	-146.921387	599	-1957.7489
599.5	-140.420654	599.5	-1869.588
600	-110.917053	600	-1476.63782
600.5	-176.424744	600.5	-2349.32544
601	-155.922424	601	-2075.80957
601.5	-129.919373	601.5	-1729.75891
602	-155.422363	602	-2071.01
602.5	-166.423645	602.5	-2218.54
603	-96.91528	603	-1291.32251
603.5	-176.9248	603.5	-2356.6062
604	-162.423218	604	-2166.71631
604.5	-158.922791	604.5	-2122.08838
605	-119.418091	605	-1592.59717
605.5	-134.919983	605.5	-1798.11328
606	-128.91925	606	-1717.72522
606.5	-173.9245	606.5	-2318.35645
607	-171.4242	607	-2284.56274
607.5	-158.922791	607.5	-2118.50073
608	-167.423767	608	-2231.77124
608.5	-201.42749	608.5	-2683.261
609	-133.919861	609	-1784.99988
609.5	-167.423767	609.5	-2232.951
610	-132.919739	610	-1774.52209
610.5	-197.427063	610.5	-2628.761
611	-104.41626	611	-1391.5614
611.5	-168.423889	611.5	-2245.374
612	-162.423218	612	-2165.22778
612.5	-139.420532	612.5	-1857.771
613	-143.421021	613	-1908.78723
613.5	-180.425232	613.5	-2393.681
614	-174.924622	614	-2332.83228
614.5	-145.4212	614.5	-1934.591
615	-183.425537	615	-2440.89355
615.5	-166.9237	615.5	-2225.29
616	-198.927246	616	-2657.291
616.5	-142.920959	616.5	-1905.5498
617	-145.4212	617	-1938.739
617.5	-201.927551	617.5	-2691.70923
618	-128.91925	618	-1718.89246
618.5	-164.4234	618.5	-2193.929
619	-173.9245	619	-2321.177
619.5	-222.429688	619.5	-2963.95239
620	-162.423218	620	-2164.754
620.5	-175.424683	620.5	-2335.656
621	-147.421448	621	-1961.99915
621.5	-167.423767	621.5	-2226.293
622	-130.9195	622	-1741.22375
622.5	-168.423889	622.5	-2238.53027
623	-173.424438	623	-2302.99951
623.5	-123.91864	623.5	-1650.02637
624	-186.4259	624	-2477.05
624.5	-121.418335	624.5	-1608.5835
625	-145.921265	625	-1930.97424
625.5	-159.422852	625.5	-2108.15552
626	-167.423767	626	-2211.258
626.5	-132.919739	626.5	-1753.13184
627	-158.422729	627	-2088.955
627.5	-155.422363	627.5	-2047.02332
628	-220.429443	628	-2903.53784
628.5	-180.9253	628.5	-2381.583
629	-126.919006	629	-1670.06934
629.5	-176.9248	629.5	-2323.537
630	-142.4209	630	-1870.09436
630.5	-128.419189	630.5	-1681.85217
631	-123.418579	631	-1616.30139
631.5	-149.921753	631.5	-1961.9491
632	-170.424072	632	-2227.42969
632.5	-192.426514	632.5	-2516.5835
633	-115.4176	633	-1507.91907
633.5	-170.924133	633.5	-2240.299
634	-190.926392	634	-2496.391
634.5	-171.924255	634.5	-2246.9707
635	-137.420288	635	-1795.46155
635.5	-163.42334	635.5	-2135.85156
636	-161.4231	636	-2104.213
636.5	-166.423645	636.5	-2176.27173
637	-134.419922	637	-1756.22156
637.5	-147.421448	637.5	-1925.91772
638	-112.9173	638	-1476.26868
638.5	-166.423645	638.5	-2176.75562
639	-102.916077	639	-1349.77039
639.5	-134.419922	639.5	-1760.25842
640	-117.417847	640	-1537.5896
640.5	-89.41437	640.5	-1170.47559
641	-102.916077	641	-1346.47058
641.5	-65.9112549	641.5	-862.1954
642	-81.41333	642	-1064.34973
642.5	-23.4053955	642.5	-305.8728
643	-20.90509	643	-273.3028
643.5	-57.9102173	643.5	-758.066
644	-123.91864	644	-1623.15112
644.5	-82.91351	644.5	-1085.8512
645	-127.419067	645	-1668.97668
645.5	-150.421814	645.5	-1969.55835
646	-140.420654	646	-1839.93079
646.5	-167.923828	646.5	-2198.054
647	-155.922424	647	-2041.91418
647.5	-142.920959	647.5	-1870.94336
648	-142.4209	648	-1862.50562
648.5	-151.421936	648.5	-1982.31567
649	-210.428467	649	-2756.97656
649.5	-169.924072	649.5	-2223.742
650	-189.92627	650	-2487.27368
</Group>
<Group>
RCQCSignal
1
701	
ExCorr	T636070406482223471
X	Y
300	0.10110651
300.5	0.101157621
301	0.100807428
301.5	0.101239249
302	0.101145416
302.5	0.10116525
303	0.100847095
303.5	0.100961536
304	0.101148471
304.5	0.101051569
305	0.101055384
305.5	0.100983664
306	0.10109964
306.5	0.101060718
307	0.1014979
307.5	0.10103631
308	0.101000458
308.5	0.100837186
309	0.100897461
309.5	0.100946277
310	0.100891352
310.5	0.100842521
311	0.100845575
311.5	0.100847095
312	0.100831077
312.5	0.10079293
313	0.100868464
313.5	0.100822687
314	0.100741044
314.5	0.100636527
315	0.100610584
315.5	0.100550309
316	0.10053505
316.5	0.100583121
317	0.100489274
317.5	0.100557938
318	0.100634992
318.5	0.100704432
319	0.100732654
319.5	0.100658655
320	0.100709006
320.5	0.100390851
321	0.10054116
321.5	0.100647971
322	0.100638807
322.5	0.100562513
323	0.100473255
323.5	0.100610584
324	0.100557938
324.5	0.100371018
325	0.100512922
325.5	0.100512922
326	0.100445792
326.5	0.100463331
327	0.10053277
327.5	0.100416794
328	0.10066475
328.5	0.100493848
329	0.100504532
329.5	0.100467145
330	0.100398481
330.5	0.100319907
331	0.1003962
331.5	0.100374833
332	0.100398481
332.5	0.100377128
333	0.100420609
333.5	0.100382462
334	0.100466385
334.5	0.100459516
335	0.100339741
335.5	0.100424424
336	0.1003878
336.5	0.10041374
337	0.100373313
337.5	0.100394666
338	0.100326762
338.5	0.100148231
339	0.100209266
339.5	0.10021767
340	0.100300819
340.5	0.100277171
341	0.100359574
341.5	0.100326
342	0.1002848
342.5	0.100257337
343	0.100306168
343.5	0.100371018
344	0.10034965
344.5	0.10034813
345	0.10022682
345.5	0.100280985
346	0.100251228
346.5	0.100187913
347	0.100036085
347.5	0.100093305
348	0.100114673
348.5	0.09999107
349	0.0999796242
349.5	0.099956736
350	0.09989646
350.5	0.0998293161
351	0.09988959
351.5	0.09988196
352	0.09998877
352.5	0.09986365
353	0.0999002755
353.5	0.09973319
354	0.09988044
354.5	0.09974463
355	0.09983313
355.5	0.09992698
356	0.09987587
356.5	0.09991707
357	0.09984763
357.5	0.0999017954
358	0.09976676
358.5	0.09982398
359	0.09991783
359.5	0.100007847
360	0.100148231
360.5	0.100175709
361	0.100303113
361.5	0.1003878
362	0.100445017
362.5	0.100620508
363	0.100645676
363.5	0.100712061
364	0.10079293
364.5	0.100796744
365	0.100828782
365.5	0.100909665
366	0.100766227
366.5	0.10078682
367	0.100673914
367.5	0.100732654
368	0.100732654
368.5	0.100772336
369	0.10084939
369.5	0.100763932
370	0.100839466
370.5	0.100880668
371	0.100918055
371.5	0.100805894
372	0.100991294
372.5	0.100876093
373	0.1008883
373.5	0.1009005
374	0.100815818
374.5	0.100738004
375	0.100717396
375.5	0.100772336
376	0.1007563
376.5	0.100615919
377	0.100743338
377.5	0.100564808
378	0.100569382
378.5	0.100625843
379	0.1005404
379.5	0.09892064
380	0.100006327
380.5	0.100335166
381	0.100376353
381.5	0.100289375
382	0.100372538
382.5	0.1003283
383	0.100399241
383.5	0.100210041
384	0.100372538
384.5	0.10028252
385	0.100434348
385.5	0.10028328
386	0.100322187
386.5	0.100200877
387	0.100142896
387.5	0.100221485
388	0.100168079
388.5	0.100157395
389	0.10016197
389.5	0.100274116
390	0.100274891
390.5	0.100317612
391	0.100330576
391.5	0.100408405
392	0.10041298
392.5	0.100331351
393	0.100393906
393.5	0.10034737
394	0.100392386
394.5	0.100420609
395	0.100418314
395.5	0.10034889
396	0.100339741
396.5	0.100302354
397	0.100380942
397.5	0.100437388
398	0.10041298
398.5	0.100589991
399	0.100621268
399.5	0.10047783
400	0.100467905
400.5	0.100555658
401	0.100437388
401.5	0.100474775
402	0.100518271
402.5	0.1005259
403	0.100445792
403.5	0.100521326
404	0.100705951
404.5	0.100609064
405	0.100596085
405.5	0.10053353
406	0.100508347
406.5	0.100518271
407	0.100529715
407.5	0.100544214
408	0.100516737
408.5	0.100580066
409	0.100530475
409.5	0.100659415
410	0.100671619
410.5	0.100611344
411	0.100689173
411.5	0.1006144
412	0.100683823
412.5	0.100777671
413	0.100753263
413.5	0.100749448
414	0.100836411
414.5	0.100834131
415	0.100815818
415.5	0.100723505
416	0.100860074
416.5	0.100876093
417	0.100812
417.5	0.100882962
418	0.100879148
418.5	0.100904316
419	0.100948572
419.5	0.100931019
420	0.10091576
420.5	0.10097298
421	0.100730374
421.5	0.1005587
422	0.100426719
422.5	0.100407645
423	0.100280225
423.5	0.100085676
424	0.100003272
424.5	0.0995142162
425	0.09945777
425.5	0.09983085
426	0.100016251
426.5	0.100200877
427	0.100205451
427.5	0.100168079
428	0.100293189
428.5	0.100211561
429	0.09996055
429.5	0.100156635
430	0.100363389
430.5	0.100428239
431	0.1005854
431.5	0.100707486
432	0.10072808
432.5	0.100818112
433	0.100892872
433.5	0.101053089
434	0.101276636
434.5	0.101009607
435	0.100955442
435.5	0.100959256
436	0.101005033
436.5	0.10096994
437	0.101002738
437.5	0.100994349
438	0.100893646
438.5	0.101095825
439	0.101030976
439.5	0.100918815
440	0.1010302
440.5	0.100934833
441	0.101088196
441.5	0.101103455
442	0.101025626
442.5	0.100895926
443	0.100917295
443.5	0.10103555
444	0.100595325
444.5	0.100461811
445	0.10046868
445.5	0.100658655
446	0.10078378
446.5	0.100834891
447	0.100902036
447.5	0.100964591
448	0.100965351
448.5	0.100998923
449	0.10091348
449.5	0.10103631
450	0.100967646
450.5	0.10091576
451	0.101001218
451.5	0.101063773
452	0.100950092
452.5	0.10097222
453	0.101079792
453.5	0.10110116
454	0.1010592
454.5	0.101124048
455	0.10109964
455.5	0.10109888
456	0.101055384
456.5	0.100993589
457	0.1011744
457.5	0.101185083
458	0.101088956
458.5	0.101198062
459	0.1012301
459.5	0.1011294
460	0.101130918
460.5	0.101182029
461	0.101176694
461.5	0.101121768
462	0.101090476
462.5	0.101028681
463	0.100937128
463.5	0.10097757
464	0.100991294
464.5	0.10103707
465	0.101001218
465.5	0.100966126
466	0.101116419
466.5	0.101075977
467	0.100934073
467.5	0.101041645
468	0.101062253
468.5	0.100991294
469	0.100953907
469.5	0.101156861
470	0.101265192
470.5	0.100936368
471	0.100946277
471.5	0.101061493
472	0.101041645
472.5	0.101050049
473	0.101113364
473.5	0.101143122
474	0.101144657
474.5	0.101103455
475	0.101195008
475.5	0.101119474
476	0.101118714
476.5	0.1010714
477	0.101053089
477.5	0.101098105
478	0.100918055
478.5	0.100918055
479	0.101075217
479.5	0.100963831
480	0.10104242
480.5	0.100999683
481	0.101207972
481.5	0.101189658
482	0.101095825
482.5	0.101104975
483	0.101112604
483.5	0.101097345
484	0.101032495
484.5	0.100853205
485	0.100855485
485.5	0.100938648
486	0.100745633
486.5	0.101015717
487	0.101092771
487.5	0.101018
488	0.101078272
488.5	0.101105735
489	0.101369724
489.5	0.101177454
490	0.1011744
490.5	0.101194248
491	0.1012568
491.5	0.101283506
492	0.101191953
492.5	0.101154566
493	0.101024106
493.5	0.101080567
494	0.101171359
494.5	0.101102695
495	0.101153806
495.5	0.101067588
496	0.101175174
496.5	0.101171359
497	0.101175174
497.5	0.101153046
498	0.101156861
498.5	0.101122528
499	0.100808188
499.5	0.101102695
500	0.101108789
500.5	0.101289615
501	0.101327
501.5	0.101465091
502	0.101418555
502.5	0.101791635
503	0.101574957
503.5	0.10167338
504	0.1017901
504.5	0.101825967
505	0.101749673
505.5	0.10179469
506	0.101656586
506.5	0.101625308
507	0.101626828
507.5	0.1015864
508	0.101381168
508.5	0.101528421
509	0.101471961
509.5	0.101419315
510	0.101413965
510.5	0.10135293
511	0.101423889
511.5	0.101333857
512	0.101356745
512.5	0.101243839
513	0.101317838
513.5	0.101381928
514	0.10135065
514.5	0.101340726
515	0.101337671
515.5	0.101322412
516	0.101347595
516.5	0.101336911
517	0.101185843
517.5	0.101190433
518	0.101079032
518.5	0.101109549
519	0.10078378
519.5	0.100886777
520	0.100858539
520.5	0.100920349
521	0.1009295
521.5	0.100876093
522	0.100926444
522.5	0.100995108
523	0.100933313
523.5	0.100952387
524	0.101020291
524.5	0.1009974
525	0.101023346
525.5	0.101278171
526	0.101140067
526.5	0.101112604
527	0.101039365
527.5	0.101092771
528	0.100933313
528.5	0.10097757
529	0.100933313
529.5	0.101039365
530	0.100989014
530.5	0.100976795
531	0.101046234
531.5	0.101002738
532	0.10104394
532.5	0.101020291
533	0.100853205
533.5	0.100992829
534	0.101055384
534.5	0.101180509
535	0.101050809
535.5	0.100982144
536	0.101046234
536.5	0.100937128
537	0.100953907
537.5	0.100989774
538	0.100898221
538.5	0.101016477
539	0.101034015
539.5	0.100937128
540	0.101009607
540.5	0.101017237
541	0.101066828
541.5	0.09979041
542	0.09893972
542.5	0.100298539
543	0.100731134
543.5	0.100819632
544	0.100740284
544.5	0.100891352
545	0.100905851
545.5	0.100909665
546	0.100834891
546.5	0.100843281
547	0.100876093
547.5	0.100810483
548	0.100781485
548.5	0.100869983
549	0.10071893
549.5	0.100853965
550	0.100731894
550.5	0.100735709
551	0.100754023
551.5	0.100808948
552	0.1008143
552.5	0.100890592
553	0.100866929
553.5	0.100818872
554	0.100893646
554.5	0.100869223
555	0.101367429
555.5	0.101198062
556	0.10097757
556.5	0.100995108
557	0.1009417
557.5	0.100876093
558	0.100921109
558.5	0.1009417
559	0.100754783
559.5	0.100622788
560	0.100557938
560.5	0.100712821
561	0.100705191
561.5	0.100683063
562	0.100580066
562.5	0.10072045
563	0.100568622
563.5	0.100640342
564	0.100538105
564.5	0.1005732
565	0.100636527
565.5	0.100743338
566	0.10066475
566.5	0.100839466
567	0.100808188
567.5	0.1007708
568	0.100830317
568.5	0.100802079
569	0.100691453
569.5	0.100775376
570	0.100691453
570.5	0.100692213
571	0.100673139
571.5	0.1006701
572	0.100619733
572.5	0.100581586
573	0.100703672
573.5	0.100715116
574	0.100745633
574.5	0.100811243
575	0.100887537
575.5	0.100817338
576	0.100903556
576.5	0.100884482
577	0.100934833
577.5	0.100884482
578	0.100911185
578.5	0.100981385
579	0.101068348
579.5	0.1010119
580	0.101069883
580.5	0.101013422
581	0.101017237
581.5	0.101047754
582	0.10097222
582.5	0.100879148
583	0.100992829
583.5	0.100982144
584	0.101008087
584.5	0.101030976
585	0.101018
585.5	0.10103631
586	0.101090476
586.5	0.101007313
587	0.101066068
587.5	0.10109964
588	0.101013422
588.5	0.100335926
589	0.100696042
589.5	0.100776151
590	0.100731134
590.5	0.100647211
591	0.1006266
591.5	0.100736469
592	0.100868464
592.5	0.100722745
593	0.100709766
593.5	0.100745633
594	0.100796744
594.5	0.100854725
595	0.100856259
595.5	0.100927204
596	0.100928739
596.5	0.100931019
597	0.10103631
597.5	0.101098105
598	0.101212546
598.5	0.101381928
599	0.101115659
599.5	0.101198822
600	0.101207972
600.5	0.1011828
601	0.101207212
601.5	0.101199582
602	0.101116419
602.5	0.1010737
603	0.101122528
603.5	0.1011561
604	0.1010035
604.5	0.100905091
605	0.101030976
605.5	0.10109964
606	0.101124048
606.5	0.101081327
607	0.10110192
607.5	0.101075977
608	0.101078272
608.5	0.101145416
609	0.101087436
609.5	0.101024866
610	0.100924924
610.5	0.101191953
611	0.10110116
611.5	0.101066068
612	0.101072937
612.5	0.101117179
613	0.101238489
613.5	0.1015597
614	0.101031736
614.5	0.101281226
615	0.101251468
615.5	0.101069883
616	0.100866169
616.5	0.1010569
617	0.101064533
617.5	0.101078272
618	0.101055384
618.5	0.10097909
619	0.1009585
619.5	0.101114139
620	0.101095065
620.5	0.101198062
621	0.101240024
621.5	0.101327
622	0.101307154
622.5	0.101375058
623	0.1014628
623.5	0.101189658
624	0.101405576
624.5	0.101702362
625	0.101819858
625.5	0.101891577
626	0.102015942
626.5	0.102156326
627	0.102183029
627.5	0.102301285
628	0.102289841
628.5	0.102358505
629	0.102395892
629.5	0.102595776
630	0.10261257
630.5	0.102880359
631	0.102884173
631.5	0.102959707
632	0.103090182
632.5	0.103025317
633	0.103129849
633.5	0.10279873
634	0.10304898
634.5	0.103093222
635	0.103125274
635.5	0.103094
636	0.103363305
636.5	0.103036776
637	0.103127554
637.5	0.103136718
638	0.10305889
638.5	0.103013873
639	0.10273388
639.5	0.102891043
640	0.102892578
640.5	0.10292843
641	0.10298565
641.5	0.103001669
642	0.103062704
642.5	0.103101626
643	0.103061944
643.5	0.10292919
644	0.1028651
644.5	0.102883413
645	0.102866635
645.5	0.102904022
646	0.102830008
646.5	0.1029353
647	0.102887228
647.5	0.102926135
648	0.103030667
648.5	0.10292156
649	0.102839932
649.5	0.102958187
650	0.102884948
</Group>
</Session>
