<Session>
Acquisition 1 2016-08-17 16:04:57
<Group>
Detector1
1
21	
D1 450:440-460	T636070406482192339
X	Y
440	701.049133
441	784.061462
442	924.0854
443	827.0684
444	823.067749
445	909.082642
446	1448.20972
447	5691.238
448	26747.4141
449	71782.82
450	100697.219
451	75934.7
452	31095.4922
453	5474.99658
454	1273.16211
455	868.0754
456	849.0721
457	842.0709
458	764.05835
459	763.0582
460	878.0771
</Group>
<Group>
RCQCSignal
1
21	
ExCorr	T636070406482192340
X	Y
440	0.017654689
441	0.01770962
442	0.0176440068
443	0.017593652
444	0.0176729988
445	0.0176104363
446	0.0176363774
447	0.0177157242
448	0.01774777
449	0.0176150147
450	0.0176211186
451	0.0176623184
452	0.0177050438
453	0.01766537
454	0.0176714733
455	0.017631799
456	0.0177691318
457	0.0176485851
458	0.0176348519
459	0.0177157242
460	0.0176440068
</Group>
</Session>
