<Session>
Acquisition 1 2016-08-23 14:00:37
<Group>
Detector1
2
41		41	
D1 350:340-360	T636070406482201697	D1 350:340-360 [COR]	T636070406482201699
X	Y	X	Y
340	58.70807	340	581.23175
340.5	-0.3012085	340.5	-2.96186924
341	61.2084351	341	598.09314
341.5	30.2034912	341.5	293.46048
342	71.7102051	342	692.8971
342.5	71.7102051	342.5	684.585266
343	-13.8032227	343	-130.702148
343.5	45.20587	343.5	424.037262
344	23.7024536	344	219.9892
344.5	39.7050171	344.5	366.386719
345	72.71033	345	667.7324
345.5	72.71033	345.5	664.686
346	76.21094	346	693.570862
346.5	204.734009	346.5	1843.719
347	469.792053	347	4185.543
347.5	1230.53638	347.5	10857.5889
348	3338.318	348	29203.9668
348.5	7363.23145	348.5	63856.62
349	12862.6738	349	110573.477
349.5	20149.79	349.5	171638.328
350	26762.2324	350	225910.234
350.5	30385.9277	350.5	254317.141
351	29820.9512	351	247494.563
351.5	25115.9648	351.5	206518.484
352	18256.2441	352	148901.625
352.5	11077.1348	352.5	89778.5156
353	5576.15039	353	45900.01
353.5	2475.68628	353.5	19914.8184
354	670.345154	354	5349.399
354.5	280.249084	354.5	2224.982
355	172.727966	355	1363.64563
355.5	92.21362	355.5	724.940552
356	105.715942	356	827.3835
356.5	49.706604	356.5	386.906738
357	37.70465	357	291.681274
357.5	45.7059326	357.5	351.5835
358	-4.301819	358	-33.007988
358.5	21.2020874	358.5	160.300339
359	-8.302429	359	-61.9591446
359.5	19.2017822	359.5	141.490356
360	19.7018433	360	143.3367
</Group>
<Group>
RCQCSignal
1
41	
ExCorr	T636070406482201698
X	Y
340	0.199716419
340.5	0.199884266
341	0.1999476
341.5	0.199876636
342	0.1997706
342.5	0.200165808
343	0.199759156
343.5	0.199584424
344	0.199621826
344.5	0.199791968
345	0.19976145
345.5	0.199679047
346	0.199573755
346.5	0.199721754
347	0.1998919
347.5	0.199834675
348	0.199535608
348.5	0.199499756
349	0.199466944
349.5	0.1994906
350	0.199476868
350.5	0.199443281
351	0.1993708
351.5	0.1994555
352	0.1992884
352.5	0.199362427
353	0.195124984
353.5	0.198471278
354	0.198858112
354.5	0.198877186
355	0.198991627
355.5	0.19882071
356	0.198694825
356.5	0.1985842
357	0.198605567
357.5	0.1985186
358	0.197799891
358.5	0.198317945
359	0.198462129
359.5	0.19851172
360	0.1985392
</Group>
</Session>
