<Session>
Acquisition 1 2016-08-17 16:07:46
<Group>
Detector1
1
21	
D1 350:340-360	T636070406482193705
X	Y
340	749.0561
341	840.070557
342	809.0654
343	853.072754
344	743.055237
345	828.068542
346	887.0787
347	1410.19885
348	4811.314
349	15050.63
350	25130.0469
351	24753.1719
352	13323.7363
353	4188.754
354	1170.137
355	940.0884
356	914.083557
357	837.070068
358	844.0712
359	829.0687
360	806.064941
</Group>
<Group>
RCQCSignal
1
21	
ExCorr	T636070406482193706
X	Y
340	0.0159884039
341	0.0159136336
342	0.015918212
343	0.01594873
344	0.0159807745
345	0.01604181
346	0.0160708018
347	0.0160402842
348	0.0159716178
349	0.015892271
350	0.0159090571
351	0.0159685668
352	0.01598993
353	0.0158800632
354	0.0160402842
355	0.0159990843
356	0.0160112921
357	0.0160372313
358	0.0159502551
359	0.0159639884
360	0.016020447
</Group>
</Session>
