<Session>
Acquisition 1 2016-08-17 15:52:27
<Group>
Detector1
1
21	
D1 450:440-460	T636070406482191994
X	Y
440	814.0663
441	851.072449
442	796.063354
443	906.0821
444	884.0781
445	884.0781
446	1030.10608
447	2593.67261
448	14085.8223
449	49487.09
450	93811.5859
451	93405.04
452	50505.2227
453	14529.0889
454	2385.569
455	1015.103
456	858.0736
457	824.067932
458	749.0561
459	908.082458
460	752.0566
</Group>
<Group>
RCQCSignal
1
21	
ExCorr	T636070406482191995
X	Y
440	0.01761349
441	0.01766537
442	0.0177691318
443	0.0175860226
444	0.0175707638
445	0.0176302735
446	0.0175509267
447	0.0176607911
448	0.0176699478
449	0.0175844971
450	0.017625697
451	0.017695887
452	0.0177111458
453	0.0175814442
454	0.017689785
455	0.0177416652
456	0.0176638439
457	0.0177080948
458	0.0176775772
459	0.0175524522
460	0.0175951775
</Group>
</Session>
