<Session>
Acquisition 1 2016-08-23 14:08:48
<Group>
Detector1
2
41		41	
D1 450:440-460	T636070406482203079	D1 450:440-460 [COR]	T636070406482203081
X	Y	X	Y
440	17.600708	440	42.6767654
440.5	26.1019287	440.5	63.4203262
441	63.607666	441	154.792267
441.5	65.60797	441.5	160.0359
442	91.61212	442	223.862061
442.5	105.61438	442.5	258.4527
443	88.61163	443	217.062866
443.5	125.617737	443.5	307.936523
444	104.114136	444	255.425858
444.5	91.112	444.5	223.842453
445	117.616394	445	290.119141
445.5	225.635559	445.5	556.382141
446	466.1867	446	1150.72449
446.5	1292.45044	446.5	3197.75146
447	3854.13525	447	9559.983
447.5	8726.458	447.5	21694.6836
448	21022.7383	448	52393.7031
448.5	37781.375	448.5	94260.2
449	62495.44	449	155865.7
449.5	83647.28	449.5	208553.688
450	98808.0156	450	246307.578
450.5	99839.45	450.5	249422.9
451	87180.12	451	218228.984
451.5	65875.02	451.5	165286.8
452	40182.8672	452	101056.781
452.5	21184.4414	452.5	53363.8633
453	8741.987	453	22092.6777
453.5	3176.06177	453.5	8031.442
454	693.745667	454	1758.32959
454.5	285.147156	454.5	725.560547
455	250.64032	455	635.699341
455.5	135.119324	455.5	343.7258
456	102.613892	456	261.23642
456.5	63.607666	456.5	162.175217
457	133.118958	457	339.441132
457.5	31.1027222	457.5	79.5688553
458	15.1003418	458	38.69198
458.5	91.112	458.5	233.600235
459	73.60925	459	191.873352
459.5	59.6070557	459.5	153.8584
460	60.1071167	460	154.779663
</Group>
<Group>
RCQCSignal
1
41	
ExCorr	T636070406482203080
X	Y
440	0.355904639
440.5	0.356003821
441	0.356273919
441.5	0.356265515
442	0.356463879
442.5	0.356262475
443	0.356219739
443.5	0.356276184
444	0.356308252
444.5	0.356357843
445	0.355480433
445.5	0.356146485
446	0.3563296
446.5	0.356386065
447	0.356374621
447.5	0.35645473
448	0.3564593
448.5	0.356102228
449	0.356244922
449.5	0.356377661
450	0.356464654
450.5	0.356478363
451	0.356562316
451.5	0.35651195
452	0.356472284
452.5	0.356589019
453	0.3561282
453.5	0.356602728
454	0.356477618
454.5	0.3555262
455	0.357123822
455.5	0.356506616
456	0.356678277
456.5	0.3568179
457	0.3574481
457.5	0.3569499
458	0.357051343
458.5	0.3571223
459	0.3515459
459.5	0.3552958
460	0.356430322
</Group>
</Session>
