<Session>
Acquisition 1 2016-08-17 16:06:48
<Group>
Detector1
1
21	
D1 400:390-410	T636070406482193022
X	Y
390	931.0867
391	762.058044
392	806.064941
393	782.061157
394	843.071045
395	822.067566
396	1064.11328
397	3001.901
398	13799.0234
399	39109.56
400	68445.34
401	67880.7
402	38928.15
403	12507.6309
404	2511.63062
405	1024.10486
406	826.068237
407	869.0755
408	808.0653
409	765.058533
410	824.067932
</Group>
<Group>
RCQCSignal
1
21	
ExCorr	T636070406482193023
X	Y
390	0.0168078132
391	0.0168413818
392	0.016823072
393	0.0168551151
394	0.01682002
395	0.0167025253
396	0.0169069972
397	0.0167727172
398	0.0167330429
399	0.0168642718
400	0.01684596
401	0.0167742427
402	0.01679408
403	0.0168780033
404	0.01685664
405	0.0169085227
406	0.0167986564
407	0.0168474857
408	0.0168749522
409	0.016784925
410	0.0168307014
</Group>
</Session>
