<Session>
Acquisition 1 2016-08-17 15:49:23
<Group>
Detector1
1
21	
D1 400:390-410	T636070406482190610
X	Y
390	754.0569
391	772.059631
392	733.0537
393	840.070557
394	784.061462
395	800.064
396	910.0828
397	2051.42065
398	9114.302
399	31642.916
400	61165.6
401	69146.93
402	44963.5664
403	16839.3242
404	4059.64771
405	1073.11511
406	888.078857
407	942.088745
408	818.0669
409	787.061951
410	825.068054
</Group>
<Group>
RCQCSignal
1
21	
ExCorr	T636070406482190611
X	Y
390	0.0166994743
391	0.016688792
392	0.0167071037
393	0.0167055763
394	0.0166430157
395	0.0167315174
396	0.0166598
397	0.016758984
398	0.0166918449
399	0.0167315174
400	0.0166964214
401	0.0167391468
402	0.0166750588
403	0.01671931
404	0.016624704
405	0.0166659039
406	0.0166369118
407	0.0166872665
408	0.0167376213
409	0.0166796371
410	0.0167574584
</Group>
</Session>
