<Session>
Acquisition 1 2016-08-23 14:20:03
<Group>
Detector1
2
41		41	
D1 450:440-460	T636070406482203088	D1 450:440-460 [COR]	T636070406482203090
X	Y	X	Y
440	22.10138	440	53.0967674
440.5	7.099182	440.5	17.1064377
441	42.60443	441	102.888031
441.5	79.61017	441.5	192.805023
442	65.60797	442	159.209183
442.5	39.6039429	442.5	96.01804
443	79.61017	443	193.748489
443.5	52.605957	443.5	128.096832
444	64.60779	444	157.402832
444.5	152.622314	444.5	372.221
445	256.641479	445	626.7748
445.5	452.683533	445.5	1107.476
446	1278.94482	446	3133.2627
446.5	3533.35254	446.5	8680.26
447	8891.772	447	21898.9
447.5	19980.3242	447.5	49315.2031
448	39625.86	448	98039.48
448.5	62089.3555	448.5	153633.953
449	85202.04	449	210870.047
449.5	99367.07	449.5	245889.359
450	99871.59	450	247454.7
450.5	87366.37	450.5	217168.922
451	65707.31	451	163432.016
451.5	41336.9023	451.5	102992.695
452	20932.8477	452	52274.707
452.5	8598.218	452.5	21505.0137
453	2802.78516	453	7024.739
453.5	736.2579	453.5	1848.65137
454	332.1568	454	835.669067
454.5	139.620117	454.5	351.852264
455	136.1195	455	343.3483
455.5	171.12561	455.5	432.230652
456	91.61212	456	231.862534
456.5	88.11157	456.5	223.452057
457	87.61145	457	222.484665
457.5	46.60504	457.5	118.574959
458	65.10791	458	165.96582
458.5	9.099426	458.5	23.1999283
459	79.11011	459	202.135834
459.5	23.6015625	459.5	60.3510437
460	52.105896	460	133.319611
</Group>
<Group>
RCQCSignal
1
41	
ExCorr	T636070406482203089
X	Y
440	0.359208226
440.5	0.35897094
441	0.359015942
441.5	0.358826727
442	0.358948052
442.5	0.359595031
443	0.358544439
443.5	0.3586688
444	0.3588008
444.5	0.3589801
445	0.3590373
445.5	0.358967125
446	0.359019756
446.5	0.358926684
447	0.3589244
447.5	0.35903883
448	0.3590686
448.5	0.359050274
449	0.358993053
449.5	0.359070122
450	0.358631432
450.5	0.358272851
451	0.358845055
451.5	0.359023571
452	0.358993828
452.5	0.3591426
453	0.359090716
453.5	0.3591403
454	0.359121233
454.5	0.358974755
455	0.3590915
455.5	0.359055638
456	0.3587787
456.5	0.358732134
457	0.358920574
457.5	0.35891524
458	0.358905315
458.5	0.359122
459	0.358635247
459.5	0.358649
460	0.358719915
</Group>
</Session>
