<Session>
Acquisition 1 2016-08-23 13:19:54
<Group>
Detector1
2
251		251	
D1 350:350-600	T636070406482200315	D1 350:350-600 [COR]	T636070406482200317
X	Y	X	Y
350	704.049561	350	3853.08081
351	795.063232	351	4275.605
352	750.0563	352	3963.79565
353	726.052734	353	3793.81519
354	743.055237	354	3833.09351
355	747.0558	355	3814.79053
356	732.0536	356	3699.29736
357	737.0543	357	3678.37256
358	679.0461	358	3362.8772
359	710.0504	359	3430.336
360	768.05896	360	3610.952
361	802.064331	361	3770.82373
362	780.060852	362	3667.68555
363	756.0571	363	3527.211
364	711.050537	364	3294.92847
365	816.0666	365	3729.36
366	785.061646	366	3539.93726
367	810.0656	367	3649.50415
368	873.076233	368	3927.3623
369	792.062744	369	3512.97852
370	768.05896	370	3359.84839
371	774.059937	371	3378.64282
372	749.0561	372	3259.65137
373	808.0653	373	3495.636
374	803.0645	374	3445.485
375	719.0517	375	3080.399
376	795.063232	376	3400.26367
377	681.0464	377	2894.33984
378	783.06134	378	3306.40259
379	746.055664	379	3116.55518
380	834.0696	380	3448.32153
381	692.0479	381	2838.30933
382	822.067566	382	3346.71069
383	803.0645	383	3266.50049
384	814.0663	384	3309.4624
385	849.0721	385	3432.2085
386	816.0666	386	3279.783
387	780.060852	387	3101.534
388	815.0664	388	3199.69482
389	767.058838	389	2977.87085
390	823.067749	390	3157.70874
391	814.0663	391	3111.55664
392	733.0537	392	2785.56348
393	882.0778	393	3338.3894
394	859.0738	394	3241.10327
395	796.063354	395	2971.05737
396	845.0714	396	3122.82178
397	924.0854	397	3393.19824
398	905.0819	398	3304.17578
399	878.0771	399	3182.67163
400	940.0884	400	3394.3186
401	994.0988	401	3552.99927
402	1221.149	402	4325.39258
403	2020.4082	403	7119.364
404	4535.056	404	15890.39
405	5200.70361	405	18179.3086
406	2678.71753	406	9340.99
407	1364.186	407	4736.331
408	1363.18579	408	4711.286
409	1261.159	409	4331.57275
410	1225.15015	410	4179.735
411	1067.11389	411	3633.568
412	1294.16748	412	4401.07373
413	1311.17188	413	4439.081
414	1307.1709	414	4405.278
415	1319.174	415	4411.70068
416	1318.17371	416	4375.58643
417	1322.1748	417	4386.352
418	1275.1626	418	4231.876
419	1477.21814	419	4868.985
420	1450.21033	420	4746.511
421	1465.21472	421	4799.979
422	1574.2478	422	5160.46973
423	1576.24841	423	5154.11865
424	1419.20142	424	4629.11
425	1598.25537	425	5199.033
426	1763.31091	426	5723.69629
427	1659.27527	427	5392.153
428	1657.27466	428	5389.74854
429	1830.335	429	5944.71
430	1827.33386	430	5921.57227
431	1985.39417	431	6449.424
432	1962.385	432	6389.956
433	3014.90869	433	9840.062
434	8551.309	434	27937.76
435	23234.9023	435	75871.8359
436	25008.4375	436	81631.2344
437	10184.3652	437	33386.47
438	2351.553	438	7740.267
439	2253.50781	439	7425.90527
440	2537.6438	440	8381.512
441	2428.5896	441	8052.50439
442	2364.559	442	7866.043
443	2647.701	443	8837.889
444	2519.63477	444	8427.927
445	2456.60327	445	8240.346
446	2587.66943	446	8708.905
447	2638.696	447	8923.65
448	2621.68726	448	8907.397
449	2677.7168	449	9098.835
450	2790.77881	450	9485.447
451	2780.77319	451	9497.115
452	2784.77539	452	9544.423
453	2999.89966	453	10323.7559
454	2895.83838	454	10004.1494
455	2770.76758	455	9598.536
456	3011.907	456	10459.5713
457	2919.85229	457	10177.4414
458	2998.89917	458	10530.2578
459	2902.84253	459	10182.5732
460	2852.81372	460	10021.9961
461	3056.93433	461	10824.918
462	2951.871	462	10531.8662
463	2832.80225	463	10137.1367
464	3114.97021	464	11181.6025
465	3039.92383	465	10972.8232
466	2892.83667	466	10493.4561
467	2869.82349	467	10428.418
468	2929.85815	468	10658.042
469	2966.88013	469	10866.2266
470	3148.99146	470	11604.333
471	3028.91724	471	11239.0537
472	2933.8606	472	10916.1807
473	3005.90332	473	11263.3223
474	2794.781	474	10527.8516
475	2886.83325	475	10929.2773
476	2989.8938	476	11390.7813
477	2730.74561	477	10468.6006
478	2904.84375	478	11209.4893
479	3034.921	479	11760.2041
480	3097.95947	480	12060.6377
481	3255.05933	481	12771.499
482	3861.49072	482	15238.0166
483	4071.65747	483	16116.543
484	5108.609	484	20276.541
485	6112.735	485	24350.7363
486	6971.8584	486	27908.4922
487	7658.863	487	30823.5332
488	7397.46973	488	29941.6523
489	7015.92	489	28616.8125
490	6677.457	490	27424.17
491	6712.504	491	27770.9
492	6005.60547	492	25042.07
493	5809.37354	493	24346.752
494	5485.00732	494	23092.65
495	5052.552	495	21401.8281
496	4644.15625	496	19814.123
497	4378.917	497	18787.0332
498	4342.88574	498	18686.6426
499	3868.496	499	16721.4863
500	3413.16479	500	14825.917
501	3088.95386	501	13512.9463
502	2819.795	502	12422.666
503	2623.68823	503	11621.66
504	2570.66064	504	11449.2227
505	2589.67041	505	11589.7
506	2537.6438	506	11415.0205
507	2593.67261	507	11738.6191
508	2522.63623	508	11489.4688
509	2476.61328	509	11346.9375
510	2342.54858	510	10816.8193
511	2302.53	511	10908.4053
512	2379.56616	512	11309.4531
513	2359.55664	513	11275.2549
514	2389.5708	514	11488.9824
515	2275.51782	515	10992.58
516	2344.54956	516	11383.6563
517	2378.56567	517	11606.8027
518	2421.58643	518	11911.2295
519	2217.4917	519	10985.1963
520	2211.489	520	11023.209
521	2486.61816	521	12479.4541
522	2293.526	522	11586.9443
523	2286.52271	523	11637.583
524	2361.55762	524	12113.1885
525	2361.55762	525	12215.1494
526	2486.61816	526	12986.5859
527	2393.57275	527	12501.9814
528	2413.58252	528	12625.0635
529	2366.56	529	12451.05
530	2408.58	530	12753.4
531	2522.63623	531	13437.9863
532	2564.65771	532	13697.415
533	2974.88477	533	16018.8584
534	3099.96069	534	16802.4941
535	3038.92334	535	16558.23
536	3198.02246	536	17513.582
537	3498.22339	537	19283.0586
538	4804.30762	538	26677.2363
539	6193.835	539	34598.83
540	8629.442	540	48497.67
541	13757.9111	541	77807.68
542	21182.8086	542	120754.75
543	27089.25	543	155272.375
544	27628.1914	544	159225.156
545	28307.9824	545	164052.672
546	29445.5332	546	171450.984
547	21189.8379	547	124427.188
548	11508.2334	548	68066.3047
549	9550.114	549	56858.5273
550	9283.613	550	55686.2266
551	8389.033	551	50591.13
552	7867.186	552	47674.44
553	7345.393	553	44906.0234
554	6073.6875	554	37410.14
555	5047.547	555	31337.75
556	4639.15137	556	29026.88
557	4135.71	557	26051.84
558	4307.85547	558	27299.6
559	4096.67773	559	26160.9941
560	4077.66235	560	26223.6719
561	4013.6106	561	26029.1523
562	4093.67529	562	26757.3379
563	4095.677	563	27014.4023
564	3901.52173	564	25956.51
565	4123.7	565	27673.8242
566	3949.55957	566	26722.5273
567	4054.64355	567	27691.68
568	4093.67529	568	28238.8281
569	4198.7627	569	29169.1289
570	4128.704	570	28895.5273
571	4053.64282	571	28679.375
572	4311.859	572	30833.5254
573	4149.72168	573	29800.65
574	4413.94775	574	31827.05
575	4821.32373	575	35022.1328
576	5603.138	576	40990.625
577	6465.178	577	47679.41
578	6984.87646	578	51909.3867
579	7430.51855	579	55540.21
580	7722.96143	580	58042.65
581	7254.26	581	54886.6758
582	7160.12451	582	54621.7422
583	7477.589	583	57554.19
584	8576.352	584	66509.4141
585	8180.68848	585	63838.9023
586	7912.25732	586	62098.875
587	8291.872	587	65546.03
588	9237.528	588	73488.06
589	8513.243	589	68062.27
590	7138.093	590	57346.043
591	6504.22852	591	52693.29
592	6256.913	592	51140.6172
593	6451.16	593	53089.1172
594	6343.02148	594	52582.44
595	5380.89453	595	44867.59
596	4522.04443	596	37947.4531
597	4395.93164	597	37151.1445
598	4331.876	598	36890.875
599	4946.446	599	42503.32
600	5126.62744	600	44404.582
</Group>
<Group>
RCQCSignal
1
251	
ExCorr	T636070406482200316
X	Y
350	0.307681382
351	0.3076875
352	0.3075761
353	0.307385355
354	0.307624936
355	0.307649344
356	0.3077348
357	0.307856858
358	0.306465238
359	0.30657053
360	0.307234317
361	0.307307541
362	0.307354838
363	0.307631046
364	0.30757
365	0.3077119
366	0.3076417
367	0.307649344
368	0.307859927
369	0.308015555
370	0.308012515
371	0.307925522
372	0.3080873
373	0.3077653
374	0.308139175
375	0.308108658
376	0.3081361
377	0.308049142
378	0.308001816
379	0.3080705
380	0.307992667
381	0.30820325
382	0.3082063
383	0.308227658
384	0.3081468
385	0.308221549
386	0.308316171
387	0.30770123
388	0.3076463
389	0.308024734
390	0.3085878
391	0.3080644
392	0.308186471
393	0.3083467
394	0.308233768
395	0.308302432
396	0.3080598
397	0.3082368
398	0.3082368
399	0.308337539
400	0.307402164
401	0.308020145
402	0.308256656
403	0.30820173
404	0.3082765
405	0.308363467
406	0.3084581
407	0.308390945
408	0.308378726
409	0.3082948
410	0.308345169
411	0.308442831
412	0.308339059
413	0.3083665
414	0.3084291
415	0.3084306
416	0.308345169
417	0.308513016
418	0.3083955
419	0.308381766
420	0.308407724
421	0.30846113
422	0.308596939
423	0.3085832
424	0.3085603
425	0.3086015
426	0.30846417
427	0.3083894
428	0.308432132
429	0.3083665
430	0.3085893
431	0.308609128
432	0.308638126
433	0.3084184
434	0.3086061
435	0.3085603
436	0.308479428
437	0.3084489
438	0.308485538
439	0.308638126
440	0.308426023
441	0.308670163
442	0.3090898
443	0.3085893
444	0.308493167
445	0.308575571
446	0.3085008
447	0.3085542
448	0.308657974
449	0.308657974
450	0.308615237
451	0.308497757
452	0.308772415
453	0.3087175
454	0.308726639
455	0.308647275
456	0.3086595
457	0.308679342
458	0.3075639
459	0.308374137
460	0.308410764
461	0.308502316
462	0.3087068
463	0.308772415
464	0.308792263
465	0.308804452
466	0.3089967
467	0.308821231
468	0.308859378
469	0.308780044
470	0.308885336
471	0.30870223
472	0.3097917
473	0.3089952
474	0.308734268
475	0.30870375
476	0.308274955
477	0.308545053
478	0.308696121
479	0.30883804
480	0.308815151
481	0.308497757
482	0.308804452
483	0.308740377
484	0.3087709
485	0.308992147
486	0.30883345
487	0.3089769
488	0.3090074
489	0.308917373
490	0.309065372
491	0.308899075
492	0.3085588
493	0.3087663
494	0.309115738
495	0.309192032
496	0.308911264
497	0.3086885
498	0.3092851
499	0.309118778
500	0.30883956
501	0.308862448
502	0.308880746
503	0.308917373
504	0.308932632
505	0.3090013
506	0.308975369
507	0.309051663
508	0.309053183
509	0.30895856
510	0.308274955
511	0.302207977
512	0.302981615
513	0.303714037
514	0.304209977
515	0.3044892
516	0.304657042
517	0.3052903
518	0.305006474
519	0.3048249
520	0.3049195
521	0.304870665
522	0.304867625
523	0.304652482
524	0.3043183
525	0.304068059
526	0.30341956
527	0.305358976
528	0.306878775
529	0.307260245
530	0.307443351
531	0.3074006
532	0.3084001
533	0.307791263
534	0.3076646
535	0.307725638
536	0.30783245
537	0.3079881
538	0.307882816
539	0.307768375
540	0.307612717
541	0.307962149
542	0.307785153
543	0.307890445
544	0.307995737
545	0.307887375
546	0.308032364
547	0.3079011
548	0.308126956
549	0.307978928
550	0.307550162
551	0.307556272
552	0.307714969
553	0.307936221
554	0.308538944
555	0.308221549
556	0.307943851
557	0.308009475
558	0.308287174
559	0.308149844
560	0.308186471
561	0.308142215
562	0.308246
563	0.308191031
564	0.308252066
565	0.3082231
566	0.3083299
567	0.3084352
568	0.308320731
569	0.308442831
570	0.308444351
571	0.3084016
572	0.3083757
573	0.308421463
574	0.308522165
575	0.308479428
576	0.308513016
577	0.3084825
578	0.308546573
579	0.308566421
580	0.3086656
581	0.308896
582	0.308639646
583	0.3083482
584	0.308467239
585	0.308465719
586	0.308613718
587	0.30845198
588	0.308520645
589	0.308513016
590	0.308526754
591	0.3084489
592	0.30820325
593	0.308378726
594	0.308384836
595	0.3085588
596	0.308552682
597	0.3087953
598	0.3088426
599	0.308732748
600	0.308899075
</Group>
</Session>
