<Session>
Acquisition 1 2016-08-17 15:36:37
<Group>
Detector1
2
191		191	
D1 350:380-570	T636070406482189207	D1 350:380-570 [COR]	T636070406482189209
X	Y	X	Y
380	886.0785	380	1128.28308
381	849.0721	381	1073.26111
382	860.074	382	1079.16541
383	983.0966	383	1232.5376
384	949.0901	384	1188.948
385	898.0806	385	1118.94165
386	813.0661	386	1007.49231
387	855.0731	387	1046.1178
388	922.085	388	1113.62317
389	985.097046	389	1177.9906
390	871.075867	390	1031.26733
391	921.084839	391	1084.57385
392	970.0941	392	1136.06909
393	1036.1073	393	1209.1333
394	1041.1084	394	1210.70581
395	1051.11047	395	1209.45239
396	993.098633	396	1130.52783
397	1036.1073	397	1172.69849
398	1158.13416	398	1303.2229
399	1145.1311	399	1279.79626
400	1137.12927	400	1262.12024
401	1194.14258	401	1314.62207
402	1613.26025	402	1761.464
403	3291.08276	403	3574.17627
404	7870.191	404	8501.149
405	9330.701	405	10057.5576
406	5197.70068	406	5590.794
407	1957.383	407	2095.78125
408	1828.33423	408	1948.608
409	1667.278	409	1765.428
410	1468.21558	410	1544.49475
411	1547.23938	411	1625.00525
412	1605.25769	412	1683.22241
413	1790.32043	413	1869.09546
414	1622.26318	414	1686.23328
415	1838.33789	415	1896.21179
416	1897.36	416	1942.006
417	2014.40576	417	2061.74561
418	2043.41748	418	2091.378
419	2005.4021	419	2038.37451
420	2107.444	420	2127.281
421	2123.451	421	2145.7583
422	2160.4668	422	2185.52319
423	2311.53418	423	2332.39648
424	2426.58862	424	2442.2478
425	2520.63525	425	2530.3728
426	2617.685	426	2621.017
427	2541.646	427	2547.172
428	2732.74658	428	2741.15137
429	2863.82	429	2868.224
430	2884.832	430	2884.83228
431	3076.94653	431	3084.62915
432	3112.96875	432	3128.51343
433	5740.294	433	5778.274
434	17119.2734	434	17260.3223
435	43160.75	435	43487.94
436	46407.7031	436	46728.96
437	18700.93	437	18909.63
438	3837.47217	438	3896.55933
439	3759.413	439	3823.49048
440	4004.60327	440	4079.456
441	3940.55249	441	4033.00415
442	4025.62	442	4139.269
443	3997.59766	443	4117.74658
444	4115.69336	444	4246.898
445	4542.0625	445	4701.37744
446	4381.91943	446	4549.624
447	4505.029	447	4700.91357
448	4650.16162	448	4876.582
449	4545.065	449	4766.93
450	4596.112	450	4821.03662
451	4619.133	451	4866.74561
452	4891.3916	452	5176.43164
453	4656.16748	453	4946.76074
454	4559.078	454	4862.471
455	4742.248	455	5070.51025
456	4695.20361	456	5032.7627
457	5024.524	457	5406.05225
458	4841.34326	458	5228.516
459	5011.51074	459	5421.016
460	4804.30762	460	5205.245
461	4910.41064	461	5364.32129
462	5115.616	462	5634.458
463	4882.383	463	5394.72656
464	4840.34229	464	5365.283
465	5052.552	465	5631.83643
466	4941.441	466	5538.62744
467	5051.551	467	5668.85254
468	4959.459	468	5572.191
469	4958.458	469	5607.57
470	4830.33252	470	5498.232
471	4838.34033	471	5542.154
472	4907.40771	472	5656.571
473	4766.271	473	5518.512
474	4893.39355	474	5690.97949
475	4655.1665	475	5440.601
476	4800.30371	476	5637.73633
477	4751.257	477	5619.977
478	4941.441	478	5886.374
479	5022.52148	479	6010.63135
480	5189.69238	480	6239.28467
481	5492.015	481	6647.629
482	6041.649	482	7362.28369
483	7007.90869	483	8564.116
484	8605.401	484	10546.2666
485	10090.1748	485	12420.0332
486	12080.582	486	14934.8232
487	12754.2529	487	15859.8555
488	12546.7285	488	15692.4951
489	12420.4141	489	15650.0264
490	12032.4668	490	15273.1094
491	11333.8359	491	14484.3486
492	10585.1963	492	13619.1592
493	9614.237	493	12441.0352
494	9309.661	494	12115.7871
495	8608.406	495	11274.3418
496	7998.394	496	10541.5537
497	7772.037	497	10293.1162
498	7175.146	498	9548.666
499	6625.3877	499	8852.571
500	5489.01172	500	7363.62158
501	5026.526	501	6791.59375
502	4706.21436	502	6404.12646
503	4220.781	503	5775.52
504	4124.70068	504	5675.28369
505	3834.47	505	5302.65527
506	3990.592	506	5546.35
507	3740.39868	507	5231.79736
508	3767.419	508	5303.011
509	3831.46753	509	5423.578
510	3708.37476	510	5278.772
511	3651.333	511	5227.733
512	3626.3147	512	5221.865
513	3672.34839	513	5329.72461
514	3562.26855	514	5210.289
515	3520.239	515	5178.017
516	3718.38232	516	5500.317
517	3612.30444	517	5381.395
518	3571.27515	518	5357.83154
519	3436.18042	519	5188.86328
520	3539.25244	520	5379.22949
521	3515.23535	521	5378.44336
522	3536.25024	522	5446.527
523	3555.26367	523	5512.694
524	3767.419	524	5880.73975
525	3447.188	525	5421.70752
526	3514.23462	526	5568.78271
527	3770.42114	527	6013.57666
528	3628.31616	528	5824.296
529	3416.16675	529	5522.477
530	3820.45923	530	6219.359
531	3783.43115	531	6195.412
532	4173.7417	532	6874.63
533	4344.887	533	7201.057
534	4875.376	534	8130.23828
535	4749.255	535	7963.12256
536	5150.652	536	8683.006
537	6041.649	537	10256.9414
538	7837.13867	538	13398.4043
539	10649.333	539	18308.3066
540	14845.0156	540	25663.9316
541	23169.6	541	40353.9336
542	36982.4336	542	64887.9258
543	45293.53	543	79933.66
544	47567.55	544	84433.49
545	48655.9727	545	86816.55
546	50150.67	546	89948.45
547	36085.9063	547	65243.4
548	18893.6523	548	34432.55
549	15959.4434	549	29263.4727
550	15047.62	550	27759.69
551	13917.3516	551	25813.3086
552	12935.7188	552	24121.56
553	11573.3838	553	21787.668
554	9644.295	554	18328.1
555	7871.19238	555	15062.29
556	6745.54834	556	12997.2256
557	6680.461	557	12961.6074
558	6404.09961	558	12511.48
559	6570.315	559	12929.17
560	6313.985	560	12514.0938
561	6579.32666	561	13147.9336
562	6548.286	562	13193.3359
563	6313.985	563	12834.9219
564	6306.976	564	12934.1982
565	6374.061	565	13184.4961
566	6358.04053	566	13263.7969
567	6360.04346	567	13397.4053
568	6704.493	568	14259.4248
569	6647.417	569	14243.9287
570	6433.13672	570	13887.2578
</Group>
<Group>
RCQCSignal
1
191	
ExCorr	T636070406482189208
X	Y
380	0.0140138855
381	0.0141451135
382	0.0140688187
383	0.0140840774
384	0.01410544
385	0.0141359577
386	0.01413901
387	0.0141771575
388	0.0140794991
389	0.0140383
390	0.0140291443
391	0.014117647
392	0.0140703442
393	0.014149691
394	0.01410544
395	0.01409018
396	0.014050507
397	0.014117647
398	0.0142107271
399	0.0140611883
400	0.0141359577
401	0.0139955748
402	0.0140779736
403	0.0140138855
404	0.01410544
405	0.0140611883
406	0.0142122526
407	0.0139894709
408	0.01410544
409	0.01413138
410	0.0140611883
411	0.0139665827
412	0.0140321963
413	0.0140627148
414	0.0141374841
415	0.0141100176
416	0.0140138855
417	0.014181735
418	0.01416495
419	0.0141344322
420	0.0140657667
421	0.0141008617
422	0.014117647
423	0.01413138
424	0.014076448
425	0.0140962843
426	0.0141039137
427	0.0141344322
428	0.0140962843
429	0.0140672922
430	0.0141420616
431	0.01413138
432	0.0140199894
433	0.0141420616
434	0.0141405351
435	0.014044404
436	0.0141878389
437	0.014082551
438	0.0141237509
439	0.014047456
440	0.01410544
441	0.0140810255
442	0.0140367746
443	0.0140260933
444	0.0139650572
445	0.0140749216
446	0.0141283283
447	0.0140993362
448	0.0141237509
449	0.0140794991
450	0.0140321963
451	0.0141710537
452	0.0140932323
453	0.0141161215
454	0.0140978107
455	0.0141023882
456	0.0141084921
457	0.0140093081
458	0.01404593
459	0.01409018
460	0.0140535589
461	0.01413138
462	0.0141359577
463	0.01401236
464	0.0141634243
465	0.014044404
466	0.0141695281
467	0.0140657667
468	0.0140657667
469	0.0141451135
470	0.0141130695
471	0.01407187
472	0.0140657667
473	0.0140413521
474	0.0140886549
475	0.0140688187
476	0.0140489815
477	0.0140886549
478	0.0140230414
479	0.0141100176
480	0.0140978107
481	0.0140840774
482	0.01406424
483	0.0140688187
484	0.0141283283
485	0.0140596628
486	0.014114595
487	0.0140871294
488	0.0140856029
489	0.0141268028
490	0.0140596628
491	0.0141115431
492	0.0141420616
493	0.0141680017
494	0.01410544
495	0.0139955748
496	0.014117647
497	0.0141588468
498	0.0141191734
499	0.0140627148
500	0.014149691
501	0.0140627148
502	0.014082551
503	0.0140276188
504	0.0141405351
505	0.01407187
506	0.0141954683
507	0.0140245669
508	0.0140230414
509	0.0141283283
510	0.0141008617
511	0.0140367746
512	0.0140230414
513	0.014082551
514	0.0141374841
515	0.0141451135
516	0.0141557949
517	0.0141344322
518	0.0141603723
519	0.014076448
520	0.0141481655
521	0.014117647
522	0.0141969938
523	0.0139726866
524	0.014047456
525	0.0141420616
526	0.0140947588
527	0.0141405351
528	0.0140886549
529	0.0140947588
530	0.0140917068
531	0.01413138
532	0.0141298547
533	0.0141741056
534	0.0140688187
535	0.01416495
536	0.014015412
537	0.01407187
538	0.0141237509
539	0.014149691
540	0.0141481655
541	0.0142595563
542	0.01416495
543	0.0140962843
544	0.0141603723
545	0.0141237509
546	0.0140962843
547	0.0141191734
548	0.01425803
549	0.0141542684
550	0.0139833679
551	0.014076448
552	0.0140550854
553	0.0141298547
554	0.0140779736
555	0.0140779736
556	0.014117647
557	0.0141359577
558	0.0140856029
559	0.01413901
560	0.0142030977
561	0.014047456
562	0.0141268028
563	0.0141130695
564	0.0141695281
565	0.014047456
566	0.0141206989
567	0.0141100176
568	0.0141512165
569	0.0140611883
570	0.014117647
</Group>
</Session>
