<Session>
Acquisition 1 2016-08-17 14:25:03
<Group>
Detector1
2
191		191	
D1 350:380-570	T636070406482189170	D1 350:380-570 [COR]	T636070406482189172
X	Y	X	Y
380	885.0783	380	1127.00952
381	888.078857	381	1122.56714
382	896.080261	382	1124.34375
383	903.081543	383	1132.22021
384	938.088	384	1175.16541
385	934.0872	385	1163.80322
386	877.0769	386	1086.80981
387	857.0734	387	1048.56506
388	891.0794	388	1076.177
389	941.088562	389	1125.36475
390	1008.10162	390	1193.49219
391	1062.11279	391	1250.63379
392	1018.10364	392	1192.29272
393	985.097046	393	1149.60449
394	1086.11792	394	1263.04736
395	1149.13208	395	1322.24023
396	1046.10938	396	1190.87439
397	1098.12061	397	1242.88708
398	1444.2085	398	1625.136
399	3374.13818	399	3770.93018
400	8210.738	400	9113.246
401	9208.475	401	10137.5371
402	4448.97852	402	4857.68848
403	1910.36487	403	2074.69116
404	2040.41626	404	2203.9978
405	1836.33716	405	1979.38684
406	1486.22083	406	1598.62109
407	1612.25989	407	1726.256
408	1644.27039	408	1752.43591
409	1773.31445	409	1877.70667
410	1800.3241	410	1893.85754
411	1874.35132	411	1968.55811
412	1786.31909	412	1873.07764
413	1797.323	413	1876.40613
414	1976.3905	414	2054.32471
415	2120.44946	415	2187.20459
416	2083.434	416	2132.4585
417	2218.49219	417	2270.62817
418	2195.482	418	2247.01147
419	2358.55615	419	2397.33521
420	2284.52173	420	2306.02539
421	2557.654	421	2584.52271
422	2636.695	422	2667.27441
423	2623.68823	423	2647.368
424	2708.73364	424	2726.21362
425	2798.7832	425	2809.59521
426	2881.83032	426	2885.49854
427	3089.95459	427	3096.67285
428	3426.17358	428	3436.71118
429	6033.639	429	6042.91748
430	19337.3457	430	19337.3477
431	47077.9375	431	47195.4844
432	43769.0156	432	43987.58
433	15564.1992	433	15667.1777
434	3964.57129	434	3997.236
435	3969.57544	435	3999.66772
436	3861.49072	436	3888.222
437	3865.494	437	3908.63232
438	3919.536	438	3979.88672
439	4273.826	439	4346.67139
440	4294.844	440	4375.122
441	4161.73145	441	4259.372
442	4332.877	442	4455.2
443	4548.068	443	4684.761
444	4296.8457	444	4433.825
445	4646.158	445	4809.124
446	4455.985	446	4626.524
447	4759.264	447	4966.20361
448	4837.33936	448	5072.874
449	4885.38574	449	5123.864
450	4624.1377	450	4850.434
451	4806.309	451	5063.95557
452	4824.32666	452	5105.4585
453	4928.428	453	5236.013
454	5031.531	454	5366.36426
455	5010.51	455	5357.34131
456	5112.613	456	5480.181
457	5105.606	457	5493.291
458	5036.53564	458	5439.31836
459	5026.526	459	5437.2583
460	4778.28271	460	5177.04834
461	5046.546	461	5513.041
462	5275.782	462	5810.86865
463	5177.67969	463	5721.01074
464	5135.63672	464	5692.603
465	5087.5874	465	5670.889
466	4840.34229	466	5425.31055
467	4908.40869	467	5508.21875
468	4885.38574	468	5488.96631
469	5096.59668	469	5763.79248
470	4718.22559	470	5370.62354
471	5006.506	471	5734.78125
472	4758.263	472	5484.658
473	4780.284	473	5534.737
474	4996.49561	474	5810.886
475	5031.531	475	5880.467
476	5137.63867	476	6033.921
477	5304.813	477	6274.74561
478	6198.841	478	7384.22168
479	7314.347	479	8753.342
480	9017.126	480	10840.8
481	10603.2354	481	12834.3369
482	12174.8105	482	14836.084
483	13123.207	483	16037.4053
484	13169.3281	484	16139.5439
485	12260.0186	485	15090.9014
486	11969.3154	486	14797.2676
487	11339.85	487	14101.0518
488	10568.1611	488	13217.8535
489	9863.723	489	12428.5322
490	8945.998	490	11355.3779
491	8436.113	491	10781.1348
492	7932.28857	492	10205.8672
493	7959.33154	493	10299.5508
494	7220.21045	494	9396.532
495	6621.38232	495	8671.957
496	5816.382	496	7665.752
497	5057.557	497	6698.118
498	4634.147	498	6167.111
499	4372.91162	499	5842.90527
500	4210.77246	500	5648.8374
501	4227.787	501	5712.37744
502	4020.61621	502	5471.17725
503	3802.44556	503	5203.09
504	3777.42651	504	5197.46
505	3803.44629	505	5259.753
506	3666.344	506	5095.692
507	3668.34546	507	5131.01465
508	3817.457	508	5373.44434
509	3589.288	509	5080.76465
510	3661.34033	510	5211.81934
511	3596.293	511	5148.93
512	3718.38232	512	5354.442
513	3619.30957	513	5252.74854
514	3659.33887	514	5352.267
515	3501.22559	515	5150.05
516	3472.20532	516	5136.166
517	3519.23828	517	5242.75049
518	3628.31616	518	5443.40771
519	3557.26514	519	5371.70947
520	3567.27222	520	5421.816
521	3613.30518	521	5528.49365
522	3628.31616	522	5588.32666
523	3817.457	523	5919.24365
524	3562.26855	524	5560.51074
525	3654.33521	525	5747.507
526	3978.58252	526	6304.605
527	3785.43262	527	6037.51855
528	4086.66968	528	6560.06055
529	4368.908	529	7062.652
530	4664.175	530	7592.85059
531	4990.48975	531	8171.98438
532	5049.549	532	8317.185
533	6302.971	533	10446.3135
534	8388.032	534	13987.9883
535	11127.373	535	18657.377
536	16387.8262	536	27626.7148
537	26307.0859	537	44661.6875
538	40596.36	538	69403.7
539	47133.46	539	81031.73
540	47655.3828	540	82386.2
541	50827.47	541	88524.98
542	48841.7773	542	85695.87
543	33507.0234	543	59132.92
544	17993.3379	544	31938.5879
545	16207.2393	545	28918.4746
546	14859.0576	546	26650.6758
547	13658.6387	547	24694.85
548	13182.3623	548	24024.0664
549	11372.9248	549	20853.5645
550	9343.725	550	17237.2031
551	7592.762	551	14082.7314
552	6942.818	552	12946.4473
553	6737.5376	553	12683.8643
554	6330.00537	554	12029.5957
555	6285.94971	555	12028.7744
556	6471.186	556	12468.5879
557	6529.261	557	12668.2461
558	6693.478	558	13076.83
559	6365.05	559	12525.2461
560	6560.302	560	13002.2852
561	6310.981	561	12611.6787
562	6401.0957	562	12896.78
563	6451.16	563	13113.7686
564	6669.44629	564	13677.5439
565	6579.32666	565	13609.08
566	6575.322	566	13717.0771
567	6757.56445	567	14234.7813
568	6883.73633	568	14640.6475
569	6926.796	569	14842.5752
570	7196.176	570	15534.4365
</Group>
<Group>
RCQCSignal
1
191	
ExCorr	T636070406482189171
X	Y
380	0.0138597693
381	0.0138719771
382	0.01391928
383	0.0139330132
384	0.013875029
385	0.0138948653
386	0.0139238574
387	0.01385214
388	0.0139528494
389	0.0139299612
390	0.0138673987
391	0.0139299612
392	0.0139009692
393	0.0139040211
394	0.0138887614
395	0.014050507
396	0.0139055466
397	0.0139208054
398	0.0139101241
399	0.013916228
400	0.0139208054
401	0.0138582438
402	0.0139879454
403	0.0139101241
404	0.0139925228
405	0.0138643477
406	0.0139620053
407	0.0138399331
408	0.0139238574
409	0.013948272
410	0.0139070721
411	0.0139101241
412	0.0139177535
413	0.01394522
414	0.013881132
415	0.0139284348
416	0.0139375906
417	0.0138612958
418	0.013875029
419	0.0138796065
420	0.0139848934
421	0.0139024947
422	0.0139757385
423	0.0138719771
424	0.0138994427
425	0.0138979172
426	0.0138445105
427	0.0139650572
428	0.0139406426
429	0.0139009692
430	0.0139238574
431	0.0139360651
432	0.0139818415
433	0.0139726866
434	0.0139253838
435	0.0139009692
436	0.0139436945
437	0.01397879
438	0.0138918133
439	0.0139833679
440	0.0139391162
441	0.0139177535
442	0.01387808
443	0.0138033116
444	0.0138948653
445	0.0139330132
446	0.0138994427
447	0.0139070721
448	0.0138689252
449	0.0139116505
450	0.0138216224
451	0.0139559014
452	0.0139879454
453	0.0138887614
454	0.0138796065
455	0.0139375906
456	0.0138200959
457	0.0139742121
458	0.0138292518
459	0.0138796065
460	0.0139620053
461	0.0138536664
462	0.0139253838
463	0.0138612958
464	0.0138918133
465	0.0139009692
466	0.0139299612
467	0.0139147025
468	0.0138902878
469	0.0139421681
470	0.0139574269
471	0.0139208054
472	0.0139620053
473	0.0139971012
474	0.0140352482
475	0.013913176
476	0.01391928
477	0.0139528494
478	0.0138735026
479	0.0139055466
480	0.0139299612
481	0.0138963908
482	0.0139024947
483	0.0139681082
484	0.0139299612
485	0.0139589533
486	0.0139009692
487	0.0139620053
488	0.0139024947
489	0.0139055466
490	0.0137376972
491	0.0138063626
492	0.0138155185
493	0.01391928
494	0.0139238574
495	0.0138872359
496	0.0139055466
497	0.013875029
498	0.0139665827
499	0.0138399331
500	0.0140230414
501	0.0140093081
502	0.0138658732
503	0.0139726866
504	0.01387808
505	0.0140032042
506	0.0139604788
507	0.0138887614
508	0.0139269093
509	0.0139543759
510	0.0138963908
511	0.013875029
512	0.0139650572
513	0.0139467465
514	0.01398642
515	0.013881132
516	0.0138994427
517	0.0140077826
518	0.0139116505
519	0.0139024947
520	0.0139620053
521	0.0139467465
522	0.0139360651
523	0.0138765546
524	0.0138704507
525	0.0139772641
526	0.0139208054
527	0.0139238574
528	0.01387808
529	0.0138414586
530	0.0139391162
531	0.0139299612
532	0.0139513239
533	0.0139436945
534	0.0139421681
535	0.0139040211
536	0.0138414586
537	0.0139147025
538	0.0139833679
539	0.0139879454
540	0.013948272
541	0.0138796065
542	0.0139284348
543	0.0139406426
544	0.0139147025
545	0.0139238574
546	0.0138918133
547	0.0139574269
548	0.0139894709
549	0.0139055466
550	0.0139757385
551	0.0138567174
552	0.0138994427
553	0.0138948653
554	0.0139238574
555	0.0139650572
556	0.0138506144
557	0.0139406426
558	0.0139986267
559	0.0139040211
560	0.0138872359
561	0.0139223319
562	0.0139299612
563	0.0139070721
564	0.0138506144
565	0.01394522
566	0.0139330132
567	0.0138948653
568	0.0139147025
569	0.0138704507
570	0.014015412
</Group>
</Session>
