<Session>
Acquisition 1 2016-08-17 20:06:00
<Group>
Detector1
2
701		701	
D1 350:300-650	T636070406482197862	D1 350:300-650 [COR]	T636070406482197864
X	Y	X	Y
300	-15.2034912	300	-77.17071
300.5	-27.2050781	300.5	-138.125366
301	-36.2063	301	-183.746582
301.5	-43.7072754	301.5	-221.7676
302	-60.7094727	302	-308.064148
302.5	4.29919434	302.5	21.8203945
303	-4.70202637	303	-23.8625488
303.5	-43.7072754	303.5	-221.9962
304	-59.70935	304	-303.1828
304.5	-20.7042236	304.5	-105.057854
305	-4.70202637	305	-23.8660622
305.5	-37.7064819	305.5	-191.263
306	-50.70819	306	-257.2748
306.5	6.29949951	306.5	31.9593735
307	-5.70214844	307	-28.92356
307.5	-3.7019043	307.5	-18.8086815
308	-31.2056274	308	-158.505081
308.5	-16.7036743	308.5	-84.78279
309	-0.701477051	309	-3.55910683
309.5	17.8011475	309.5	90.31476
310	-79.21179	310	-401.858948
310.5	-30.2055054	310.5	-153.208389
311	-12.203064	311	-61.9332924
311.5	-64.2099	311.5	-325.87085
312	-22.2044067	312	-112.65049
312.5	-30.7055664	312.5	-155.837067
313	-56.7089844	313	-287.795258
313.5	-44.7073975	313.5	-226.793854
314	46.80536	314	237.791763
314.5	29.8028564	314.5	151.086548
315	-24.7047729	315	-125.276543
315.5	-34.2060547	315.5	-173.283371
316	-6.20227051	316	-31.4149055
316.5	-34.2060547	316.5	-173.316864
317	-7.20239258	317	-36.4635429
317.5	-32.70581	317.5	-165.647476
318	1.29876709	318	6.57404757
318.5	-8.702576	318.5	-44.10383
319	-45.20746	319	-228.98317
319.5	21.3016357	319.5	107.871254
320	8.299805	320	42.03695
320.5	-29.7054443	320.5	-150.543213
321	21.8016968	321	110.482521
321.5	15.8008423	321.5	80.04282
322	-51.708313	322	-263.3102
322.5	-7.20239258	322.5	-36.7628746
323	-33.7059937	323	-171.064178
323.5	-46.20764	323.5	-234.5051
324	-8.202515	324	-41.6491241
324.5	-56.7089844	324.5	-287.75293
325	-46.20764	325	-234.595032
325.5	-84.2124	325.5	-427.532684
326	-40.70691	326	-206.55835
326.5	-26.7050171	326.5	-135.584381
327	-46.20764	327	-234.5587
327.5	-44.7073975	327.5	-226.972183
328	-52.7084351	328	-267.4875
328.5	38.3040771	328.5	194.396545
329	-24.2047119	329	-123.038734
329.5	-63.70984	329.5	-325.607422
330	-16.7036743	330	-85.1018
330.5	-64.70996	330.5	-328.7104
331	12.800415	331	64.90969
331.5	-31.2056274	331.5	-158.227936
332	-5.2020874	332	-26.36848
332.5	-15.7035522	332.5	-79.669754
333	23.802002	333	120.708443
333.5	-44.7073975	333.5	-226.4888
334	-21.7043457	334	-109.974739
334.5	-49.70807	334.5	-251.815521
335	-44.7073975	335	-226.451157
335.5	21.8016968	335.5	110.414223
336	-37.20642	336	-188.2849
336.5	-55.2088	336.5	-280.7559
337	-37.20642	337	-188.508331
337.5	-53.7085571	337.5	-272.055267
338	-35.2061768	338	-178.407089
338.5	-57.2090454	338.5	-290.7372
339	-23.70465	339	-120.091606
339.5	-46.7077026	339.5	-236.67453
340	-7.70245361	340	-39.0218773
340.5	-51.708313	340.5	-261.889832
341	-29.2053833	341	-147.8769
341.5	3.29907227	341.5	16.7085342
342	-102.2146	342	-517.3198
342.5	-0.201416016	342.5	-1.01933062
343	-71.71088	343	-362.875366
343.5	23.802002	343.5	120.463745
344	-23.20459	344	-117.369484
344.5	-43.7072754	344.5	-221.112762
345	45.3051147	345	229.090042
345.5	12.300354	345.5	62.2366829
346	29.3027954	346	148.1881
346.5	131.818726	346.5	666.6143
347	402.37085	347	2035.91052
347.5	933.515869	347.5	4722.68
348	2650.87085	348	13408.8018
348.5	5561.165	348.5	28112.8027
349	10172.0557	349	51431.9
349.5	15404.6494	349.5	77989.6953
350	20467.9844	350	103545.641
350.5	22953.5977	350.5	116160.93
351	22608.48	351	114484.242
351.5	19804.7266	351.5	100292.086
352	14305.7363	352	72477.14
352.5	8723.119	352.5	44202.4727
353	4612.068	353	23357.99
353.5	2105.5354	353.5	10661.0088
354	598.417847	354	3030.22974
354.5	126.31781	354.5	639.6251
355	35.80371	355	181.117889
355.5	37.3039551	355.5	188.7668
356	11.3002319	356	57.173008
356.5	-24.2047119	356.5	-122.498581
357	-38.206543	357	-193.322189
357.5	-1.20153809	357.5	-6.07771969
358	-50.20813	358	-253.991425
358.5	-37.20642	358.5	-188.170822
359	-27.7052	359	-140.196472
359.5	-13.203186	359.5	-66.77077
360	-80.2119141	360	-405.817566
360.5	-51.208252	360.5	-259.002838
361	-16.7036743	361	-84.5043
361.5	-21.2042847	361.5	-107.62693
362	-46.7077026	362	-236.701981
362.5	-22.7045288	362.5	-114.957726
363	-34.7061157	363	-175.6971
363.5	-14.70343	363.5	-74.46952
364	-28.7053223	364	-145.329208
364.5	-62.7097168	364.5	-317.515961
365	-105.214966	365	-532.5873
365.5	-53.2084961	365.5	-269.146759
366	-55.2088	366	-279.245575
366.5	-31.2056274	366.5	-160.570374
367	-62.7097168	367	-330.876831
367.5	-59.20929	367.5	-305.390167
368	-59.20929	368	-299.759918
368.5	-61.7095947	368.5	-312.151825
369	-38.706604	369	-195.067764
369.5	-85.2125244	369.5	-430.5738
370	-60.7094727	370	-307.0099
370.5	-27.7052	370.5	-140.123444
371	-48.7079468	371	-246.914124
371.5	-26.2049561	371.5	-132.79808
372	-62.2096558	372	-314.77002
372.5	-16.2036133	372.5	-82.25419
373	-2.70178223	373	-13.7040873
373.5	-13.203186	373.5	-66.84142
374	-19.7041016	374	-99.7124
374.5	-32.70581	374.5	-165.578384
375	-74.21118	375	-375.95282
375.5	-34.2060547	375.5	-173.23114
376	-35.7062378	376	-180.813934
376.5	-45.70758	376.5	-231.528
377	-54.70874	377	-277.113
377.5	-12.703125	377.5	-64.3342056
378	-50.20813	378	-254.239685
378.5	1.29876709	378.5	6.58348036
379	-76.2114258	379	-387.402161
379.5	14.3005981	379.5	72.47856
380	-35.2061768	380	-178.485077
380.5	3.29907227	380.5	16.7157021
381	-85.2125244	381	-431.937531
381.5	39.30426	381.5	199.251923
382	-64.2099	382	-325.1696
382.5	-22.7045288	382.5	-115.018608
383	-59.70935	383	-302.5756
383.5	-57.7091064	383.5	-292.1559
384	-21.7043457	384	-110.038132
384.5	-112.215759	384.5	-568.9409
385	-3.7019043	385	-18.7627144
385.5	-38.706604	385.5	-196.0477
386	-4.20196533	386	-21.32749
386.5	-68.21045	386.5	-345.690765
387	-38.206543	387	-194.09848
387.5	-65.21008	387.5	-331.010956
388	-62.2096558	388	-315.2312
388.5	-22.2044067	388.5	-112.475464
389	-81.2120361	389	-411.6147
389.5	-32.70581	389.5	-165.408432
390	-76.2114258	390	-385.5972
390.5	-46.7077026	390.5	-236.361115
391	-8.202515	391	-41.50826
391.5	-61.2095337	391.5	-309.35968
392	-61.2095337	392	-309.688049
392.5	-21.7043457	392.5	-109.7139
393	-50.20813	393	-253.752472
393.5	-32.20575	393.5	-162.87561
394	-4.70202637	394	-23.76996
394.5	-68.71051	394.5	-347.1165
395	-63.2097778	395	-319.322571
395.5	-55.2088	395.5	-278.94632
396	-107.21521	396	-541.3325
396.5	-98.71417	396.5	-498.448975
397	-42.2070923	397	-213.053055
397.5	-77.71161	397.5	-392.3197
398	-47.7078247	398	-240.82431
398.5	-90.2131348	398.5	-455.437683
399	-55.7088623	399	-281.289673
399.5	-29.7054443	399.5	-149.877365
400	-80.2119141	400	-404.78476
400.5	-53.2084961	400.5	-268.4681
401	-45.70758	401	-230.758377
401.5	-56.7089844	401.5	-286.255737
402	-60.20941	402	-303.836273
402.5	-67.71039	402.5	-341.555847
403	-42.2070923	403	-212.920227
403.5	-50.20813	403.5	-253.60675
404	-24.2047119	404	-122.219673
404.5	-24.7047729	404.5	-124.781227
405	-90.2131348	405	-455.357056
405.5	-72.711	405.5	-366.81604
406	7.79968262	406	39.3620071
406.5	-42.7071533	406.5	-215.509216
407	-83.21228	407	-419.95993
407.5	-47.2077637	407.5	-239.492645
408	-69.21057	408	-349.4609
408.5	-5.2020874	408.5	-26.2373848
409	-68.21045	409	-344.220062
409.5	-88.71295	409.5	-447.800262
410	-44.2073364	410	-223.143021
410.5	14.3005981	410.5	72.19521
411	-63.2097778	411	-319.027466
411.5	-4.70202637	411.5	-23.7321587
412	-43.2072144	412	-218.281387
412.5	-38.206543	412.5	-192.840515
413	-28.2052612	413	-142.6179
413.5	-97.21399	413.5	-491.7643
414	-26.7050171	414	-134.905045
414.5	-62.2096558	414.5	-314.118835
415	-35.7062378	415	-180.301224
415.5	-46.20764	415.5	-233.461945
416	-38.706604	416	-195.498489
416.5	-53.2084961	416.5	-268.725677
417	-85.2125244	417	-430.5389
417.5	-64.2099	417.5	-324.416229
418	-43.2072144	418	-218.35881
418.5	-12.703125	418.5	-64.18095
419	-24.7047729	419	-124.8096
419.5	-52.208374	419.5	-264.000153
420	-43.7072754	420	-220.988251
420.5	-47.7078247	420.5	-241.284286
421	-46.7077026	421	-236.09584
421.5	6.29949951	421.5	31.8551846
422	-68.21045	422	-344.92926
422.5	-42.7071533	422.5	-215.974854
423	-63.2097778	423	-319.8539
423.5	-44.2073364	423.5	-223.763489
424	-76.2114258	424	-386.006958
424.5	-56.7089844	424.5	-286.942017
425	-68.21045	425	-345.066345
425.5	-81.7121	425.5	-413.214447
426	-110.715576	426	-561.2393
426.5	-67.71039	426.5	-342.383362
427	-82.21216	427	-415.802582
427.5	-22.2044067	427.5	-112.3309
428	-50.70819	428	-256.376648
428.5	-64.70996	428.5	-327.171051
429	-34.7061157	429	-175.427414
429.5	-101.714539	429.5	-514.320251
430	-59.20929	430	-299.3841
430.5	-26.7050171	430.5	-135.042969
431	-42.7071533	431	-216.056549
431.5	-47.7078247	431.5	-241.247986
432	-50.70819	432	-257.197144
432.5	-41.20697	432.5	-208.521011
433	-28.2052612	433	-142.464569
433.5	-47.2077637	433.5	-238.585831
434	-40.70691	434	-205.8427
434.5	-74.71124	434.5	-377.812927
435	-111.215637	435	-562.406
435.5	-35.2061768	435.5	-177.953018
436	-87.21277	436	-440.903534
436.5	-55.7088623	436.5	-282.335968
437	-49.70807	437	-251.3017
437.5	-85.2125244	437.5	-431.163849
438	-37.20642	438	-188.046021
438.5	-113.715942	438.5	-576.0477
439	-44.7073975	439	-226.041458
439.5	-70.7107544	439.5	-357.202148
440	-16.7036743	440	-84.37696
440.5	-30.7055664	440.5	-155.09
441	-75.2113	441	-379.947357
441.5	0.798706055	441.5	4.03578234
442	-32.20575	442	-162.708
442.5	-37.7064819	442.5	-190.569717
443	-75.7113647	443	-382.681519
443.5	-89.21301	443.5	-452.732269
444	-40.20685	444	-203.498566
444.5	-68.71051	444.5	-347.349426
445	-38.206543	445	-193.073227
445.5	-64.2099	445.5	-324.5426
446	-65.710144	446	-332.046021
446.5	15.3007813	446.5	77.25198
447	-79.71185	447	-402.4751
447.5	-27.7052	447.5	-139.968964
448	-58.2091675	448	-294.054871
448.5	-60.7094727	448.5	-306.567474
449	-50.70819	449	-256.160248
449.5	-51.708313	449.5	-261.151123
450	-99.21423	450	-500.7194
450.5	-119.216614	450.5	-601.4808
451	-65.21008	451	-329.2006
451.5	-53.2084961	451.5	-268.40097
452	-71.71088	452	-361.67868
452.5	-28.7053223	452.5	-144.7611
453	-25.704895	453	-129.791718
453.5	-23.20459	453.5	-117.161972
454	-140.219	454	-707.680542
454.5	-54.20868	454.5	-273.563049
455	-90.2131348	455	-454.954071
455.5	-65.710144	455.5	-331.334534
456	-82.71222	456	-416.965759
456.5	-54.20868	456.5	-273.391479
457	-41.20697	457	-208.085587
457.5	-78.21167	457.5	-394.78186
458	-24.7047729	458	-124.641449
458.5	-61.7095947	458.5	-311.595062
459	-41.70703	459	-211.373032
459.5	19.8013916	459.5	100.22525
460	-17.2037354	460	-86.99349
460.5	-59.20929	460.5	-299.36908
461	-85.2125244	461	-430.9642
461.5	-89.21301	461.5	-452.37323
462	19.8013916	462	100.2628
462.5	-37.20642	462.5	-188.216583
463	8.299805	463	41.9824371
463.5	-59.20929	463.5	-299.491547
464	-38.706604	464	-195.865311
464.5	-49.70807	464.5	-251.303635
465	-25.204834	465	-127.415985
465.5	-54.20868	465.5	-273.935364
466	-56.2089233	466	-284.994843
466.5	-39.2067261	466.5	-199.0963
467	-27.7052	467	-140.150482
467.5	-27.7052	467.5	-140.230576
468	-70.7107544	468	-357.64325
468.5	-50.70819	468.5	-256.164185
469	-0.201416016	469	-1.01817083
469.5	-10.20282	469.5	-51.5393372
470	-57.7091064	470	-291.4366
470.5	-17.7037964	470.5	-89.37112
471	-54.70874	471	-276.132324
471.5	-50.70819	471.5	-255.932388
472	-48.2078857	472	-243.43576
472.5	-101.714539	472.5	-513.5041
473	-77.21155	473	-389.918335
473.5	-8.702576	473.5	-44.30426
474	-11.7030029	474	-59.47321
474.5	-35.2061768	474.5	-178.586609
475	-94.21362	475	-477.539581
475.5	-42.7071533	475.5	-216.3664
476	-118.716553	476	-600.8544
476.5	-53.7085571	476.5	-271.800018
477	-111.215637	477	-563.007751
477.5	-74.21118	477.5	-374.776581
478	-94.21362	478	-475.635864
478.5	-45.20746	478.5	-228.057785
479	-35.2061768	479	-177.58252
479.5	-62.2096558	479.5	-313.943451
480	-79.21179	480	-399.6746
480.5	-90.2131348	480.5	-455.046875
481	-56.2089233	481	-283.322357
481.5	-60.7094727	481.5	-306.2536
482	-78.21167	482	-394.587341
482.5	-58.2091675	482.5	-293.498322
483	-90.2131348	483	-455.090668
483.5	-55.7088623	483.5	-280.9131
484	-75.7113647	484	-381.881866
484.5	-49.2080078	484.5	-248.519592
485	-41.20697	485	-208.479156
485.5	-39.7067871	485.5	-200.74437
486	-73.71112	486	-371.901581
486.5	-91.71332	486.5	-463.6042
487	-83.21228	487	-419.89682
487.5	-78.71173	487.5	-396.9101
488	-95.2137451	488	-480.2595
488.5	-63.70984	488.5	-321.384277
489	-102.2146	489	-515.423157
489.5	-75.2113	489.5	-379.2735
490	-129.217712	490	-651.4877
490.5	-75.2113	490.5	-379.3158
491	-81.7121	491	-411.914459
491.5	-21.2042847	491.5	-106.876991
492	-56.2089233	492	-283.514282
492.5	-23.70465	492.5	-119.855789
493	-87.71283	493	-443.040283
493.5	-67.21033	493.5	-338.949829
494	-85.2125244	494	-429.91745
494.5	-56.7089844	494.5	-285.932
495	-73.71112	495	-371.885834
495.5	-85.7125854	495.5	-432.145966
496	-76.2114258	496	-384.2518
496.5	-97.71405	496.5	-492.545074
497	-53.7085571	497	-271.01416
497.5	-117.716431	497.5	-593.1471
498	-111.215637	498	-560.2704
498.5	-102.2146	498.5	-515.1417
499	-58.70923	499	-295.743225
499.5	-92.21338	499.5	-464.616028
500	-40.70691	500	-205.594467
500.5	-121.2168	500.5	-610.9608
501	-56.7089844	501	-285.803345
501.5	-112.215759	501.5	-565.2001
502	-94.21362	502	-474.6395
502.5	-11.7030029	502.5	-59.0355644
503	-79.21179	503	-399.2596
503.5	-87.21277	503.5	-439.7586
504	-62.7097168	504	-316.166382
504.5	-76.2114258	504.5	-384.2119
505	-86.21265	505	-434.5418
505.5	-84.2124	505.5	-424.517
506	-29.7054443	506	-149.780518
506.5	-51.208252	506.5	-258.4145
507	-34.2060547	507	-172.431656
507.5	-44.2073364	507.5	-223.023651
508	-58.2091675	508	-293.755981
508.5	-66.7102661	508.5	-336.509552
509	-96.21387	509	-485.0988
509.5	-74.21118	509.5	-374.4563
510	-90.2131348	510	-455.173
510.5	-40.70691	510.5	-205.215668
511	-36.2063	511	-182.478333
511.5	-80.2119141	511.5	-404.434418
512	-58.70923	512	-295.8956
512.5	-66.7102661	512.5	-336.9894
513	-27.7052	513	-139.789536
513.5	-38.706604	513.5	-194.941833
514	-101.214478	514	-510.727753
514.5	-51.208252	514.5	-258.104462
515	-79.71185	515	-401.599457
515.5	-80.2119141	515.5	-404.19342
516	-83.21228	516	-419.318878
516.5	-97.21399	516.5	-489.578156
517	-51.208252	517	-257.9864
517.5	-55.7088623	517.5	-280.688446
518	-92.71344	518	-467.0243
518.5	-95.7138062	518.5	-482.364166
519	-70.7107544	519	-356.465759
519.5	-79.21179	519.5	-399.274963
520	-75.7113647	520	-381.871582
520.5	-4.70202637	520.5	-23.7196445
521	-72.711	521	-366.760956
521.5	-75.2113	521.5	-379.3027
522	-43.7072754	522	-220.433823
522.5	-37.20642	522.5	-187.596085
523	-138.21875	523	-699.014648
523.5	-133.2182	523.5	-672.705261
524	-118.716553	524	-598.96936
524.5	-45.20746	524.5	-228.078842
525	-79.71185	525	-402.3077
525.5	-30.7055664	525.5	-154.951477
526	-55.7088623	526	-281.142365
526.5	-105.214966	526.5	-530.620056
527	-68.71051	527	-346.511475
527.5	-67.21033	527.5	-338.869019
528	-57.7091064	528	-290.87735
528.5	-56.2089233	528.5	-283.290771
529	-67.21033	529	-338.609833
529.5	-36.70636	529.5	-185.436417
530	-67.71039	530	-350.561523
530.5	-74.71124	530.5	-383.801239
531	-88.71295	531	-454.1208
531.5	-98.71417	531.5	-504.5642
532	-84.2124	532	-429.698029
532.5	-50.70819	532.5	-258.458344
533	-115.716187	533	-589.5434
533.5	-83.71234	533.5	-426.1477
534	-43.7072754	534	-222.394348
534.5	-49.2080078	534.5	-250.302887
535	-65.21008	535	-332.478882
535.5	-50.70819	535.5	-258.318756
536	-71.2108154	536	-361.956116
536.5	-82.71222	536.5	-420.393616
537	-15.7035522	537	-79.64325
537.5	-67.21033	537.5	-341.356018
538	-74.21118	538	-377.342743
538.5	-55.2088	538.5	-280.661163
539	-84.2124	539	-428.452026
539.5	-101.714539	539.5	-517.209534
540	-92.71344	540	-471.476318
540.5	-82.71222	540.5	-420.718231
541	-60.7094727	541	-308.510864
541.5	-76.71149	541.5	-389.154755
542	-101.714539	542	-512.036743
542.5	-37.7064819	542.5	-189.285156
543	-51.208252	543	-256.949371
543.5	-68.21045	543.5	-342.285461
544	-66.2102051	544	-332.0828
544.5	-126.717468	544.5	-636.0732
545	-99.7142944	545	-500.224884
545.5	-117.21637	545.5	-588.207764
546	-78.21167	546	-392.416748
546.5	-69.21057	546.5	-347.196472
547	-105.214966	547	-527.8437
547.5	-54.20868	547.5	-272.021362
548	-66.7102661	548	-334.734344
548.5	-28.2052612	548.5	-141.504822
549	-68.71051	549	-344.662842
549.5	-57.7091064	549.5	-289.495758
550	-106.715149	550	-535.3903
550.5	-71.2108154	550.5	-357.342865
551	-37.20642	551	-186.7305
551.5	-105.214966	551.5	-527.8618
552	-100.714417	552	-505.243958
552.5	-63.70984	552.5	-320.16803
553	-39.7067871	553	-199.406021
553.5	-67.21033	553.5	-337.333923
554	-70.21069	554	-353.6307
554.5	-82.21216	554.5	-412.931335
555	-98.21411	555	-493.284363
555.5	-64.2099	555.5	-322.532654
556	-105.214966	556	-529.182556
556.5	-37.20642	556.5	-186.8944
557	-101.714539	557	-510.9417
557.5	-83.21228	557.5	-418.313751
558	-58.70923	558	-295.0289
558.5	-79.21179	558.5	-398.378723
559	-103.214722	559	-518.7838
559.5	-84.71246	559.5	-425.623474
560	-43.2072144	560	-217.12146
560.5	-115.216125	560.5	-578.5158
561	-89.71307	561	-450.616882
561.5	-83.71234	561.5	-420.5953
562	-85.7125854	562	-430.6897
562.5	-96.21387	562.5	-483.3473
563	-48.7079468	563	-244.63295
563.5	-58.2091675	563.5	-292.568665
564	-52.7084351	564	-264.8774
564.5	-115.716187	564.5	-581.3363
565	-82.71222	565	-415.4621
565.5	-106.715149	565.5	-536.0058
566	-41.70703	566	-209.522614
566.5	-98.21411	566.5	-493.344849
567	-115.216125	567	-578.7996
567.5	-64.70996	567.5	-324.711
568	-86.21265	568	-432.6103
568.5	-72.21094	568.5	-362.0622
569	-56.7089844	569	-284.504852
569.5	-117.21637	569.5	-587.8207
570	-59.70935	570	-298.9327
570.5	-67.71039	570.5	-340.035156
571	-78.21167	571	-392.726471
571.5	-89.71307	571.5	-450.3494
572	-108.715393	572	-545.6929
572.5	-115.216125	572.5	-578.042
573	-71.71088	573	-359.693878
573.5	-72.21094	573.5	-361.8905
574	-67.71039	574	-339.513519
574.5	-62.7097168	574.5	-314.659424
575	-105.715027	575	-531.2409
575.5	-80.7119751	575.5	-405.079559
576	-31.7056885	576	-159.063889
576.5	-73.71112	576.5	-369.8656
577	-64.2099	577	-322.268372
577.5	-97.21399	577.5	-487.6315
578	-66.7102661	578	-334.726654
578.5	-93.71356	578.5	-470.191864
579	-58.2091675	579	-292.383667
579.5	-62.7097168	579.5	-315.156555
580	-66.2102051	580	-332.482269
580.5	-49.2080078	580.5	-247.08197
581	-77.21155	581	-387.652557
581.5	-68.21045	581.5	-342.486084
582	-103.714783	582	-520.636353
582.5	-95.2137451	582.5	-478.128784
583	-21.2042847	583	-106.399078
583.5	-63.70984	583.5	-320.132446
584	-99.7142944	584	-500.6215
584.5	-67.21033	584.5	-337.340363
585	-89.21301	585	-448.017639
585.5	-7.70245361	585.5	-38.6519661
586	-44.2073364	586	-221.765457
586.5	-89.71307	586.5	-450.226929
587	-55.2088	587	-277.2077
587.5	-115.716187	587.5	-581.325134
588	-62.2096558	588	-312.288971
588.5	-78.71173	588.5	-396.438782
589	-68.21045	589	-342.73288
589.5	-69.71063	589.5	-349.829559
590	-105.715027	590	-531.312256
590.5	-102.714661	590.5	-517.2781
591	-123.7171	591	-621.314636
591.5	-120.716736	591.5	-606.588257
592	-130.7179	592	-657.6473
592.5	-127.71759	592.5	-641.634
593	-90.2131348	593	-453.1234
593.5	-82.21216	593.5	-413.190979
594	-105.214966	594	-528.495
594.5	-76.71149	594.5	-385.1729
595	-101.714539	595	-511.002472
595.5	-77.21155	595.5	-387.8323
596	-90.7131958	596	-455.762634
596.5	-93.2135	596.5	-468.462952
597	-58.70923	597	-294.885284
597.5	-74.71124	597.5	-375.2431
598	-59.20929	598	-297.652527
598.5	-98.71417	598.5	-495.735168
599	-75.7113647	599	-380.12793
599.5	-115.216125	599.5	-578.6089
600	-46.20764	600	-231.960663
600.5	-79.71185	600.5	-401.428162
601	-111.215637	601	-558.722046
601.5	-76.2114258	601.5	-382.477448
602	-135.218384	602	-678.7653
602.5	-135.218384	602.5	-678.567749
603	-59.20929	603	-297.093018
603.5	-73.21106	603.5	-367.438
604	-125.717346	604	-631.062561
604.5	-78.21167	604.5	-392.5806
605	-126.217407	605	-633.3956
605.5	-97.21399	605.5	-487.825653
606	-50.20813	606	-251.93103
606.5	-92.71344	606.5	-465.1134
607	-68.21045	607	-342.312958
607.5	-48.7079468	607.5	-244.842178
608	-84.71246	608	-425.222473
608.5	-62.7097168	608.5	-314.89093
609	-53.7085571	609	-269.6377
609.5	-101.714539	609.5	-510.3042
610	-44.7073975	610	-224.2431
610.5	-92.71344	610.5	-465.118774
611	-34.7061157	611	-174.318878
611.5	-102.714661	611.5	-515.211365
612	-91.21326	612	-457.410645
612.5	-90.2131348	612.5	-452.927338
613	-98.71417	613	-495.08075
613.5	-99.7142944	613.5	-500.0622
614	-116.716309	614	-585.2749
614.5	-83.21228	614.5	-417.4843
615	-138.21875	615	-693.558167
615.5	-75.7113647	615.5	-391.407318
616	-19.7041016	616	-100.848579
616.5	-32.70581	616.5	-164.684647
617	-75.2113	617	-377.8155
617.5	-84.2124	617.5	-422.955322
618	-98.71417	618	-495.835846
618.5	-94.21362	618.5	-473.4385
619	-90.7131958	619	-456.406464
619.5	-71.71088	619.5	-360.549316
620	-82.21216	620	-414.123077
620.5	-125.217285	620.5	-629.490234
621	-110.215515	621	-553.6446
621.5	-97.71405	621.5	-490.695648
622	-122.216919	622	-613.6278
622.5	-115.716187	622.5	-580.8243
623	-92.71344	623	-465.914063
623.5	-62.7097168	623.5	-314.992279
624	-94.21362	624	-473.2044
624.5	-135.718445	624.5	-681.314636
625	-26.7050171	625	-134.047409
625.5	-82.71222	625.5	-415.1089
626	-82.21216	626	-412.574
626.5	-63.2097778	626.5	-317.878052
627	-128.717651	627	-646.685364
627.5	-91.21326	627.5	-458.1556
628	-146.719666	628	-736.5442
628.5	-112.215759	628.5	-563.571533
629	-121.716858	629	-611.3794
629.5	-93.71356	629.5	-470.813629
630	-123.217041	630	-618.962158
630.5	-86.71271	630.5	-435.698425
631	-88.21289	631	-444.820435
631.5	-109.715454	631.5	-551.4243
632	-42.7071533	632	-214.6761
632.5	-142.219177	632.5	-714.591858
633	-140.219	633	-705.5913
633.5	-125.717346	633.5	-632.5063
634	-80.7119751	634	-405.704071
634.5	-157.220825	634.5	-790.150635
635	-106.715149	635	-536.2976
635.5	-73.21106	635.5	-368.083527
636	-85.2125244	636	-428.415131
636.5	-76.2114258	636.5	-383.003937
637	-59.70935	637	-299.9317
637.5	-83.71234	637.5	-420.4631
638	-81.7121	638	-410.385
638.5	-118.216492	638.5	-594.182
639	-113.215881	639	-568.7251
639.5	-86.71271	639.5	-435.204559
640	-128.717651	640	-646.5367
640.5	-79.71185	640.5	-400.179657
641	-65.21008	641	-327.328369
641.5	-30.7055664	641.5	-154.466187
642	-111.215637	642	-560.6151
642.5	-87.71283	642.5	-440.9958
643	-86.71271	643	-436.4463
643.5	-120.716736	643.5	-606.502258
644	-104.214844	644	-523.475464
644.5	-116.216248	644.5	-583.9268
645	-126.717468	645	-636.7267
645.5	-105.715027	645.5	-531.131
646	-107.21521	646	-538.655762
646.5	-108.215332	646.5	-543.467957
647	-119.716675	647	-601.350952
647.5	-89.21301	647.5	-448.4248
648	-59.70935	648	-299.722656
648.5	-65.21008	648.5	-327.347168
649	-94.7136841	649	-475.4137
649.5	-48.7079468	649.5	-244.469925
650	-77.21155	650	-387.744629
</Group>
<Group>
RCQCSignal
1
701	
ExCorr	T636070406482197863
X	Y
300	0.197011143
300.5	0.196959287
301	0.19704473
301.5	0.197085917
302	0.197067618
302.5	0.1970264
303	0.19704625
303.5	0.196882963
304	0.196941733
304.5	0.197074473
305	0.197017252
305.5	0.197144657
306	0.197097361
306.5	0.19710958
307	0.197145432
307.5	0.196818888
308	0.196874589
308.5	0.197017252
309	0.197093546
309.5	0.197101176
310	0.1971134
310.5	0.197153062
311	0.197035581
311.5	0.197040915
312	0.1971088
312.5	0.197036326
313	0.19704625
313.5	0.197127879
314	0.196833372
314.5	0.197256833
315	0.197201878
315.5	0.1973995
316	0.197430789
316.5	0.19736135
317	0.197523087
317.5	0.197442234
318	0.197559714
318.5	0.197320163
319	0.197426975
319.5	0.197472751
320	0.197440684
320.5	0.197321683
321	0.1973316
321.5	0.197404832
322	0.1963779
322.5	0.1959148
323	0.1970371
323.5	0.19704321
324	0.196943253
324.5	0.197075248
325	0.196967661
325.5	0.196973
326	0.197072178
326.5	0.196962327
327	0.196998179
327.5	0.196973
328	0.197050065
328.5	0.197040915
329	0.1967243
329.5	0.195664555
330	0.196278721
330.5	0.196860075
331	0.197203428
331.5	0.197219431
332	0.197284281
332.5	0.19710806
333	0.197185874
333.5	0.197393388
334	0.197357535
334.5	0.197398722
335	0.1974262
335.5	0.197453678
336	0.197607011
336.5	0.196643412
337	0.1973728
337.5	0.1974178
338	0.197336167
338.5	0.196772337
339	0.197388053
339.5	0.1973499
340	0.197388053
340.5	0.197442979
341	0.1974979
341.5	0.197448313
342	0.1975849
342.5	0.197596341
343	0.197618455
343.5	0.197586417
344	0.197705448
344.5	0.1976696
345	0.197761148
345.5	0.1976383
346	0.197740525
346.5	0.1977436
347	0.197636783
347.5	0.197666526
348	0.1976963
348.5	0.197816074
349	0.197777152
349.5	0.197521567
350	0.197671115
350.5	0.197601676
351	0.197481126
351.5	0.197470456
352	0.197382718
352.5	0.197344571
353	0.197451383
353.5	0.197498679
354	0.197482646
354.5	0.197487235
355	0.197681785
355.5	0.19761923
356	0.197649747
356.5	0.197591752
357	0.197631419
357.5	0.197695524
358	0.19767645
358.5	0.197726816
359	0.197616935
359.5	0.197739
360	0.197655082
360.5	0.197713077
361	0.197666526
361.5	0.1970165
362	0.197327018
362.5	0.197503269
363	0.197533786
363.5	0.197442234
364	0.197519273
364.5	0.197500974
365	0.19755438
365.5	0.197693229
366	0.197706968
366.5	0.194342345
367	0.189525843
367.5	0.193880767
368	0.197522342
368.5	0.197690934
369	0.198426425
369.5	0.197904557
370	0.19774434
370.5	0.197719932
371	0.197266728
371.5	0.197329313
372	0.197635233
372.5	0.196994364
373	0.197151542
373.5	0.197529972
374	0.1976093
374.5	0.1975246
375	0.197394907
375.5	0.197459012
376	0.197475016
376.5	0.197417051
377	0.1974239
377.5	0.1974552
378	0.19748342
378.5	0.197276652
379	0.1967243
379.5	0.197307944
380	0.197249949
380.5	0.197363645
381	0.197279721
381.5	0.1972591
382	0.197465867
382.5	0.197398722
383	0.197336942
383.5	0.197528422
384	0.19724384
384.5	0.19723621
385	0.19730109
385.5	0.1974346
386	0.197021067
386.5	0.197316349
387	0.196841
387.5	0.197002769
388	0.197346091
388.5	0.197415531
389	0.19730109
389.5	0.197727561
390	0.197645158
390.5	0.1976116
391	0.1976116
391.5	0.197858781
392	0.197648972
392.5	0.197826743
393	0.1978626
393.5	0.197732151
394	0.197813779
394.5	0.197946519
395	0.197949588
395.5	0.197919071
396	0.19805792
396.5	0.198042661
397	0.198105991
397.5	0.198082328
398	0.198102176
398.5	0.198080063
399	0.198048
399.5	0.198198318
400	0.1981594
400.5	0.198192954
401	0.198075473
401.5	0.198105991
402	0.198163986
402.5	0.198241025
403	0.198229581
403.5	0.197976291
404	0.198042661
404.5	0.197984666
405	0.19811514
405.5	0.198221952
406	0.198152542
406.5	0.198168546
407	0.198143363
407.5	0.19711569
408	0.198049515
408.5	0.198270023
409	0.1981594
409.5	0.198108286
410	0.1981121
410.5	0.198082328
411	0.1981327
411.5	0.198128879
412	0.1979427
412.5	0.198125064
413	0.197768
413.5	0.197684079
414	0.197954148
414.5	0.198044956
415	0.198036551
415.5	0.19792363
416	0.197989255
416.5	0.198003
417	0.197920591
417.5	0.1979244
418	0.197872519
418.5	0.1979267
419	0.197939664
419.5	0.197758853
420	0.197780967
420.5	0.197724521
421	0.197833627
421.5	0.197754264
422	0.197751969
422.5	0.1977413
423	0.197620749
423.5	0.197562754
424	0.197435349
424.5	0.1976322
425	0.19767341
425.5	0.197747409
426	0.1972698
426.5	0.1977619
427	0.197719187
427.5	0.1976696
428	0.197787851
428.5	0.1977863
429	0.197837442
429.5	0.197764963
430	0.1977703
430.5	0.197751969
431	0.197666526
431.5	0.197754264
432	0.197156876
432.5	0.197615415
433	0.197980851
433.5	0.19786489
434	0.197757334
434.5	0.197746634
435	0.1977497
435.5	0.1978397
436	0.19780463
436.5	0.197314054
437	0.197802335
437.5	0.197633713
438	0.197858036
438.5	0.197407126
439	0.197784036
439.5	0.197957218
440	0.197964847
440.5	0.19798544
441	0.197951883
441.5	0.1979061
442	0.197935849
442.5	0.19786185
443	0.1978443
443.5	0.197054654
444	0.197578013
444.5	0.197813779
445	0.197886258
445.5	0.197847337
446	0.197894663
446.5	0.198063254
447	0.1980541
447.5	0.197938144
448	0.1979534
448.5	0.1980297
449	0.197954923
449.5	0.198001474
450	0.198143363
450.5	0.198205173
451	0.198086143
451.5	0.198242545
452	0.198272318
452.5	0.198294431
453	0.198047251
453.5	0.198055625
454	0.1981388
454.5	0.198157877
455	0.198290616
455.5	0.198319614
456	0.19836691
456.5	0.198282242
457	0.198028922
457.5	0.19811362
458	0.1982067
458.5	0.198044181
459	0.1973148
459.5	0.197568864
460	0.197758853
460.5	0.197780222
461	0.197725266
461.5	0.197211057
462	0.197494864
462.5	0.197678745
463	0.197697043
463.5	0.197699338
464	0.197618455
464.5	0.197800815
465	0.1978153
465.5	0.197888553
466	0.197227836
466.5	0.1969234
467	0.197681785
467.5	0.197568864
468	0.197713077
468.5	0.197951883
469	0.197821409
469.5	0.197961777
470	0.198015958
470.5	0.198093027
471	0.198125064
471.5	0.198131174
472	0.198031217
472.5	0.198079288
473	0.198019773
473.5	0.1964275
474	0.1967777
474.5	0.1971378
475	0.197289646
475.5	0.197383463
476	0.197579563
476.5	0.1976032
477	0.197538346
477.5	0.198014438
478	0.198079288
478.5	0.198228061
479	0.198252469
479.5	0.198155582
480	0.198190689
480.5	0.198250175
481	0.1983921
481.5	0.198232651
482	0.198211282
482.5	0.198328763
483	0.1982311
483.5	0.1983135
484	0.198258579
484.5	0.198004514
485	0.197655082
485.5	0.197797745
486	0.198200583
486.5	0.197826743
487	0.198173136
487.5	0.19831121
488	0.198254764
488.5	0.198235691
489	0.198311985
489.5	0.19830358
490	0.1983425
490.5	0.198281467
491	0.1983715
491.5	0.198398948
492	0.1982578
492.5	0.1977764
493	0.197979331
493.5	0.198289871
494	0.1982067
494.5	0.198330283
495	0.198208988
495.5	0.198341727
496	0.198337168
496.5	0.198385984
497	0.198176175
497.5	0.198460758
498	0.1985035
498.5	0.198420316
499	0.198514163
499.5	0.1984722
500	0.19799611
500.5	0.198403537
501	0.198419571
501.5	0.198541641
502	0.19849509
502.5	0.198236465
503	0.198396683
503.5	0.198319614
504	0.198344022
504.5	0.198357761
505	0.198398948
505.5	0.198372245
506	0.198326468
506.5	0.198163211
507	0.19837454
507.5	0.198218137
508	0.1981548
508.5	0.1982418
509	0.198338687
509.5	0.1981838
510	0.198195249
510.5	0.198361576
511	0.1984142
511.5	0.198331058
512	0.198411942
512.5	0.197959512
513	0.198192209
513.5	0.1985546
514	0.19817695
514.5	0.198401242
515	0.198485941
515.5	0.198449314
516	0.198446274
516.5	0.198566824
517	0.19849205
517.5	0.1984722
518	0.1985195
518.5	0.198426425
519	0.198366165
519.5	0.198389053
520	0.198263913
520.5	0.1982334
521	0.198251724
521.5	0.198288321
522	0.198278427
522.5	0.198332578
523	0.19773367
523.5	0.198033512
524	0.198201358
524.5	0.198209763
525	0.198136508
525.5	0.198162436
526	0.198151767
526.5	0.1982868
527	0.198292136
527.5	0.198337168
528	0.198396683
528.5	0.1984142
529	0.198488981
529.5	0.197945774
530	0.193148345
530.5	0.19466126
531	0.195350975
531.5	0.195642412
532	0.1959804
532.5	0.1961948
533	0.196281016
533.5	0.196439713
534	0.196530491
534.5	0.196593821
535	0.196132988
535.5	0.196300834
536	0.19673878
536.5	0.196749449
537	0.197173655
537.5	0.196892142
538	0.19666782
538.5	0.196709782
539	0.196550339
539.5	0.196660191
540	0.196644932
540.5	0.196597636
541	0.196782261
541.5	0.197123319
542	0.198646933
542.5	0.199204624
543	0.199293137
543.5	0.1992794
544	0.19937858
544.5	0.199218363
545	0.199338913
545.5	0.199277133
546	0.19930765
546.5	0.199341208
547	0.199329764
547.5	0.199280947
548	0.199293137
548.5	0.199323654
549	0.199355692
549.5	0.1993435
550	0.199322134
550.5	0.199278653
551	0.19925195
551.5	0.199322909
552	0.199338168
552.5	0.198988736
553	0.19912529
553.5	0.199239731
554	0.198542386
554.5	0.199094
555	0.1991024
555.5	0.199080288
556	0.198825449
556.5	0.199077219
557	0.199072659
557.5	0.198923111
558	0.198994815
558.5	0.198835373
559	0.198955148
559.5	0.199031442
560	0.19900018
560.5	0.1991581
561	0.199089438
561.5	0.199032962
562	0.199012369
562.5	0.1990574
563	0.199106216
563.5	0.198958963
564	0.198991776
564.5	0.199052036
565	0.199084848
565.5	0.199093252
566	0.1990574
566.5	0.199078
567	0.19906044
567.5	0.199284762
568	0.199284762
568.5	0.19944343
569	0.199325174
569.5	0.199408352
570	0.199741751
570.5	0.199127585
571	0.199150473
571.5	0.1992077
572	0.199224472
572.5	0.199321359
573	0.199366391
573.5	0.199538052
574	0.199433535
574.5	0.199293911
575	0.198996365
575.5	0.199249655
576	0.199326724
576.5	0.199291617
577	0.199243546
577.5	0.1993595
578	0.199297726
578.5	0.19930917
579	0.199084848
579.5	0.198979557
580	0.199139029
580.5	0.199156582
581	0.199177176
581.5	0.199162662
582	0.1992077
582.5	0.199138254
583	0.1992901
583.5	0.199010849
584	0.19918099
584.5	0.199235916
585	0.19912833
585.5	0.199277133
586	0.199342728
586.5	0.199261874
587	0.1991604
587.5	0.199055851
588	0.1992054
588.5	0.198546976
589	0.199019253
589.5	0.199270248
590	0.198969662
590.5	0.198567569
591	0.199121475
591.5	0.199009329
592	0.198765934
592.5	0.199050516
593	0.199091733
593.5	0.198968887
594	0.1990841
594.5	0.199161142
595	0.199049
595.5	0.199084848
596	0.199036032
596.5	0.198977292
597	0.199091733
597.5	0.199100882
598	0.198920816
598.5	0.19912681
599	0.199173361
599.5	0.199126065
600	0.199204624
600.5	0.198570639
601	0.199053586
601.5	0.199257284
602	0.199212253
602.5	0.199270248
603	0.199295431
603.5	0.19924736
604	0.199215323
604.5	0.199224472
605	0.199271023
605.5	0.199280173
606	0.199293137
606.5	0.1993351
607	0.1992634
607.5	0.198936075
608	0.199219137
608.5	0.1991474
609	0.199187845
609.5	0.199321359
610	0.1993702
610.5	0.1993328
611	0.199095547
611.5	0.1993641
612	0.199412167
612.5	0.199177921
613	0.199390024
613.5	0.199403763
614	0.199421316
614.5	0.19931832
615	0.199289322
615.5	0.193433672
616	0.195383012
616.5	0.198596567
617	0.199068844
617.5	0.1991047
618	0.199086368
618.5	0.19899863
619	0.198755264
619.5	0.198893368
620	0.198521048
620.5	0.198918521
621	0.199072659
621.5	0.1991337
622	0.199171066
622.5	0.199227512
623	0.19899255
623.5	0.199083328
624	0.199097067
624.5	0.199200809
625	0.199220657
625.5	0.199254245
626	0.199266434
626.5	0.198849112
627	0.199042141
627.5	0.199087918
628	0.199200064
628.5	0.199115366
629	0.199085623
629.5	0.199045956
630	0.199070364
630.5	0.19902
631	0.19831121
631.5	0.198967367
632	0.1989376
632.5	0.199021518
633	0.198725492
633.5	0.1987606
634	0.198942959
634.5	0.198975742
635	0.198984921
635.5	0.198897928
636	0.198901743
636.5	0.198983371
637	0.199076474
637.5	0.199095547
638	0.1991108
638.5	0.198956668
639	0.199069589
639.5	0.19924584
640	0.199087918
640.5	0.19919014
641	0.199219137
641.5	0.198785
642	0.198381424
642.5	0.198897183
643	0.19867897
643.5	0.199037552
644	0.199082553
644.5	0.199025333
645	0.199013889
645.5	0.199037552
646	0.199042141
646.5	0.199119955
647	0.199079514
647.5	0.198947519
648	0.199215323
648.5	0.1992077
649	0.1992237
649.5	0.199238986
650	0.199129879
</Group>
</Session>
