<Session>
Acquisition 1 2016-08-18 16:24:54
<Group>
Detector1
2
701		701	
D1 350:300-650	T636070406482199262	D1 350:300-650 [COR]	T636070406482199264
X	Y	X	Y
300	122.216858	300	569.3566
300.5	62.7073364	300.5	292.022125
301	62.7073364	301	292.4731
301.5	53.7059326	301.5	250.2039
302	63.70746	302	296.899017
302.5	85.71094	302.5	399.431549
303	38.2036133	303	178.012421
303.5	84.7107544	303.5	394.8828
304	128.717957	304	599.956
304.5	63.70746	304.5	296.806152
305	69.20831	305	322.237
305.5	67.20801	305.5	313.2518
306	62.2072754	306	289.968445
306.5	48.7052	306.5	227.057526
307	55.7062378	307	259.543152
307.5	43.7044067	307.5	203.756027
308	78.70984	308	366.50647
308.5	105.21405	308.5	489.851746
309	-12.803772	309	-59.5941925
309.5	81.7102661	309.5	380.381836
310	70.70856	310	329.183655
310.5	24.7016	310.5	114.972137
311	79.2099	311	368.8075
311.5	44.70459	311.5	208.0771
312	114.715637	312	533.3368
312.5	64.20758	312.5	298.230865
313	70.2084961	313	325.944458
313.5	37.20343	313.5	172.637024
314	80.21002	314	372.240936
314.5	48.20508	314.5	223.772522
315	39.7038574	315	184.2797
315.5	46.204834	315.5	214.425674
316	90.71173	316	420.982056
316.5	5.69885254	316.5	26.4522686
317	57.2064819	317	265.5212
317.5	59.70685	317.5	277.174652
318	80.21002	318	372.386
318.5	50.2053833	318.5	233.091965
319	56.2063	319	260.8863
319.5	52.70581	319.5	244.7312
320	87.71124	320	407.081635
320.5	-5.30267334	320.5	-24.6081028
321	41.7041	321	193.5649
321.5	115.2157	321.5	534.654663
322	37.20343	322	172.6902
322.5	65.2077	322.5	302.656342
323	74.20911	323	344.4454
323.5	90.21161	323.5	418.784119
324	56.2063	324	260.914
324.5	74.20911	324.5	344.5528
325	62.7073364	325	291.272858
325.5	23.201416	325.5	107.80204
326	51.7056274	326	240.189987
326.5	45.20465	326.5	210.206818
327	-0.302001953	327	-1.40372622
327.5	34.2030029	327.5	159.072708
328	50.7055054	328	235.857544
328.5	36.70337	328.5	170.78212
329	74.20911	329	345.3553
329.5	90.21161	329.5	419.7579
330	88.2113	330	410.07193
330.5	56.2063	330.5	261.500275
331	43.2043457	331	201.079224
331.5	21.7011719	331.5	101.008263
332	56.70642	332	263.971375
332.5	2.69842529	332.5	12.56274
333	51.2055664	333	238.491684
333.5	43.2043457	333.5	201.230728
334	96.2125854	334	448.1261
334.5	32.2026978	334.5	150.165
335	42.7042847	335	199.033859
335.5	58.7067261	335.5	273.62207
336	-21.3049316	336	-99.31066
336.5	45.20465	336.5	210.716644
337	44.20453	337	206.108948
337.5	48.20508	337.5	224.714813
338	46.204834	338	215.474686
338.5	28.2021484	338.5	131.616241
339	5.1987915	339	24.3286152
339.5	82.71045	339.5	386.1268
340	57.706543	340	269.171936
340.5	38.7036743	340.5	180.5209
341	43.7044067	341	204.04126
341.5	100.713318	341.5	469.735046
342	100.713318	342	470.2973
342.5	67.20801	342.5	313.531616
343	71.70874	343	334.2864
343.5	68.20819	343.5	318.062866
344	99.7131348	344	466.7243
344.5	56.2063	344.5	262.221619
345	67.20801	345	313.449066
345.5	127.217651	345.5	593.129639
346	72.2088	346	336.746918
346.5	106.714294	346.5	497.74707
347	262.242065	347	1223.536
347.5	720.3519	347.5	3364.79614
348	1968.86426	348	9190.267
348.5	4024.88721	348.5	18773.1328
349	7208.912	349	33617.92
349.5	10703.66	349.5	49912.2539
350	14233.4492	350	66379.57
350.5	15975.9531	350.5	74632.375
351	15767.7637	351	73530.0859
351.5	13839.2891	351.5	64548.71
352	9750.078	352	45532.3477
352.5	5898.51025	352.5	27512.3984
353	3054.06274	353	14236.8457
353.5	1542.154	353.5	7187.10449
354	402.77124	354	1877.502
354.5	184.7276	354.5	860.638062
355	67.20801	355	313.154877
355.5	111.215027	355.5	518.170044
356	107.714478	356	501.6375
356.5	50.7055054	356.5	236.157578
357	66.70795	357	310.494843
357.5	48.7052	357.5	226.694687
358	54.2059937	358	252.3685
358.5	40.70398	358.5	189.420639
359	78.20972	359	363.9721
359.5	68.20819	359.5	317.3583
360	60.20691	360	280.1191
360.5	53.20587	360.5	247.683167
361	17.2005	361	80.0518951
361.5	38.2036133	361.5	177.719284
362	-2.80236816	362	-13.0376244
362.5	47.2049561	362.5	219.623779
363	25.20166	363	117.26841
363.5	44.20453	363.5	205.645874
364	45.20465	364	210.387436
364.5	16.2003784	364.5	75.38069
365	32.2026978	365	149.751556
365.5	46.204834	365.5	214.856262
366	33.20288	366	154.309052
366.5	38.2036133	366.5	177.800674
367	46.704895	367	217.28566
367.5	-28.80597	367.5	-133.9948
368	26.2018433	368	121.787567
368.5	60.70703	368.5	281.987549
369	49.7053223	369	231.044449
369.5	83.71063	369.5	389.0501
370	50.7055054	370	235.780563
370.5	46.704895	370.5	217.059128
371	58.206604	371	270.634766
371.5	34.703064	371.5	161.243942
372	52.70581	372	244.776291
372.5	16.70044	372.5	77.562645
373	79.70996	373	370.253265
373.5	34.703064	373.5	161.175369
374	77.7096558	374	360.782837
374.5	25.7017822	374.5	119.34687
375	59.2067871	375	275.044128
375.5	48.20508	375.5	223.9573
376	73.7090454	376	342.540436
376.5	50.2053833	376.5	233.196045
377	85.71094	377	397.951538
377.5	21.7011719	377.5	100.741386
378	38.2036133	378	177.694061
378.5	1.19824219	378.5	5.568467
379	27.7020264	379	128.805267
379.5	72.70886	379.5	337.831268
380	72.70886	380	338.814972
380.5	104.213867	380.5	484.737152
381	112.715271	381	524.0683
381.5	49.7053223	381.5	231.01825
382	89.71155	382	416.963348
382.5	96.2125854	382.5	447.145752
383	105.21405	383	488.868866
383.5	123.217041	383.5	572.959167
384	78.20972	384	363.895874
384.5	94.71234	384.5	440.004883
385	113.715454	385	528.504944
385.5	184.7276	385.5	858.544556
386	132.2185	386	614.6829
386.5	98.71301	386.5	458.7192
387	76.20941	387	354.033325
387.5	178.726563	387.5	829.087036
388	176.7262	388	820.301147
388.5	150.72168	388.5	699.582458
389	211.732483	389	982.523743
389.5	216.733459	389.5	1009.73053
390	310.2516	390	1440.54358
390.5	332.756226	390.5	1543.483
391	385.267456	391	1786.9668
391.5	366.2633	391.5	1698.8208
392	407.272339	392	1888.5365
392.5	427.276733	392.5	1981.21326
393	447.7815	393	2075.14551
393.5	484.290039	393.5	2244.63013
394	452.282471	394	2096.412
394.5	564.809937	394.5	2617.89551
395	536.802856	395	2486.03418
395.5	632.3275	395.5	2929.77246
396	588.3159	396	2727.791
396.5	616.823364	396.5	2858.331
397	665.336548	397	3083.826
397.5	682.3412	397.5	3159.75928
398	680.3407	398	3152.99048
398.5	707.348267	398.5	3277.03125
399	700.3462	399	3245.99146
399.5	741.3579	399.5	3435.78271
400	717.3511	400	3325.54736
400.5	759.8634	400.5	3523.05249
401	811.3788	401	3765.45654
401.5	812.87915	401.5	3772.0188
402	727.854	402	3378.599
402.5	747.359741	402.5	3469.929
403	774.8678	403	3597.99048
403.5	758.863037	403.5	3521.56616
404	769.3661	404	3572.621
404.5	723.3528	404.5	3398.96973
405	742.8584	405	3492.29
405.5	602.8197	405.5	2811.35938
406	592.817139	406	2758.75244
406.5	603.819946	406.5	2808.191
407	661.8356	407	3076.3562
407.5	709.8489	407.5	3299.28662
408	685.342041	408	3184.70435
408.5	684.3418	408.5	3195.30444
409	647.831665	409	3014.802
409.5	669.337646	409.5	3110.98486
410	653.333252	410	3036.14624
410.5	645.331055	410.5	2997.758
411	699.846069	411	3257.90161
411.5	722.352539	411.5	3355.16528
412	651.332642	412	3025.101
412.5	685.842163	412.5	3184.75928
413	706.3479	413	3283.06128
413.5	738.357056	413.5	3429.30835
414	758.863037	414	3523.62451
414.5	749.8605	414.5	3482.60034
415	804.8767	415	3740.871
415.5	807.377563	415.5	3756.904
416	882.400757	416	4102.74072
416.5	751.860962	416.5	3495.02441
417	842.3883	417	3919.41284
417.5	850.890869	417.5	3956.19287
418	769.866333	418	3571.945
418.5	912.910645	418.5	4240.03955
419	889.4031	419	4135.45947
419.5	857.392944	419.5	3987.37183
420	933.417236	420	4341.406
420.5	937.4186	420.5	4353.019
421	905.9083	421	4212.503
421.5	910.4098	421.5	4232.54932
422	956.925049	422	4450.443
422.5	843.8887	422.5	3928.01147
423	935.417969	423	4353.56934
423.5	931.4166	423.5	4333.90039
424	900.906738	424	4189.171
424.5	939.4193	424.5	4375.50146
425	859.393555	425	3997.186
425.5	880.400146	425.5	4095.15283
426	952.4236	426	4430.18359
426.5	803.376343	426.5	3737.423
427	725.8535	427	3377.35132
427.5	787.37146	427.5	3665.54224
428	779.369141	428	3628.507
428.5	736.356445	428.5	3429.41016
429	776.8684	429	3619.6543
429.5	866.8959	429.5	4040.58325
430	636.3286	430	2966.24121
430.5	675.339233	430.5	3151.5188
431	671.338135	431	3131.68774
431.5	667.337036	431.5	3112.48047
432	682.8413	432	3185.32568
432.5	688.3429	432.5	3211.06934
433	599.819	433	2798.859
433.5	598.3186	433.5	2792.27563
434	683.341431	434	3195.67676
434.5	676.3395	434.5	3159.09961
435	687.8428	435	3210.57617
435.5	580.813965	435.5	2709.426
436	594.3175	436	2770.82056
436.5	491.79187	436.5	2292.631
437	548.8059	437	2559.02832
437.5	517.7982	437.5	2413.78979
438	532.8019	438	2483.31641
438.5	550.8064	438.5	2565.85547
439	554.8074	439	2583.08887
439.5	453.2827	439.5	2112.67358
440	575.812744	440	2681.90552
440.5	476.2882	440.5	2219.20386
441	538.803345	441	2509.32544
441.5	531.3015	441.5	2473.28027
442	554.8074	442	2580.87939
442.5	499.2937	442.5	2322.8938
443	440.2798	443	2047.71472
443.5	474.28772	443.5	2206.35327
444	471.7871	444	2193.80176
444.5	470.286743	444.5	2186.08081
445	448.281616	445	2083.733
445.5	502.794556	445.5	2337.82
446	472.787354	446	2197.26025
446.5	414.773926	446.5	1930.25989
447	404.771729	447	1880.64014
447.5	474.28772	447.5	2210.99121
448	446.78125	448	2079.96753
448.5	445.781	448.5	2072.242
449	453.782837	449	2107.58521
449.5	454.783081	449.5	2111.714
450	429.277222	450	1994.37
450.5	428.276978	450.5	1989.80042
451	442.280273	451	2055.0354
451.5	435.7787	451.5	2024.89063
452	457.2837	452	2124.10059
452.5	429.777344	452.5	1996.93408
453	381.2666	453	1771.12378
453.5	401.771118	453.5	1867.16211
454	375.265259	454	1741.46765
454.5	356.76123	454.5	1657.93958
455	441.780151	455	2055.2688
455.5	353.76062	455.5	1644.79407
456	359.261841	456	1670.828
456.5	336.256958	456.5	1563.65015
457	344.258667	457	1602.55371
457.5	387.767944	457.5	1805.17627
458	307.7511	458	1432.03308
458.5	300.249573	458.5	1396.81445
459	386.7677	459	1799.29285
459.5	349.759766	459.5	1627.21387
460	253.740417	460	1180.47485
460.5	302.750061	460.5	1412.28186
461	272.74408	461	1269.87268
461.5	310.7517	461.5	1445.68237
462	298.749268	462	1390.05676
462.5	309.2514	462.5	1439.19312
463	281.74585	463	1310.541
463.5	235.737	463.5	1096.77222
464	207.73175	464	968.1542
464.5	229.73584	464.5	1069.20837
465	296.248779	465	1378.61292
465.5	176.226074	465.5	820.2077
466	178.726563	466	831.8693
466.5	175.726013	466.5	818.162048
467	172.2254	467	801.798035
467.5	187.728149	467.5	873.720032
468	220.23407	468	1024.99011
468.5	160.223328	468.5	745.667969
469	161.22345	469	749.790039
469.5	157.222778	469.5	731.5062
470	191.22876	470	889.444
470.5	233.736572	470.5	1089.89087
471	184.7276	471	859.5687
471.5	181.22699	471.5	843.324646
472	151.221741	472	703.795166
472.5	188.728333	472.5	878.453
473	177.726379	473	827.2787
473.5	165.224182	473.5	768.7014
474	156.722717	474	729.2702
474.5	167.224548	474.5	777.657532
475	155.722534	475	724.6341
475.5	79.70996	475.5	370.831482
476	192.729065	476	896.6481
476.5	191.22876	476.5	889.4881
477	162.223633	477	754.7253
477.5	146.720947	477.5	682.896667
478	138.219543	478	642.531555
478.5	163.723938	478.5	761.602539
479	162.723755	479	757.2752
479.5	138.7196	479.5	645.362061
480	148.721313	480	691.895142
480.5	101.213379	480.5	470.723938
481	156.2226	481	726.8166
481.5	154.22229	481.5	717.543335
482	106.714294	482	496.4715
482.5	117.716125	482.5	547.731567
483	128.217834	483	596.6806
483.5	72.70886	483.5	338.315826
484	136.219177	484	633.7653
484.5	90.21161	484.5	419.8384
485	158.723022	485	738.3422
485.5	149.7215	485.5	696.7387
486	152.721985	486	711.659363
486.5	159.223145	486.5	740.8185
487	106.714294	487	496.5279
487.5	76.20941	487.5	354.670624
488	87.21118	488	405.965424
488.5	173.225586	488.5	806.1967
489	129.218018	489	601.1772
489.5	74.70917	489.5	347.440735
490	66.2078857	490	307.901581
490.5	76.20941	490.5	354.417725
491	132.2185	491	615.162964
491.5	98.21289	491.5	456.9768
492	85.71094	492	398.634979
492.5	109.714783	492.5	510.304016
493	81.2102051	493	378.0982
493.5	59.2067871	493.5	275.4014
494	88.7114258	494	412.683777
494.5	117.716125	494.5	547.552734
495	110.714966	495	515.0547
495.5	46.704895	495.5	217.3034
496	85.2108154	496	396.569275
496.5	53.7059326	496.5	249.854889
497	64.20758	497	298.6934
497.5	54.2059937	497.5	252.15802
498	71.20862	498	331.409241
498.5	88.2113	498.5	410.5131
499	23.201416	499	107.982719
499.5	36.20331	499.5	168.571426
500	69.7084351	500	324.767517
500.5	9.199341	500.5	42.8145981
501	75.20929	501	349.9404
501.5	58.7067261	501.5	273.1316
502	1.69830322	502	7.899827
502.5	72.2088	502.5	336.1238
503	132.2185	503	615.387939
503.5	87.71124	503.5	408.5239
504	43.2043457	504	201.46196
504.5	83.71063	504.5	390.0875
505	60.70703	505	282.6356
505.5	43.7044067	505.5	203.465836
506	48.20508	506	224.150391
506.5	33.20288	506.5	154.588074
507	-17.8044434	507	-82.8617859
507.5	33.20288	507.5	154.929825
508	34.703064	508	161.757172
508.5	27.7020264	508.5	129.008926
509	54.7061157	509	255.695114
509.5	75.20929	509.5	350.1517
510	-22.3050537	510	-103.805031
510.5	13.7000122	510.5	63.74711
511	34.2030029	511	159.115051
511.5	35.7032471	511.5	166.124985
512	46.704895	512	216.32048
512.5	54.2059937	512.5	251.648941
513	12.1997681	513	56.9088058
513.5	48.7052	513.5	227.315414
514	83.21051	514	387.996979
514.5	39.2037354	514.5	182.814911
515	43.7044067	515	203.914154
515.5	24.7016	515.5	115.158195
516	14.7001343	516	68.5148239
516.5	6.19891357	516.5	28.889204
517	51.7056274	517	240.80275
517.5	22.7012939	517.5	105.776779
518	-14.8040161	518	-68.97938
518.5	68.70825	518.5	320.668518
519	18.2006836	519	84.82727
519.5	4.69873047	519.5	21.8971024
520	3.69854736	520	17.210638
520.5	15.7003174	520.5	73.1084
521	66.2078857	521	308.4378
521.5	57.2064819	521.5	266.608826
522	89.21149	522	415.917877
522.5	25.20166	522.5	117.491982
523	1.69830322	523	7.920601
523.5	55.2061768	523.5	257.5759
524	49.7053223	524	231.962509
524.5	26.7019043	524.5	124.606781
525	24.7016	525	115.312836
525.5	3.19848633	525.5	14.9304295
526	20.2009277	526	94.30937
526.5	58.206604	526.5	271.8169
527	19.7008667	527	91.97839
527.5	29.7023315	527.5	138.718674
528	-4.8026123	528	-22.44826
528.5	69.20831	528.5	323.113922
529	-30.3061523	529	-141.482239
529.5	14.7001343	529.5	68.59679
530	33.20288	530	154.939758
530.5	17.7005615	530.5	82.47789
531	-18.8045654	531	-87.7035141
531.5	-8.803162	531.5	-41.09243
532	-2.302246	532	-10.7528992
532.5	-2.80236816	532.5	-13.0881691
533	-11.8035889	533	-55.2739754
533.5	-0.302001953	533.5	-1.412361
534	-25.305481	534	-118.26796
534.5	-58.8099365	534.5	-275.252228
535	17.7005615	535	82.79993
535.5	34.703064	535.5	162.354156
536	43.2043457	536	202.341614
536.5	-28.80597	536.5	-134.91507
537	39.7038574	537	185.936264
537.5	22.7012939	537.5	106.317635
538	56.70642	538	265.482819
538.5	18.2006836	538.5	85.21239
539	-22.3050537	539	-104.382843
539.5	41.7041	539.5	195.113251
540	20.2009277	540	94.53666
540.5	-20.80487	540.5	-97.3876953
541	-14.3039551	541	-67.0433044
541.5	13.7000122	541.5	64.10211
542	2.19836426	542	10.2836485
542.5	34.703064	542.5	162.374435
543	38.2036133	543	178.4947
543.5	30.2023926	543.5	141.187943
544	58.206604	544	271.973877
544.5	-5.30267334	544.5	-24.7895241
545	42.7042847	545	199.575348
545.5	15.7003174	545.5	73.33114
546	27.7020264	546	129.51741
546.5	40.20392	546.5	187.782257
547	-28.80597	547	-134.5794
547.5	30.7025146	547.5	143.376556
548	-1.302124	548	-6.07652
548.5	-72.81171	548.5	-339.8246
549	-1.302124	549	-6.07386
549.5	-4.30255127	549.5	-20.06823
550	-7.80303955	550	-36.393486
550.5	-33.80664	550.5	-157.6494
551	7.69915771	551	35.9289246
551.5	-6.30285645	551.5	-29.4182835
552	33.70294	552	157.432449
552.5	24.2015381	552.5	112.9185
553	14.7001343	553	68.5743256
553.5	-31.3062744	553.5	-146.046677
554	-11.3035278	554	-52.7772827
554.5	-13.303833	554.5	-62.09235
555	1.69830322	555	7.92483044
555.5	57.706543	555.5	269.339661
556	10.699585	556	49.9809151
556.5	28.2021484	556.5	131.634048
557	28.70221	557	133.9209
557.5	-6.30285645	557.5	-29.4108448
558	14.2000732	558	66.25104
558.5	-31.3062744	558.5	-146.07634
559	-20.30481	559	-94.6574554
559.5	29.7023315	559.5	138.854736
560	26.2018433	560	122.642616
560.5	23.7014771	560.5	110.573143
561	63.70746	561	297.044739
561.5	0.198059082	561.5	0.923343
562	19.7008667	562	91.8681259
562.5	38.2036133	562.5	178.741913
563	5.1987915	563	24.2570782
563.5	22.2012329	563.5	103.5406
564	42.7042847	564	198.973724
564.5	75.70935	564.5	353.201233
565	53.7059326	565	250.7967
565.5	10.699585	565.5	49.8760376
566	-0.302001953	566	-1.4076699
566.5	6.69897461	566.5	31.2275562
567	-1.802185	567	-8.398542
567.5	4.19866943	567.5	19.58335
568	20.70105	568	96.50981
568.5	-21.8049927	568.5	-101.7618
569	9.699463	569	45.21462
569.5	12.69989	569.5	59.1703529
570	4.69873047	570	21.9017754
570.5	10.699585	570.5	49.8705368
571	-10.8034668	571	-50.32395
571.5	-24.80542	571.5	-115.577675
572	-4.30255127	572	-20.0372868
572.5	-2.302246	572.5	-10.72279
573	71.20862	573	331.45517
573.5	-22.8051147	573.5	-106.37133
574	2.19836426	574	10.2411032
574.5	48.7052	574.5	226.798569
575	65.70776	575	306.002441
575.5	18.7007446	575.5	87.0712
576	-13.803894	576	-64.2646942
576.5	-33.30658	576.5	-155.068115
577	-20.30481	577	-94.48205
577.5	-10.8034668	577.5	-50.2633972
578	-41.3076172	578	-192.1547
578.5	1.19824219	578.5	5.57500935
579	-0.802063	579	-3.73659182
579.5	-11.3035278	579.5	-52.59199
580	53.20587	580	247.473969
580.5	-49.3086548	580.5	-229.360062
581	-7.80303955	581	-36.2914658
581.5	-8.803162	581.5	-40.9453
582	-21.3049316	582	-99.09886
582.5	30.2023926	582.5	140.364914
583	19.7008667	583	91.6025162
583.5	-41.80768	583.5	-194.454636
584	45.20465	584	210.148651
584.5	-13.803894	584.5	-64.19493
585	-31.3062744	585	-145.561752
585.5	13.7000122	585.5	63.7005272
586	37.20343	586	172.94928
586.5	-24.80542	586.5	-115.3096
587	-7.30297852	587	-33.94885
587.5	-23.8052368	587.5	-110.698647
588	-42.30774	588	-196.7533
588.5	7.19909668	588.5	33.4678421
589	31.2025757	589	145.038437
589.5	-51.80902	589.5	-240.892258
590	-6.30285645	590	-29.3573341
590.5	-0.802063	590.5	-3.73131323
591	31.7026367	591	147.47583
591.5	-6.30285645	591.5	-29.3141
592	25.20166	592	117.19519
592.5	-38.30725	592.5	-178.1622
593	-15.8041382	593	-73.4994
593.5	18.7007446	593.5	87.0310059
594	-21.8049927	594	-101.495827
594.5	75.70935	594.5	355.859863
595	51.7056274	595	241.137772
595.5	34.2030029	595.5	159.266
596	15.7003174	596	73.03989
596.5	-40.8075562	596.5	-189.857483
597	-25.805542	597	-120.027687
597.5	-38.30725	597.5	-178.167877
598	4.19866943	598	19.5339966
598.5	10.1995239	598.5	47.4491577
599	33.70294	599	156.798752
599.5	-28.3058472	599.5	-132.881821
600	-32.3063965	600	-151.125443
600.5	24.2015381	600.5	112.808868
601	-19.3046265	601	-89.8931046
601.5	28.70221	601.5	133.585159
602	-55.30945	602	-257.339539
602.5	-33.80664	602.5	-157.577087
603	1.19824219	603	5.572003
603.5	-15.8041382	603.5	-73.59001
604	-12.30365	604	-57.31078
604.5	1.69830322	604.5	7.90883732
605	-13.803894	605	-64.29302
605.5	8.199219	605.5	38.2053833
606	2.19836426	606	10.24205
606.5	-59.81006	606.5	-278.628784
607	-23.8052368	607	-110.928093
607.5	36.70337	607.5	171.007965
608	3.69854736	608	17.2398319
608.5	19.2008057	608.5	89.51683
609	19.7008667	609	91.97971
609.5	64.20758	609.5	298.892853
610	-34.3067	610	-159.843124
610.5	-17.3043823	610.5	-80.57942
611	43.2043457	611	201.223572
611.5	32.2026978	611.5	149.936142
612	-6.80291748	612	-31.6736755
612.5	-22.3050537	612.5	-103.809822
613	12.69989	613	59.1031265
613.5	-21.3049316	613.5	-99.21575
614	30.2023926	614	140.710159
614.5	32.2026978	614.5	149.965973
615	-8.803162	615	-40.9935951
615.5	0.698181152	615.5	3.250647
616	12.69989	616	59.13882
616.5	-35.3068237	616.5	-164.493
617	20.70105	617	96.37201
617.5	15.7003174	617.5	73.0762
618	-20.30481	618	-94.54145
618.5	38.7036743	618.5	180.239349
619	-59.81006	619	-278.460541
619.5	-20.80487	619.5	-96.8113251
620	-34.3067	620	-159.717667
620.5	3.69854736	620.5	17.2233562
621	36.70337	621	170.908325
621.5	-10.3034058	621.5	-48.08809
622	29.20227	622	136.009125
622.5	21.20111	622.5	98.74384
623	11.199646	623	52.234745
623.5	-30.3061523	623.5	-141.239258
624	-27.8057861	624	-129.4903
624.5	-5.80279541	624.5	-27.02278
625	52.70581	625	245.402374
625.5	-6.80291748	625.5	-31.67165
626	23.201416	626	108.041039
626.5	37.20343	626.5	173.372971
627	-17.3043823	627	-80.7883759
627.5	-44.3080444	627.5	-206.513718
628	-36.3069458	628	-169.287323
628.5	19.2008057	628.5	89.54582
629	-4.8026123	629	-22.390131
629.5	-18.3045044	629.5	-85.4223251
630	-6.30285645	630	-29.3857384
630.5	-2.80236816	630.5	-13.0626154
631	-16.8043213	631	-78.3218
631.5	1.69830322	631.5	7.914968
632	-24.3053589	632	-113.281929
632.5	19.7008667	632.5	91.78452
633	31.2025757	633	145.497162
633.5	5.1987915	633.5	24.2235317
634	-22.3050537	634	-103.943054
634.5	4.19866943	634.5	19.57193
635	-63.8105469	635	-297.4672
635.5	43.7044067	635.5	203.805328
636	3.69854736	636	17.2500763
636.5	-1.802185	636.5	-8.404789
637	2.19836426	637	10.2514877
637.5	-18.8045654	637.5	-87.661705
638	-22.8051147	638	-107.575317
638.5	-34.3067	638.5	-160.5795
639	1.19824219	639	5.597941
639.5	-19.3046265	639.5	-90.1602554
640	-28.80597	640	-134.459091
640.5	-19.3046265	640.5	-90.055
641	59.70685	641	278.69574
641.5	4.19866943	641.5	19.6178379
642	1.19824219	642	5.592061
642.5	38.2036133	642.5	178.189789
643	-24.3053589	643	-113.434814
643.5	-1.802185	643.5	-8.409995
644	-35.8068848	644	-167.065659
644.5	-17.8044434	644.5	-83.03663
645	-29.8060913	645	-138.974
645.5	-40.8075562	645.5	-190.231583
646	7.19909668	646	33.545536
646.5	27.2019653	646.5	126.8162
647	-8.303101	647	-38.682972
647.5	-16.3042	647.5	-75.96057
648	-24.80542	648	-115.534966
648.5	33.20288	648.5	154.662231
649	-15.3040771	649	-71.26078
649.5	-6.80291748	649.5	-31.6950684
650	-32.8064575	650	-152.730972
</Group>
<Group>
RCQCSignal
1
701	
ExCorr	T636070406482199263
X	Y
300	0.214657813
300.5	0.214734852
301	0.214403749
301.5	0.214648634
302	0.214576155
302.5	0.214582264
303	0.214612037
303.5	0.214521229
304	0.214545637
304.5	0.2146433
305	0.214774549
305.5	0.214549452
306	0.214531153
306.5	0.21450597
307	0.214631855
307.5	0.214493781
308	0.214757
308.5	0.214787513
309	0.2148493
309.5	0.214811146
310	0.2147997
310.5	0.214848548
311	0.214773
311.5	0.214846253
312	0.2150904
312.5	0.215294868
313	0.215400159
313.5	0.215500861
314	0.215478748
314.5	0.215419978
315	0.21545431
315.5	0.215481788
316	0.215476453
316.5	0.215439051
317	0.21544975
317.5	0.215412349
318	0.215394825
318.5	0.215388715
319	0.215443641
319.5	0.215362012
320	0.215463489
320.5	0.215484828
321	0.21545279
321.5	0.215495527
322	0.215434492
322.5	0.21545127
323	0.215445161
323.5	0.215413123
324	0.215420753
324.5	0.215378016
325	0.215287238
325.5	0.215222389
326	0.215269685
326.5	0.215048432
327	0.215143025
327.5	0.215014875
328	0.214983582
328.5	0.2149134
329	0.214877546
329.5	0.2149134
330	0.215111762
330.5	0.2149378
331	0.214862287
331.5	0.214845479
332	0.214820325
332.5	0.214795887
333	0.214705855
333.5	0.21470052
334	0.214699775
334.5	0.21444875
335	0.214557856
335.5	0.214554042
336	0.214528114
336.5	0.214528114
337	0.214471638
337.5	0.21451667
338	0.214432746
338.5	0.214275569
339	0.21369037
339.5	0.214205384
340	0.21438542
340.5	0.214399934
341	0.21419394
341.5	0.2144045
342	0.214148164
342.5	0.214357972
343	0.214512855
343.5	0.21444875
344	0.2136446
344.5	0.214346528
345	0.214414418
345.5	0.214485377
346	0.214430451
346.5	0.2143946
347	0.214331269
347.5	0.214084834
348	0.2142336
348.5	0.214396119
349	0.214436561
349.5	0.214449525
350	0.214425117
350.5	0.214061946
351	0.2144396
351.5	0.214400679
352	0.21413517
352.5	0.2143946
353	0.214518189
353.5	0.21457234
354	0.214525044
354.5	0.21464026
355	0.214615852
355.5	0.214630336
356	0.2147257
356.5	0.214710444
357	0.214843959
357.5	0.2148493
358	0.214789033
358.5	0.2148867
359	0.214878291
359.5	0.214924842
360	0.214933217
360.5	0.214814216
361	0.214866847
361.5	0.214966029
362	0.214944661
362.5	0.214935511
363	0.214905769
363.5	0.214954585
364	0.2148638
364.5	0.214914143
365	0.2150408
365.5	0.215049952
366	0.215171278
366.5	0.214867622
367	0.214946955
367.5	0.214978248
368	0.2151438
368.5	0.215282649
369	0.215133131
369.5	0.215166688
370	0.215053767
370.5	0.215171278
371	0.21507436
371.5	0.215220869
372	0.215322345
372.5	0.215315461
373	0.215284944
373.5	0.215312421
374	0.215391755
374.5	0.215353608
375	0.21526283
375.5	0.215242237
376	0.215183467
376.5	0.215292573
377	0.215380311
377.5	0.215414643
378	0.214996547
378.5	0.215183467
379	0.215069026
379.5	0.215222389
380	0.214597523
380.5	0.214990437
381	0.21507743
381.5	0.215157539
382	0.2151545
382.5	0.2151705
383	0.215219349
383.5	0.215053767
384	0.214923322
384.5	0.2152529
385	0.2151644
385.5	0.215163648
386	0.215100318
386.5	0.215192646
387	0.215260535
387.5	0.2155703
388	0.2154406
388.5	0.215445161
389	0.215498567
389.5	0.214644819
390	0.215371162
390.5	0.215587854
391	0.215598524
391.5	0.215598524
392	0.215654969
392.5	0.215664148
393	0.215783149
393.5	0.215754926
394	0.215741187
394.5	0.215749592
395	0.215927362
395.5	0.21582818
396	0.215674818
396.5	0.215798408
397	0.215750337
397.5	0.215947181
398	0.2157763
398.5	0.2158503
399	0.215757221
399.5	0.21577552
400	0.21570915
400.5	0.215683222
401	0.2154795
401.5	0.215502381
402	0.215430677
402.5	0.215381831
403	0.215361238
403.5	0.215490192
404	0.215350568
404.5	0.212815285
405	0.212713808
405.5	0.214422822
406	0.21488592
406.5	0.215020955
407	0.21513617
407.5	0.2151522
408	0.21519798
408.5	0.214171052
409	0.214883626
409.5	0.215152949
410	0.215185016
410.5	0.2152712
411	0.214814961
411.5	0.215295643
412	0.215309352
412.5	0.215351313
413	0.215149134
413.5	0.215307832
414	0.2153643
414.5	0.215316236
415	0.215157539
415.5	0.214905
416	0.21507591
416.5	0.2151232
417	0.214927137
417.5	0.215078175
418	0.215531379
418.5	0.215307087
419	0.2150675
419.5	0.215027064
420	0.215003431
420.5	0.215349048
421	0.215052247
421.5	0.215097249
422	0.215017915
422.5	0.214838624
423	0.214862287
423.5	0.214914143
424	0.215056062
424.5	0.214699775
425	0.214999616
425.5	0.214985877
426	0.2149851
426.5	0.214954585
427	0.214917958
427.5	0.214803517
428	0.214790553
428.5	0.214718074
429	0.214625
429.5	0.214547187
430	0.214523524
430.5	0.214290053
431	0.214369416
431.5	0.214406788
432	0.214370936
432.5	0.2143656
433	0.214308381
433.5	0.214276314
434	0.213833064
434.5	0.214092463
435	0.214242756
435.5	0.214367867
436	0.214491487
436.5	0.214509785
437	0.214458674
437.5	0.21451667
438	0.214552522
438.5	0.214667708
439	0.214784443
439.5	0.214554042
440	0.214702815
440.5	0.214621186
441	0.214720368
441.5	0.214816511
442	0.214968324
442.5	0.214944661
443	0.215010285
443.5	0.214964509
444	0.215054542
444.5	0.215127766
445	0.215133876
445.5	0.2150698
446	0.215171278
446.5	0.214879811
447	0.2152308
447.5	0.2145136
448	0.214802
448.5	0.215120137
449	0.215309352
449.5	0.215362012
450	0.2152445
450.5	0.215236127
451	0.2152178
451.5	0.215210944
452	0.215283424
452.5	0.215218574
453	0.215268165
453.5	0.215177387
454	0.2154879
454.5	0.215183467
455	0.214950025
455.5	0.21507895
456	0.21502021
456.5	0.215046138
457	0.214818776
457.5	0.214808881
458	0.214905
458.5	0.214953065
459	0.21495536
459.5	0.214943916
460	0.21494773
460.5	0.214369416
461	0.214780629
461.5	0.214951545
462	0.214918733
462.5	0.214878291
463	0.214984357
463.5	0.214937031
464	0.214564711
464.5	0.214865327
465	0.21488899
465.5	0.2148554
466	0.2148493
466.5	0.2147814
467	0.214798957
467.5	0.214860737
468	0.214864552
468.5	0.214872181
469	0.215024769
469.5	0.214930177
470	0.214998066
470.5	0.214458674
471	0.214907289
471.5	0.214895844
472	0.2148661
472.5	0.214841664
473	0.214832515
473.5	0.214939326
474	0.214903474
474.5	0.215036213
475	0.214898139
475.5	0.21494925
476	0.214943916
476.5	0.2149874
477	0.214943916
477.5	0.214850843
478	0.2151171
478.5	0.214972913
479	0.214880586
479.5	0.214948475
480	0.21494773
480.5	0.2150164
481	0.214940846
481.5	0.214930952
482	0.214945436
482.5	0.2149157
483	0.214885175
483.5	0.214914143
484	0.214936286
484.5	0.214872181
485	0.214972138
485.5	0.21488899
486	0.214599818
486.5	0.214928657
487	0.214921027
487.5	0.214873731
488	0.21482414
488.5	0.214867622
489	0.214941621
489.5	0.215027064
490	0.215029359
490.5	0.215027064
491	0.214932472
491.5	0.214918733
492	0.21501106
492.5	0.214998841
493	0.214786
493.5	0.214983582
494	0.214962214
494.5	0.214985877
495	0.214957654
495.5	0.2149294
496	0.214869916
496.5	0.214948475
497	0.214961469
497.5	0.214968324
498	0.2148661
498.5	0.214880586
499	0.214862287
499.5	0.21476537
500	0.214641
500.5	0.214864552
501	0.214920253
501.5	0.214939326
502	0.214979768
502.5	0.214827955
503	0.214853883
503.5	0.214702815
504	0.214454085
504.5	0.214594483
505	0.214789033
505.5	0.2147997
506	0.215056837
506.5	0.214782923
507	0.214869142
507.5	0.214309126
508	0.214538008
508.5	0.214729518
509	0.213950545
509.5	0.214790553
510	0.214874476
510.5	0.214911878
511	0.214957654
511.5	0.214917958
512	0.215906
512.5	0.2154032
513	0.214373976
513.5	0.2142626
514	0.214461714
514.5	0.214444935
515	0.214327455
515.5	0.214501411
516	0.214554042
516.5	0.21457541
517	0.214721888
517.5	0.214615077
518	0.214615077
518.5	0.214265645
519	0.214561671
519.5	0.214582264
520	0.214898884
520.5	0.214753926
521	0.214655519
521.5	0.21457082
522	0.214493
522.5	0.214496821
523	0.214415938
523.5	0.21432972
524	0.214281678
524.5	0.214289308
525	0.214213759
525.5	0.214225978
526	0.2141985
526.5	0.214138985
527	0.214190125
527.5	0.214119166
528	0.2139414
528.5	0.214191645
529	0.214204609
529.5	0.214297682
530	0.214295387
530.5	0.214609742
531	0.2144106
531.5	0.214228272
532	0.214104652
532.5	0.214114577
533	0.213546932
533.5	0.2138277
534	0.213967323
534.5	0.213658333
535	0.213775069
535.5	0.213749141
536	0.213521779
536.5	0.213511854
537	0.213534743
537.5	0.2135233
538	0.2135973
538.5	0.213591963
539	0.213685036
539.5	0.213743031
540	0.213683516
540.5	0.213629335
541	0.213353932
541.5	0.213721663
542	0.213772774
542.5	0.213722438
543	0.214032173
543.5	0.213916212
544	0.2140154
544.5	0.213907808
545	0.213975728
545.5	0.214101613
546	0.21388647
546.5	0.214098573
547	0.214044392
547.5	0.214138985
548	0.214287758
548.5	0.2142626
549	0.2143816
549.5	0.214396119
550	0.214407563
550.5	0.2144419
551	0.214288533
551.5	0.214249611
552	0.214078724
552.5	0.214327455
553	0.214367867
553.5	0.214357972
554	0.214174092
554.5	0.21425879
555	0.2143015
555.5	0.2142519
556	0.21407339
556.5	0.214246571
557	0.21432209
557.5	0.214303792
558	0.214337349
558.5	0.214314461
559	0.214508265
559.5	0.213909358
560	0.213643849
560.5	0.214351088
561	0.2144709
561.5	0.214502156
562	0.21444723
562.5	0.213736147
563	0.21432057
563.5	0.214420527
564	0.2146227
564.5	0.214351863
565	0.214141279
565.5	0.214523524
566	0.2145403
566.5	0.214521229
567	0.214583039
567.5	0.214399934
568	0.214496821
568.5	0.2142748
569	0.214520484
569.5	0.21463263
570	0.214536488
570.5	0.214547187
571	0.2146784
571.5	0.214621186
572	0.214727223
572.5	0.214705855
573	0.214836329
573.5	0.21439153
574	0.214660853
574.5	0.214750886
575	0.214729518
575.5	0.2147753
576	0.214797437
576.5	0.214786738
577	0.214906514
577.5	0.214937031
578	0.214970618
578.5	0.214930952
579	0.214650929
579.5	0.214928657
580	0.2149958
580.5	0.214983582
581	0.215010285
581.5	0.214998066
582	0.214986622
582.5	0.2151705
583	0.215069026
583.5	0.214999616
584	0.215107948
584.5	0.215030879
585	0.2150721
585.5	0.215069026
586	0.215111762
586.5	0.215120137
587	0.2151171
587.5	0.215045393
588	0.215029359
588.5	0.215104878
589	0.215133131
589.5	0.215071321
590	0.214694411
590.5	0.214954585
591	0.214968324
591.5	0.21501106
592	0.215040028
592.5	0.215013325
593	0.215024024
593.5	0.214874476
594	0.214836329
594.5	0.212750435
595	0.214423567
595.5	0.214753926
596	0.21495536
596.5	0.2149378
597	0.214996547
597.5	0.215006471
598	0.214941621
598.5	0.21495688
599	0.214943916
599.5	0.213015169
600	0.213772029
600.5	0.214535743
601	0.214750886
601.5	0.214860737
602	0.214927882
602.5	0.2145403
603	0.215046912
603.5	0.21475926
604	0.214682966
604.5	0.214734852
605	0.214702815
605.5	0.214608967
606	0.214641
606.5	0.214658558
607	0.2146006
607.5	0.214629561
608	0.214534968
608.5	0.214493781
609	0.214187056
609.5	0.214818031
610	0.2146273
610.5	0.214749366
611	0.214708149
611.5	0.214776069
612	0.2147814
612.5	0.214864552
613	0.214876771
613.5	0.214733332
614	0.214642555
614.5	0.214733332
615	0.214744776
615.5	0.214782178
616	0.214747071
616.5	0.21464026
617	0.214803517
617.5	0.214848548
618	0.214771479
618.5	0.214734852
619	0.214788258
619.5	0.214901179
620	0.214795887
620.5	0.214740187
621	0.2147547
621.5	0.214261055
622	0.214708149
622.5	0.214708149
623	0.214409858
623.5	0.214573115
624	0.214732558
624.5	0.214737147
625	0.214773
625.5	0.214795142
626	0.2147463
626.5	0.214586079
627	0.21419394
627.5	0.214552522
628	0.214469343
628.5	0.214424342
629	0.214496821
629.5	0.214282423
630	0.2144869
630.5	0.214533448
631	0.214554816
631.5	0.214568526
632	0.214556336
632.5	0.214642555
633	0.214454859
633.5	0.214617372
634	0.214589149
634.5	0.214525044
635	0.214512855
635.5	0.2144419
636	0.214407563
636.5	0.214423567
637	0.214443415
637.5	0.214512855
638	0.211992055
638.5	0.213643074
639	0.2140505
639.5	0.214114577
640	0.2142359
640.5	0.214364827
641	0.214236647
641.5	0.214023024
642	0.214275569
642.5	0.214398414
643	0.214267164
643.5	0.214290828
644	0.2143282
644.5	0.214416713
645	0.214472413
645.5	0.21451512
646	0.214606673
646.5	0.214499116
647	0.214644819
647.5	0.21464026
648	0.21470052
648.5	0.214679927
649	0.214761555
649.5	0.214636445
650	0.214798957
</Group>
</Session>
