<Session>
Acquisition 1 2016-08-29 11:52:14
<Group>
Detector1
2
701		701	
D1 340:300-650	T636070406482217250	D1 340:300-650 [COR]	T636070406482217252
X	Y	X	Y
300	111.81543	300	867.662
300.5	55.3067	300.5	429.4381
301	104.81427	301	813.5337
301.5	91.3121948	301.5	708.469055
302	113.815735	302	882.986938
302.5	40.8045654	302.5	316.401733
303	120.316772	303	933.6457
303.5	154.322388	303.5	1199.7832
304	75.30969	304	584.331848
304.5	104.314209	304.5	808.5089
305	42.80487	305	332.038574
305.5	97.31311	305.5	754.302734
306	69.80884	306	541.1708
306.5	77.81006	306.5	602.7261
307	26.8025513	307	207.524551
307.5	55.3067	307.5	428.1497
308	46.30536	308	358.383423
308.5	53.3063965	308.5	412.584076
309	54.30652	309	420.1106
309.5	124.817505	309.5	964.537048
310	82.81085	310	640.138733
310.5	38.3042	310.5	296.101318
311	80.3104858	311	620.7737
311.5	51.8061523	311.5	400.435822
312	73.80945	312	570.745361
312.5	86.81146	312.5	671.6863
313	79.3103	313	613.3084
313.5	82.31079	313.5	636.9945
314	44.8051147	314	346.7477
314.5	30.8031	314.5	238.3044
315	68.8087158	315	532.4053
315.5	86.3114	315.5	666.620667
316	104.314209	316	805.5334
316.5	65.80829	316.5	507.653473
317	70.30896	317	542.29895
317.5	89.31189	317.5	687.057739
318	51.8061523	318	398.619873
318.5	112.315491	318.5	864.6023
319	69.30878	319	533.051453
319.5	75.80975	319.5	582.3565
320	45.3052368	320	348.015259
320.5	90.31201	320.5	694.3172
321	81.81073	321	629.0001
321.5	85.31122	321.5	655.8358
322	76.80994	322	591.089966
322.5	98.8133545	322.5	760.4087
323	53.8064575	323	413.968658
323.5	44.8051147	323.5	344.83252
324	32.8034058	324	252.622147
324.5	68.8087158	324.5	530.0626
325	64.8081055	325	499.7542
325.5	109.815063	325.5	848.779236
326	89.81195	326	693.0118
326.5	47.30548	326.5	364.402344
327	78.31018	327	602.999268
327.5	69.30878	327.5	534.0417
328	84.81116	328	653.0683
328.5	89.31189	328.5	688.617
329	60.3074341	329	464.9326
329.5	103.814148	329.5	801.0476
330	70.80902	330	545.557251
330.5	82.31079	330.5	634.9832
331	61.3075562	331	473.0851
331.5	55.3067	331.5	426.8552
332	15.3009033	332	118.165962
332.5	65.80829	332.5	507.92807
333	86.3114	333	666.4259
333.5	58.80719	333.5	453.918457
334	53.8064575	334	415.258362
334.5	77.81006	334.5	600.5289
335	83.8110352	335	646.983643
335.5	118.816528	335.5	918.2585
336	66.30835	336	511.931671
336.5	161.323547	336.5	1244.32214
337	196.829712	337	1518.829
337.5	522.898132	337.5	4033.06958
338	1137.08447	338	8772.846
338.5	2141.05176	338.5	16491.9121
339	3535.03467	339	27241.7168
339.5	4712.167	339.5	36359.6836
340	5586.6875	340	43120.8945
340.5	5732.372	340.5	44206.14
341	4941.41943	341	38148.43
341.5	3584.57666	341.5	27693.05
342	2236.10645	342	17268.09
342.5	1063.05811	342.5	8210.997
343	530.399841	343	4097.53027
343.5	183.827454	343.5	1420.90271
344	92.31232	344	713.342957
344.5	111.315308	344.5	859.2856
345	47.805603	345	369.335541
345.5	69.30878	345.5	535.562866
346	81.81073	346	632.075562
346.5	82.31079	346.5	635.9839
347	39.30432	347	303.431427
347.5	81.31061	347.5	628.8688
348	25.8023682	348	199.395233
348.5	31.8032227	348.5	246.2981
349	96.31293	349	744.830444
349.5	55.8067627	349.5	431.349243
350	50.80603	350	392.656525
350.5	-16.20343	350.5	-125.1882
351	87.8116455	351	679.123047
351.5	20.3016357	351.5	156.909668
352	112.315491	352	868.9056
352.5	68.3086548	352.5	528.2267
353	35.803833	353	276.732361
353.5	25.3023071	353.5	195.643188
354	74.30957	354	574.640747
354.5	76.3098755	354.5	590.522034
355	41.8046875	355	323.28186
355.5	62.8078	355.5	485.975952
356	74.80963	356	578.4513
356.5	74.80963	356.5	578.8905
357	120.816833	357	934.1729
357.5	41.8046875	357.5	323.11026
358	45.3052368	358	350.2952
358.5	98.8133545	358.5	763.691345
359	79.3103	359	612.972839
359.5	23.302002	359.5	180.1471
360	130.31842	360	1007.17664
360.5	99.3134155	360.5	767.739
361	69.80884	361	539.6637
361.5	4.29937744	361.5	33.22072
362	72.3092651	362	558.9329
362.5	84.81116	362.5	655.768433
363	66.80841	363	516.3232
363.5	66.80841	363.5	516.479858
364	68.8087158	364	532.0907
364.5	51.30609	364.5	396.362335
365	32.3033447	365	249.527969
365.5	44.3050537	365.5	341.898621
366	113.315674	366	874.18335
366.5	38.80426	366.5	298.577454
367	44.3050537	367	341.120056
367.5	97.81317	367.5	752.6673
368	76.3098755	368	586.918762
368.5	27.8026733	368.5	213.752228
369	34.80371	369	267.545837
369.5	-3.20166016	369.5	-24.5938988
370	62.30774	370	478.4562
370.5	71.80914	370.5	551.3634
371	90.81207	371	696.641541
371.5	43.30493	371.5	332.386749
372	49.3057861	372	378.649933
372.5	85.31122	372.5	655.645
373	80.81055	373	620.524536
373.5	75.80975	373.5	582.1403
374	67.80853	374	520.9291
374.5	54.80664	374.5	420.68158
375	66.30835	375	509.036926
375.5	73.30939	375.5	564.0876
376	40.8045654	376	313.250763
376.5	44.8051147	376.5	344.0198
377	39.8043823	377	305.623474
377.5	22.30188	377.5	171.191757
378	75.80975	378	581.9022
378.5	45.3052368	378.5	348.015259
379	93.3125	379	716.821
379.5	22.30188	379.5	171.368759
380	35.303772	380	271.3534
380.5	34.30359	380.5	263.546478
381	47.30548	381	363.622955
381.5	78.81024	381.5	606.068054
382	11.800415	382	90.716
382.5	73.30939	382.5	563.2766
383	10.3001709	383	79.15938
383.5	20.8016968	383.5	160.0369
384	61.80768	384	475.2404
384.5	111.81543	384.5	859.927
385	51.8061523	385	398.387848
385.5	126.317749	385.5	971.52124
386	73.80945	386	567.617065
386.5	83.31091	386.5	643.516235
387	71.30908	387	549.8286
387.5	117.816345	387.5	906.986755
388	107.814758	388	833.9916
388.5	119.316589	388.5	920.114746
389	122.8172	389	947.074036
389.5	131.818665	389.5	1014.9234
390	178.326477	390	1372.90161
390.5	183.3274	390.5	1411.59314
391	203.330872	391	1565.13525
391.5	230.835876	391.5	1778.38
392	177.3263	392	1365.87939
392.5	159.8233	392.5	1230.65491
393	210.832214	393	1623.3761
393.5	237.837158	393.5	1831.063
394	201.3305	394	1551.37793
394.5	230.835876	394.5	1779.48486
395	246.838867	395	1902.64441
395.5	257.34082	395.5	1984.48376
396	307.350525	396	2372.95483
396.5	278.8449	396.5	2153.04688
397	261.341553	397	2019.19824
397.5	305.85022	397.5	2372.29517
398	254.840332	398	1974.03467
398.5	346.858582	398.5	2684.53516
399	269.343079	399	2084.74536
399.5	322.353516	399.5	2495.75635
400	294.848022	400	2281.95874
400.5	368.3631	400.5	2849.796
401	242.338013	401	1876.6394
401.5	252.839966	401.5	1956.23511
402	299.348938	402	2316.35352
402.5	354.860168	402.5	2746.03174
403	321.353333	403	2485.949
403.5	280.845337	403.5	2170.53638
404	242.838074	404	1876.93665
404.5	284.346	404.5	2197.3894
405	280.3452	405	2166.54224
405.5	283.8459	405.5	2192.47949
406	314.852	406	2433.78125
406.5	309.851	406.5	2394.96851
407	241.837891	407	1865.77966
407.5	257.840881	407.5	1990.92224
408	332.35553	408	2567.19116
408.5	269.8432	408.5	2085.38135
409	244.338379	409	1887.21375
409.5	288.3468	409.5	2226.00415
410	303.849854	410	2349.35962
410.5	241.837891	410.5	1869.94556
411	258.341	411	1995.49646
411.5	233.3363	411.5	1802.39258
412	341.857483	412	2641.85913
412.5	302.349548	412.5	2336.70825
413	246.338745	413	1904.44763
413.5	293.847839	413.5	2272.27051
414	281.84552	414	2179.15161
414.5	355.3603	414.5	2746.64
415	335.856262	415	2596.24146
415.5	308.3507	415.5	2380.94727
416	358.3609	416	2766.62476
416.5	229.8357	416.5	1776.179
417	290.347168	417	2242.624
417.5	372.863953	417.5	2880.33667
418	352.8598	418	2723.47754
418.5	329.354919	418.5	2541.716
419	423.374939	419	3266.92139
419.5	369.36322	419.5	2851.951
420	329.354919	420	2543.99976
420.5	407.3714	420.5	3145.95
421	305.85022	421	2368.14966
421.5	384.3664	421.5	2975.31348
422	345.858337	422	2686.03027
422.5	311.351318	422.5	2410.33862
423	288.3468	423	2228.88647
423.5	333.355774	423.5	2577.38672
424	365.8625	424	2831.77075
424.5	357.360779	424.5	2765.77246
425	331.355347	425	2562.48975
425.5	264.342163	425.5	2044.92847
426	347.8587	426	2691.83765
426.5	322.353516	426.5	2493.32129
427	306.8504	427	2374.541
427.5	292.847656	427.5	2266.268
428	326.854431	428	2527.24438
428.5	307.850647	428.5	2381.01636
429	336.356384	429	2598.67114
429.5	258.841125	429.5	2002.30811
430	275.344238	430	2131.34546
430.5	293.347778	430.5	2269.09253
431	268.843018	431	2082.20776
431.5	227.3352	431.5	1761.6543
432	224.334656	432	1738.40259
432.5	169.825012	432.5	1316.879
433	276.844543	433	2147.12866
433.5	274.344055	433.5	2128.60327
434	211.8324	434	1643.34155
434.5	258.341	434.5	2004.71008
435	255.840515	435	1985.242
435.5	203.831	435.5	1582.22375
436	238.33728	436	1848.83911
436.5	202.830811	436.5	1574.54553
437	235.33667	437	1827.12207
437.5	202.830811	437.5	1576.02856
438	194.8294	438	1511.38733
438.5	164.824158	438.5	1280.12524
439	190.828674	439	1482.51172
439.5	228.83551	439.5	1778.82568
440	179.32666	440	1393.42029
440.5	202.830811	440.5	1576.96472
441	181.827087	441	1414.13562
441.5	192.829041	441.5	1500.34778
442	162.32373	442	1262.5127
442.5	161.823669	442.5	1257.061
443	195.829529	443	1521.32947
443.5	174.3258	443.5	1355.13037
444	268.3429	444	2087.9563
444.5	231.83606	444.5	1803.201
445	192.829041	445	1501.51855
445.5	188.328247	445.5	1465.94373
446	203.330872	446	1583.10413
446.5	196.329651	446.5	1526.9104
447	212.832581	447	1656.2605
447.5	191.328735	447.5	1488.99084
448	181.827087	448	1414.33582
448.5	182.827271	448.5	1423.13977
449	194.329285	449	1511.73218
449.5	175.82605	449.5	1368.23877
450	144.32074	450	1177.43494
450.5	169.324951	450.5	1377.50073
451	140.820129	451	1140.39233
451.5	192.829041	451.5	1555.586
452	152.822144	452	1227.83118
452.5	139.819946	452.5	1122.77881
453	192.328918	453	1541.71057
453.5	182.327209	453.5	1461.09375
454	160.823486	454	1292.00085
454.5	117.316284	454.5	942.452332
455	137.31958	455	1101.57825
455.5	153.822327	455.5	1229.27771
456	136.3194	456	1090.22046
456.5	164.824158	456.5	1317.99658
457	98.31329	457	786.234131
457.5	147.321228	457.5	1175.6449
458	118.816528	458	947.648438
458.5	114.315796	458.5	911.8028
459	143.320557	459	1142.44116
459.5	187.828125	459.5	1496.335
460	124.317444	460	990.7305
460.5	61.80768	460.5	492.372375
461	88.81177	461	706.805664
461.5	60.3074341	461.5	478.681366
462	87.8116455	462	688.5388
462.5	125.817688	462.5	984.740051
463	127.317932	463	995.6083
463.5	75.80975	463.5	592.743652
464	104.314209	464	814.5929
464.5	90.81207	464.5	708.2357
465	86.81146	465	677.2463
465.5	88.31171	465.5	689.0407
466	94.31262	466	736.1075
466.5	88.31171	466.5	688.9164
467	124.317444	467	969.7639
467.5	77.31	467.5	602.9935
468	93.3125	468	727.664734
468.5	54.30652	468.5	423.131866
469	110.815247	469	861.4702
469.5	85.81134	469.5	667.4442
470	57.3070068	470	446.7006
470.5	47.30548	470.5	368.822662
471	37.3040161	471	290.667145
471.5	86.3114	471.5	672.136169
472	88.81177	472	691.8376
472.5	75.80975	472.5	590.0632
473	117.316284	473	913.7313
473.5	31.3031616	473.5	243.817566
474	72.8093262	474	567.201355
474.5	62.30774	474.5	485.6302
475	111.81543	475	873.327942
475.5	86.3114	475.5	672.598633
476	63.8079834	476	496.962219
476.5	61.3075562	476.5	477.467041
477	53.3063965	477	415.273651
477.5	104.81427	477.5	816.9108
478	18.30133	478	142.280258
478.5	107.814758	478.5	838.542053
479	46.80542	479	364.4817
479.5	114.815918	479.5	894.7795
480	23.302002	480	181.466522
480.5	54.80664	480.5	426.2535
481	28.3027344	481	220.29837
481.5	53.3063965	481.5	414.8863
482	83.31091	482	650.1861
482.5	59.807373	482.5	465.5548
483	-1.201416	483	-9.349659
483.5	31.3031616	483.5	243.699142
484	16.8010864	484	130.674576
484.5	103.314087	484.5	804.0328
485	72.8093262	485	566.0363
485.5	71.80914	485.5	557.695435
486	113.815735	486	885.0996
486.5	4.29937744	486.5	33.4336357
487	-14.7032471	487	-114.402405
487.5	41.8046875	487.5	325.179871
488	63.8079834	488	496.322845
488.5	72.3092651	488.5	562.0569
489	41.8046875	489	325.108978
489.5	30.8031	489.5	239.493835
490	61.80768	490	480.4389
490.5	48.3056641	490.5	374.855072
491	34.30359	491	266.577881
491.5	68.3086548	491.5	530.8042
492	145.320862	492	1130.281
492.5	52.8063354	492.5	410.70752
493	57.8070679	493	449.57193
493.5	27.3026123	493.5	212.410675
494	4.79943848	494	37.31478
494.5	77.31	494.5	600.763733
495	56.3068237	495	437.639557
495.5	65.80829	495.5	511.6533
496	7.29980469	496	56.7012329
496.5	67.30847	496.5	523.3769
497	91.8122559	497	713.0042
497.5	15.3009033	497.5	118.875648
498	6.79968262	498	52.8294754
498.5	24.3021851	498.5	188.731262
499	-10.7026978	499	-83.1409
499.5	13.3005981	499.5	103.277519
500	47.30548	500	367.271332
500.5	72.8093262	500.5	564.9037
501	118.816528	501	922.3198
501.5	39.30432	501.5	305.314575
502	39.30432	502	305.204926
502.5	48.3056641	502.5	375.0631
503	59.307312	503	461.101257
503.5	55.8067627	503.5	432.8028
504	37.3040161	504	289.8773
504.5	39.8043823	504.5	309.343872
505	42.80487	505	332.593628
505.5	18.30133	505.5	142.0056
506	53.3063965	506	413.863647
506.5	-11.2027588	506.5	-86.98049
507	38.80426	507	300.9255
507.5	4.79943848	507.5	37.2642174
508	-12.2028809	508	-94.73894
508.5	21.8018188	508.5	169.604141
509	93.3125	509	724.8719
509.5	58.30713	509.5	453.209
510	38.3042	510	297.3013
510.5	80.3104858	510.5	623.8287
511	87.8116455	511	681.935852
511.5	7.79986572	511.5	60.5465622
512	32.3033447	512	251.017334
512.5	-12.7029419	512.5	-98.6437759
513	76.3098755	513	592.340332
513.5	31.8032227	513.5	246.875626
514	69.30878	514	538.0103
514.5	83.31091	514.5	646.621155
515	20.3016357	515	157.663757
515.5	89.31189	515.5	693.409241
516	96.31293	516	747.236145
516.5	6.29962158	516.5	48.9275131
517	-4.201782	517	-32.6178131
517.5	63.8079834	517.5	495.393829
518	63.30786	518	491.63678
518.5	35.803833	518.5	278.069916
519	7.79986572	519	60.5389862
519.5	-1.201416	519.5	-9.320733
520	112.815552	520	875.536865
520.5	65.80829	520.5	510.884949
521	2.7991333	521	21.71614
521.5	40.3045044	521.5	312.588776
522	-12.7029419	522	-98.5177841
522.5	-7.70227051	522.5	-59.76491
523	41.3046265	523	320.493469
523.5	28.8027954	523.5	223.666031
524	26.30243	524	204.335236
524.5	27.8026733	524.5	216.1891
525	2.29907227	525	17.8502712
525.5	71.80914	525.5	557.3891
526	20.8016968	526	161.128952
526.5	34.80371	526.5	270.079041
527	-18.2036743	527	-141.341614
527.5	12.8005371	527.5	99.3838
528	25.8023682	528	200.277054
528.5	27.3026123	528.5	211.923065
529	29.3029175	529	227.306
529.5	18.30133	529.5	141.9431
530	2.7991333	530	21.70658
530.5	26.30243	530.5	203.820358
531	61.80768	531	478.455475
531.5	-43.70703	531.5	-338.834
532	48.8057251	532	378.229553
532.5	27.8026733	532.5	216.111343
533	-5.20196533	533	-40.2843361
533.5	26.30243	533.5	203.544
534	55.3067	534	428.2752
534.5	57.3070068	534.5	443.329346
535	105.314392	535	814.2795
535.5	-4.7019043	535.5	-36.3064156
536	50.30597	536	388.198761
536.5	-5.20196533	536.5	-40.144455
537	-17.2035522	537	-132.6401
537.5	35.803833	537.5	275.868652
538	11.800415	538	90.88984
538.5	10.3001709	538.5	79.35513
539	55.3067	539	426.659027
539.5	37.80414	539.5	291.4195
540	-2.201538	540	-16.9779854
540.5	41.3046265	540.5	318.5223
541	-3.20166016	541	-24.7235374
541.5	1.2989502	541.5	10.0172329
542	17.80127	542	137.439377
542.5	32.8034058	542.5	253.342712
543	28.8027954	543	222.597565
543.5	65.80829	543.5	508.5993
544	25.3023071	544	195.6135
544.5	15.3009033	544.5	118.350449
545	24.3021851	545	187.956848
545.5	25.3023071	545.5	195.614532
546	57.3070068	546	443.14682
546.5	22.30188	546.5	172.5769
547	38.80426	547	300.184875
547.5	-10.7026978	547.5	-82.83424
548	-27.204895	548	-210.558655
548.5	13.3005981	548.5	102.89064
549	51.30609	549	397.078247
549.5	50.80603	549.5	393.110046
550	24.8022461	550	191.903458
550.5	-23.7044067	550.5	-183.537476
551	47.805603	551	369.8923
551.5	20.3016357	551.5	157.131821
552	16.8010864	552	130.0705
552.5	33.3034668	552.5	257.8453
553	49.3057861	553	381.652985
553.5	9.80011	553.5	75.86918
554	55.3067	554	428.4566
554.5	-51.2080078	554.5	-396.299835
555	-28.2050171	555	-218.455734
555.5	18.30133	555.5	141.7243
556	43.30493	556	335.419739
556.5	-3.20166016	556.5	-24.788065
557	-24.2045288	557	-187.3163
557.5	-1.201416	557.5	-9.294607
558	29.3029175	558	226.666443
558.5	89.81195	558.5	694.4276
559	-45.7073364	559	-353.549744
559.5	-4.201782	559.5	-32.52738
560	-7.20220947	560	-55.6996841
560.5	-7.20220947	560.5	-55.709343
561	-8.202332	561	-63.47422
561.5	-26.2047729	561.5	-202.688232
562	5.29949951	562	40.9878159
562.5	24.3021851	562.5	187.982315
563	31.3031616	563	242.068069
563.5	21.3017578	563.5	164.383987
564	-9.202515	564	-70.84726
564.5	35.803833	564.5	277.077576
565	13.8006592	565	106.820381
565.5	5.29949951	565.5	41.0510025
566	-1.201416	566	-9.298792
566.5	-38.70642	566.5	-299.397125
567	8.799988	567	68.11991
567.5	55.3067	567.5	428.054535
568	24.8022461	568	191.82959
568.5	-18.7037964	568.5	-144.714508
569	27.8026733	569	215.175949
569.5	-4.7019043	569.5	-36.4096565
570	35.303772	570	273.218079
570.5	40.8045654	570.5	315.806183
571	-50.7079468	571	-392.6449
571.5	35.303772	571.5	273.341125
572	-10.2026367	572	-78.92546
572.5	-0.701355	572.5	-5.42468166
573	-14.7032471	573	-113.808479
573.5	9.300049	573.5	71.93581
574	26.8025513	574	207.433365
574.5	11.300354	574.5	87.46079
575	17.3012085	575	133.832718
575.5	8.299927	575.5	64.19675
576	13.8006592	576	106.750328
576.5	64.3080444	576.5	497.7029
577	24.8022461	577	192.153534
577.5	6.79968262	577.5	52.7264023
578	13.8006592	578	107.02066
578.5	-39.2064819	578.5	-303.9869
579	-35.2059326	579	-272.893127
579.5	-49.2077637	579.5	-381.214752
580	-5.20196533	580	-40.3305244
580.5	2.7991333	580.5	21.7146053
581	15.8009644	581	122.040405
581.5	27.3026123	581.5	211.241638
582	6.29962158	582	48.82095
582.5	16.3010254	582.5	126.229279
583	17.80127	583	137.943192
583.5	-8.202332	583.5	-63.59183
584	-28.7050781	584	-222.618851
584.5	23.802124	584.5	184.531418
585	-10.2026367	585	-79.07807
585.5	19.3014526	585.5	149.640549
586	-13.703125	586	-106.5115
586.5	12.8005371	586.5	99.36109
587	-13.703125	587	-106.253937
587.5	1.79901123	587.5	13.9399748
588	-37.7063	588	-292.1965
588.5	51.8061523	588.5	401.068085
589	49.8058472	589	385.892181
589.5	-31.2054443	589.5	-241.628021
590	2.7991333	590	21.6748943
590.5	29.8029785	590.5	230.871262
591	-15.2033081	591	-117.732147
591.5	16.8010864	591.5	130.194122
592	15.8009644	592	122.452026
592.5	-46.2073975	592.5	-357.9572
593	-18.2036743	593	-140.923691
593.5	38.80426	593.5	300.225555
594	40.8045654	594	315.132751
594.5	4.29937744	594.5	33.2336769
595	0.79888916	595	6.169001
595.5	4.79943848	595.5	37.06696
596	38.80426	596	299.629272
596.5	2.29907227	596.5	17.7591419
597	7.29980469	597	56.34603
597.5	21.3017578	597.5	164.299576
598	-7.70227051	598	-59.4773865
598.5	15.3009033	598.5	118.2338
599	-14.203186	599	-109.824631
599.5	-12.2028809	599.5	-94.33295
600	-26.2047729	600	-202.625641
600.5	17.80127	600.5	137.643463
601	54.30652	601	420.103851
601.5	-1.201416	601.5	-9.29344749
602	-7.70227051	602	-59.5282745
602.5	-36.2060547	602.5	-280.1295
603	14.3007813	603	110.644623
603.5	-24.2045288	603.5	-187.273651
604	-75.211	604	-582.1795
604.5	-15.7033691	604.5	-121.570885
605	-21.2041016	605	-164.06694
605.5	-50.2078857	605.5	-388.673676
606	-4.7019043	606	-36.39425
606.5	8.299927	606.5	64.2131042
607	12.3004761	607	95.10645
607.5	6.29962158	607.5	48.72199
608	26.30243	608	203.472275
608.5	27.8026733	608.5	215.168976
609	11.300354	609	87.51538
609.5	-20.70404	609.5	-160.222046
610	-9.202515	610	-71.04851
610.5	0.298828125	610.5	2.311145
611	20.8016968	611	161.033646
611.5	11.800415	611.5	91.49138
612	-31.2054443	612	-242.090439
612.5	-7.70227051	612.5	-59.7252922
613	12.8005371	613	99.64406
613.5	-7.20220947	613.5	-55.87259
614	-11.2027588	614	-86.95257
614.5	45.3052368	614.5	351.346069
615	-8.202332	615	-63.5331459
615.5	0.79888916	615.5	6.19212437
616	15.8009644	616	122.402161
616.5	42.80487	616.5	331.354065
617	-38.70642	617	-299.766052
617.5	-3.20166016	617.5	-24.7984257
618	24.3021851	618	188.172073
618.5	-18.7037964	618.5	-144.818192
619	14.8008423	619	114.664055
619.5	10.3001709	619.5	79.74609
620	12.3004761	620	95.2220459
620.5	-3.20166016	620.5	-24.7769051
621	1.2989502	621	10.060133
621.5	-13.2030029	621.5	-102.177208
622	-42.70691	622	-330.343018
622.5	4.29937744	622.5	33.27604
623	-4.7019043	623	-36.3899078
623.5	-5.20196533	623.5	-40.25528
624	16.8010864	624	129.905579
624.5	41.3046265	624.5	319.454651
625	-42.20685	625	-326.413055
625.5	-4.7019043	625.5	-36.37038
626	-7.20220947	626	-55.6960526
626.5	25.3023071	626.5	195.681335
627	10.800293	627	83.51575
627.5	-0.701355	627.5	-5.42730045
628	30.30304	628	234.4205
628.5	-38.20636	628.5	-295.591644
629	12.8005371	629	98.9466248
629.5	31.8032227	629.5	245.971024
630	-8.702393	630	-67.3651657
630.5	-50.2078857	630.5	-388.4587
631	-38.20636	631	-295.727936
631.5	-22.7042847	631.5	-175.7423
632	-9.202515	632	-71.16943
632.5	13.3005981	632.5	102.872231
633	-17.7036133	633	-136.89798
633.5	23.302002	633.5	180.303391
634	25.8023682	634	199.622253
634.5	-35.2059326	634.5	-272.6147
635	21.3017578	635	164.825241
635.5	-40.706665	635.5	-315.140839
636	-9.202515	636	-71.1995239
636.5	-4.201782	636.5	-32.50534
637	13.8006592	637	106.7619
637.5	34.30359	637.5	265.369659
638	-0.701355	638	-5.42612362
638.5	40.8045654	638.5	315.684662
639	5.29949951	639	40.9793739
639.5	68.3086548	639.5	528.0035
640	-49.2077637	640	-380.242462
640.5	-32.2055664	640.5	-248.895325
641	-32.7056274	641	-252.925674
641.5	4.79943848	641.5	37.051918
642	15.8009644	642	122.168686
642.5	66.80841	642.5	516.4182
643	-27.7049561	643	-214.227951
643.5	14.8008423	643.5	114.493713
644	-32.2055664	644	-248.8791
644.5	15.8009644	644.5	122.111794
645	27.8026733	645	214.6207
645.5	4.79943848	645.5	37.0687637
646	23.302002	646	180.010513
646.5	32.8034058	646.5	253.348175
647	-13.2030029	647	-102.003487
647.5	0.298828125	647.5	2.309793
648	25.8023682	648	199.243057
648.5	-0.701355	648.5	-5.41754532
649	-30.7053833	649	-237.287247
649.5	53.3063965	649.5	412.5326
650	3.29925537	650	25.5227585
</Group>
<Group>
RCQCSignal
1
701	
ExCorr	T636070406482217251
X	Y
300	0.140292943
300.5	0.140204459
301	0.14025861
301.5	0.140311271
302	0.140324235
302.5	0.140395939
303	0.140290648
303.5	0.140026689
304	0.1403059
304.5	0.140456975
305	0.140342534
305.5	0.1404463
306	0.140430272
306.5	0.140540153
307	0.140601933
307.5	0.140626371
308	0.140659153
308.5	0.140653819
309	0.140725553
309.5	0.140877366
310	0.140830845
310.5	0.14082855
311	0.140839219
311.5	0.140842289
312	0.1407843
312.5	0.14070037
313	0.140778184
313.5	0.140671372
314	0.140669078
314.5	0.140717149
315	0.1406973
315.5	0.140952915
316	0.1409758
316.5	0.141123027
317	0.1411421
317.5	0.141514421
318	0.1414839
318.5	0.141419053
319	0.141548008
319.5	0.141716629
320	0.141721189
320.5	0.141602933
321	0.141593784
321.5	0.141610563
322	0.141464829
322.5	0.141466379
323	0.141498417
323.5	0.141450346
324	0.141361833
324.5	0.141319126
325	0.141174912
325.5	0.140848368
326	0.141084135
326.5	0.141323686
327	0.141379386
327.5	0.141285539
328	0.141377091
328.5	0.141193986
329	0.14121002
329.5	0.141085654
330	0.141296983
330.5	0.141116947
331	0.141078025
331.5	0.141052842
332	0.140964359
332.5	0.141046733
333	0.1409941
333.5	0.141038358
334	0.141058952
334.5	0.141054362
335	0.141023844
335.5	0.140862882
336	0.141007066
336.5	0.141139835
337	0.14108032
337.5	0.14114517
338	0.141103208
338.5	0.14133209
339	0.141268015
339.5	0.141086429
340	0.141042918
340.5	0.141168058
341	0.141013175
341.5	0.140913218
342	0.140971988
342.5	0.140943736
343	0.140917808
343.5	0.140841514
344	0.140878886
344.5	0.141026914
345	0.140910178
345.5	0.14088425
346	0.140904844
346.5	0.14089492
347	0.1410147
347.5	0.140757591
348	0.140873551
348.5	0.14057067
349	0.140770555
349.5	0.140845329
350	0.140859812
350.5	0.140905589
351	0.140762925
351.5	0.140852958
352	0.140718669
352.5	0.1407797
353	0.140849143
353.5	0.140792668
354	0.140777409
354.5	0.140679
355	0.140775889
355.5	0.140696555
356	0.140791148
356.5	0.140684336
357	0.140794218
357.5	0.140850663
358	0.140798777
358.5	0.1408583
359	0.140855253
359.5	0.140815556
360	0.140859067
360.5	0.140824735
361	0.14082244
361.5	0.14089033
362	0.1408377
362.5	0.140794963
363	0.1408621
363.5	0.140819371
364	0.140780479
364.5	0.140916288
365	0.140933067
365.5	0.141071916
366	0.141114652
366.5	0.1414839
367	0.1413939
367.5	0.141474754
368	0.141542673
368.5	0.141599119
369	0.1416159
369.5	0.141720444
370	0.141770035
370.5	0.141783744
371	0.141911924
371.5	0.141833335
372	0.141757041
372.5	0.141651779
373	0.141773075
373.5	0.14176926
374	0.1417067
374.5	0.141828775
375	0.141808927
375.5	0.141480863
376	0.141808182
376.5	0.141784519
377	0.141784519
377.5	0.141821891
378	0.141827255
378.5	0.141721189
379	0.141714334
379.5	0.141675413
380	0.141634971
380.5	0.141699076
381	0.1416266
381.5	0.141561747
382	0.141611338
382.5	0.141684562
383	0.1416533
383.5	0.141502231
384	0.14158386
384.5	0.141554862
385	0.1415663
385.5	0.141545713
386	0.1415602
386.5	0.140937656
387	0.141189426
387.5	0.141412973
388	0.1407347
388.5	0.141170353
389	0.141175687
389.5	0.141393125
390	0.1414038
390.5	0.141384721
391	0.141428232
391.5	0.1413069
392	0.14133361
392.5	0.141380161
393	0.141384721
393.5	0.1414038
394	0.141278684
394.5	0.141219169
395	0.141234428
395.5	0.1411711
396	0.141003251
396.5	0.1409918
397	0.140901029
397.5	0.140353978
398	0.140539378
398.5	0.140659153
399	0.140649259
399.5	0.140609562
400	0.140661448
400.5	0.140717149
401	0.1405806
401.5	0.14070493
402	0.140688151
402.5	0.1406813
403	0.1407263
403.5	0.140859067
404	0.140848368
404.5	0.140872031
405	0.140867442
405.5	0.140939176
406	0.140834659
406.5	0.140843809
407	0.141107023
407.5	0.140987992
408	0.1409384
408.5	0.140867442
409	0.1409468
409.5	0.141017765
410	0.140797257
410.5	0.140792668
411	0.140937656
411.5	0.140934587
412	0.140870512
412.5	0.140860587
413	0.140814811
413.5	0.140782
414	0.140801847
414.5	0.140848368
415	0.1408293
415.5	0.140987247
416	0.141011655
416.5	0.140868992
417	0.140943736
417.5	0.140926212
418	0.141046733
418.5	0.1410658
419	0.14108184
419.5	0.140992582
420	0.140939176
420.5	0.140968919
421	0.140599668
421.5	0.140636265
422	0.140175462
422.5	0.1406233
423	0.1408354
423.5	0.140803367
424	0.140651524
424.5	0.140661448
425	0.140772074
425.5	0.140725553
426	0.140682042
426.5	0.140746891
427	0.140679777
427.5	0.140674412
428	0.140796483
428.5	0.140754521
429	0.140907139
429.5	0.140730113
430	0.140639335
430.5	0.140739262
431	0.140559226
431.5	0.140485227
432	0.140485227
432.5	0.14039138
433	0.1403662
433.5	0.140308976
434	0.14032957
434.5	0.1402899
435	0.140294462
435.5	0.140244871
436	0.140338719
436.5	0.140237242
437	0.140218943
437.5	0.140105277
438	0.140334159
438.5	0.140169352
439	0.140129685
439.5	0.140047282
440	0.140102983
440.5	0.1400221
441	0.139975548
441.5	0.139915287
442	0.1399687
442.5	0.140142649
443	0.140132725
443.5	0.140044242
444	0.139911473
444.5	0.139965653
445	0.139806181
445.5	0.139856547
446	0.13982296
446.5	0.1399771
447	0.1398924
447.5	0.139885545
448	0.139955729
448.5	0.139855027
449	0.13994199
449.5	0.139896214
450	0.133437067
450.5	0.133817762
451	0.134429663
451.5	0.134946942
452	0.135497808
452.5	0.135568738
453	0.135808319
453.5	0.1358495
454	0.13551
454.5	0.135513812
455	0.135706842
455.5	0.136224121
456	0.1361219
456.5	0.136141717
457	0.136127234
457.5	0.13641867
458	0.136494219
458.5	0.13648659
459	0.136571258
459.5	0.136652142
460	0.1366033
460.5	0.136657476
461	0.136790246
461.5	0.137154162
462	0.138838
462.5	0.139092833
463	0.1392149
463.5	0.1392332
464	0.139407933
464.5	0.139588743
465	0.139545262
465.5	0.139526933
466	0.139480412
466.5	0.139552116
467	0.1395567
467.5	0.139575
468	0.139602482
468.5	0.139720738
469	0.140037358
469.5	0.139963359
470	0.139661223
470.5	0.13962993
471	0.1397154
471.5	0.139796257
472	0.139749736
472.5	0.1398657
473	0.139773369
473.5	0.139768034
474	0.1397444
474.5	0.139675736
475	0.13938275
475.5	0.139700145
476	0.139777184
476.5	0.1397833
477	0.139742851
477.5	0.139678776
478	0.1400305
478.5	0.139970988
479	0.139799327
479.5	0.13969174
480	0.1397917
480.5	0.1399748
481	0.139862657
481.5	0.139873326
482	0.139491856
482.5	0.139851958
483	0.139888585
483.5	0.139835954
484	0.1399687
484.5	0.13988477
485	0.140032023
485.5	0.140173942
486	0.139989287
486.5	0.1399931
487	0.139914513
487.5	0.139954209
488	0.139957249
488.5	0.140054911
489	0.139984727
489.5	0.140018284
490	0.140051872
490.5	0.140287608
491	0.140087724
491.5	0.1400961
492	0.139967173
492.5	0.139970988
493	0.139980137
493.5	0.139930546
494	0.140021324
494.5	0.140093058
495	0.140064836
495.5	0.1400198
496	0.140153319
496.5	0.1400038
497	0.140182316
497.5	0.1401228
498	0.140118986
498.5	0.140180022
499	0.140140355
499.5	0.140200645
500	0.140219718
500.5	0.140312791
501	0.1402426
501.5	0.140144944
502	0.14019528
502.5	0.1402098
503	0.1400221
503.5	0.1403723
504	0.1400961
504.5	0.140079319
505	0.140108317
505.5	0.140301347
506	0.140218943
506.5	0.140212834
507	0.140379936
507.5	0.140211314
508	0.140222758
508.5	0.1399397
509	0.140140355
509.5	0.140057951
510	0.14026013
510.5	0.1401495
511	0.140182316
511.5	0.140243351
512	0.140096873
512.5	0.140190721
513	0.140247166
513.5	0.140241832
514	0.140243351
514.5	0.1402609
515	0.140179276
515.5	0.140218168
516	0.140317351
516.5	0.140167058
517	0.140237242
517.5	0.140219718
518	0.140183836
518.5	0.140171647
519	0.1402609
519.5	0.140322715
520	0.140274644
520.5	0.140230387
521	0.14032194
521.5	0.140366942
522	0.140370011
522.5	0.140299827
523	0.140302092
523.5	0.140190721
524	0.14013198
524.5	0.140003026
525	0.140214354
525.5	0.140250981
526	0.1405432
526.5	0.140287608
527	0.140208274
527.5	0.1402159
528	0.140253276
528.5	0.1402525
529	0.140341014
529.5	0.140363127
530	0.14038375
530.5	0.140485972
531	0.140632451
531.5	0.140426457
532	0.1404753
532.5	0.140053391
533	0.140577525
533.5	0.1406767
534	0.140585154
534.5	0.140723258
535	0.140798777
535.5	0.1409857
536	0.141074985
536.5	0.141067356
537	0.1411978
537.5	0.141290128
538	0.1413405
538.5	0.141303867
539	0.141117692
539.5	0.141222984
540	0.141164243
540.5	0.141170353
541	0.140977323
541.5	0.141165763
542	0.141001731
542.5	0.140959769
543	0.140863627
543.5	0.140860587
544	0.140814036
544.5	0.140744627
545	0.140757591
545.5	0.140813291
546	0.140781224
546.5	0.140683591
547	0.1407263
547.5	0.140659153
548	0.140656114
548.5	0.140727818
549	0.140662223
549.5	0.1406973
550	0.1406996
550.5	0.140601188
551	0.140698075
551.5	0.140653819
552	0.140618742
552.5	0.140609562
553	0.14064163
553.5	0.140621
554	0.140525639
554.5	0.140669078
555	0.140555412
555.5	0.14057982
556	0.140550822
556.5	0.140610337
557	0.140671372
557.5	0.140717149
558	0.140737
558.5	0.140796483
559	0.140740812
559.5	0.140627116
560	0.140765965
560.5	0.140741557
561	0.140677482
561.5	0.140746146
562	0.1407553
562.5	0.140738517
563	0.140778184
563.5	0.141071916
564	0.141406089
564.5	0.140673667
565	0.140646964
565.5	0.140538633
566	0.140653819
566.5	0.140740812
567	0.140634745
567.5	0.140657634
568	0.140753776
568.5	0.140702665
569	0.140662223
569.5	0.140585929
570	0.140668333
570.5	0.1406607
571	0.140592039
571.5	0.140605
572	0.140727818
572.5	0.140749961
573	0.14064467
573.5	0.140742332
574	0.140663743
574.5	0.140657634
575	0.140733927
575.5	0.140749186
576	0.140739262
576.5	0.140662968
577	0.14051649
577.5	0.1403929
578	0.14038375
578.5	0.140406638
579	0.14044553
579.5	0.140523374
580	0.140416533
580.5	0.140331864
581	0.140949845
581.5	0.14070493
582	0.140473008
582.5	0.140585154
583	0.140486747
583.5	0.140417308
584	0.1403723
584.5	0.140420347
585	0.140456229
585.5	0.140418828
586	0.140057951
586.5	0.140247941
587	0.140397459
587.5	0.1404936
588	0.140482932
588.5	0.140620261
589	0.14050734
589.5	0.1405943
590	0.140588969
590.5	0.140531749
591	0.14058134
591.5	0.140485227
592	0.140476048
592.5	0.140528709
593	0.140624076
593.5	0.140707225
594	0.140961289
594.5	0.1408354
595	0.140979618
595.5	0.140957475
596	0.140987247
596.5	0.140933841
597	0.141036838
597.5	0.1411444
598	0.140978068
598.5	0.140883476
599	0.140789628
599.5	0.140826255
600	0.140789628
600.5	0.140792668
601	0.140727818
601.5	0.1407347
602	0.140857548
602.5	0.140704185
603	0.14070648
603.5	0.14070341
604	0.14064008
604.5	0.140620261
605	0.140696555
605.5	0.140627891
606	0.140645444
606.5	0.140713334
607	0.140798032
607.5	0.140758336
608	0.1407263
608.5	0.140666783
609	0.1405699
609.5	0.140675187
610	0.141005546
610.5	0.140759885
611	0.140626371
611.5	0.1404112
612	0.140325755
612.5	0.1403929
613	0.139849663
613.5	0.140330344
614	0.140257865
614.5	0.140377641
615	0.140547
615.5	0.14045316
616	0.140533268
616.5	0.140632451
617	0.1405676
617.5	0.1405516
618	0.1405966
618.5	0.140601933
619	0.140521824
619.5	0.140611112
620	0.140627116
620.5	0.140673667
621	0.140563786
621.5	0.1406706
622	0.140740037
622.5	0.140656114
623	0.140662223
623.5	0.140679
624	0.140797257
624.5	0.140758336
625	0.14076674
625.5	0.140737742
626	0.140775144
626.5	0.14076522
627	0.140783519
627.5	0.140682042
628	0.1407263
628.5	0.140711039
629	0.1408354
629.5	0.140757591
630	0.140633225
630.5	0.1407057
631	0.140646189
631.5	0.140642375
632	0.140765965
632.5	0.140753
633	0.140782773
633.5	0.140693486
634	0.140713334
634.5	0.140588969
635	0.140694261
635.5	0.140619487
636	0.14070648
636.5	0.140722483
637	0.140724
637.5	0.140725553
638	0.140712559
638.5	0.140714854
639	0.1407843
639.5	0.140839219
640	0.1408827
640.5	0.140863627
641	0.140771329
641.5	0.1410147
642	0.140801847
642.5	0.140836179
643	0.140788108
643.5	0.140730888
644	0.1408728
644.5	0.140867442
645	0.141026139
645.5	0.14095062
646	0.1409224
646.5	0.14095673
647	0.140910178
647.5	0.140842289
648	0.140981138
648.5	0.140935361
649	0.140872031
649.5	0.140671372
650	0.140725553
</Group>
</Session>
