<Session>
Acquisition 1 2016-08-24 11:15:37
<Group>
Detector1
2
701		701	
D1 360:300-650	T636070406482206532	D1 360:300-650 [COR]	T636070406482206534
X	Y	X	Y
300	79.31024	300	420.852844
300.5	71.80908	300.5	380.623627
301	25.3021851	301	134.17569
301.5	82.31067	301.5	436.229248
302	55.30658	302	293.250336
302.5	9.299927	302.5	49.27307
303	51.30597	303	271.781433
303.5	86.8114	303.5	460.159119
304	48.305542	304	255.9269
304.5	102.313843	304.5	542.0768
305	41.3045044	305	218.928665
305.5	54.3064575	305.5	287.890625
306	-13.7032471	306	-72.551506
306.5	43.30481	306.5	229.121124
307	103.814087	307	548.2341
307.5	99.8134155	307.5	528.7293
308	77.30994	308	409.715851
308.5	39.3042	308.5	208.4524
309	50.3058472	309	266.8817
309.5	30.3029175	309.5	160.8136
310	25.3021851	310	134.222336
310.5	38.80414	310.5	206.12944
311	17.3010864	311	91.85997
311.5	-6.70227051	311.5	-35.62223
312	58.80713	312	312.898773
312.5	87.31146	312.5	465.174561
313	54.80652	313	292.372925
313.5	69.80878	313.5	372.842346
314	56.3067627	314	300.6605
314.5	22.8018188	314.5	121.865685
315	27.30249	315	146.055618
315.5	61.3074951	315.5	328.12854
316	42.3046875	316	226.484924
316.5	50.80591	316.5	271.9022
317	114.815796	317	615.0686
317.5	84.8111	317.5	454.6033
318	-27.2050781	318	-145.747177
318.5	66.80829	318.5	358.293
319	28.3026123	319	151.781021
319.5	78.81018	319.5	422.7472
320	60.8074341	320	326.277466
320.5	30.3029175	320.5	162.673477
321	48.305542	321	259.3385
321.5	25.8022461	321.5	138.511551
322	82.31067	322	441.4016
322.5	31.8031616	322.5	170.560425
323	26.3023682	323	140.945236
323.5	34.3034668	323.5	183.763779
324	26.80243	324	143.552689
324.5	51.30597	324.5	274.478516
325	28.8026733	325	154.112274
325.5	106.314453	325.5	568.5113
326	21.8016968	326	116.637527
326.5	84.8111	326.5	453.482
327	37.3039551	327	199.328384
327.5	84.3109741	327.5	450.35965
328	90.81201	328	484.723358
328.5	71.30902	328.5	380.554047
329	100.313538	329	535.120239
329.5	-17.2037354	329.5	-91.78323
330	4.29925537	330	22.9331875
330.5	-30.2054443	330.5	-161.084335
331	27.8025513	331	148.4858
331.5	12.800415	331.5	68.34725
332	25.3021851	332	134.891235
332.5	28.3026123	332.5	150.954865
333	14.3006592	333	76.23223
333.5	15.3007813	333.5	81.51046
334	63.80786	334	339.837219
334.5	48.305542	334.5	257.317078
335	38.3040771	335	204.023926
335.5	25.8022461	335.5	137.461655
336	14.3006592	336	76.14518
336.5	50.80591	336.5	270.266846
337	15.8008423	337	84.1370239
337.5	76.8098145	337.5	409.181915
338	-12.203064	338	-64.9914551
338.5	53.8063354	338.5	288.008453
339	71.30902	339	380.4801
339.5	48.805603	339.5	260.1412
340	41.8045654	340	222.610474
340.5	-9.202637	340.5	-49.0013428
341	45.3051147	341	241.191757
341.5	33.8034058	341.5	179.688126
342	5.79943848	342	30.8529186
342.5	5.79943848	342.5	30.8292923
343	27.30249	343	145.13385
343.5	5.29937744	343.5	28.1826534
344	37.8040161	344	200.944611
344.5	49.8057861	344.5	264.6697
345	60.8074341	345	323.012
345.5	68.80859	345.5	365.5727
346	62.3076172	346	331.3115
346.5	82.31067	346.5	437.646484
347	-7.20233154	347	-38.29667
347.5	45.3051147	347.5	240.827545
348	79.31024	348	421.7004
348.5	66.80829	348.5	355.130066
349	82.31067	349	437.527863
349.5	77.30994	349.5	410.866577
350	55.80664	350	296.5929
350.5	79.31024	350.5	421.807556
351	56.8068237	351	302.007263
351.5	26.3023682	351.5	139.804169
352	58.3070068	352	309.90683
352.5	110.315125	352.5	585.880859
353	88.81171	353	472.7476
353.5	52.8062134	353.5	280.773468
354	51.80609	354	275.403625
354.5	97.81311	354.5	519.9366
355	90.81201	355	482.188354
355.5	158.82312	355.5	844.467468
356	358.861084	356	1905.64819
356.5	1117.578	356.5	5936.70459
357	2707.40576	357	14379.3965
357.5	6086.84326	357.5	32324.1523
358	12113.6338	358	64318.8867
358.5	20473.4824	358.5	108732.75
359	28650.6758	359	152127.063
359.5	34398.09	359.5	182652.828
360	35359.4023	360	187767.047
360.5	30820.34	360.5	163628.359
361	23737.83	361	126230.523
361.5	15513.9834	361.5	82413.86
362	8234.714	362	43717.0664
362.5	3468.481	362.5	18417.293
363	1160.59375	363	6161.235
363.5	329.8551	363.5	1750.30969
364	136.8194	364	726.2354
364.5	162.32373	364.5	861.9601
365	88.3116455	365	468.58783
365.5	100.8136	365.5	534.9632
366	96.31287	366	511.337158
366.5	73.80939	366.5	391.8162
367	30.8029785	367	163.546036
367.5	19.30133	367.5	102.479355
368	11.800293	368	62.62798
368.5	18.3012085	368.5	97.2106247
369	7.29962158	369	38.7766037
369.5	41.3045044	369.5	219.5767
370	80.31036	370	426.704224
370.5	60.307312	370.5	317.479523
371	27.30249	371	144.681946
371.5	10.3000488	371.5	54.7890167
372	34.80359	372	185.135422
372.5	36.803833	372.5	195.535675
373	24.802124	373	131.949738
373.5	29.8028564	373.5	158.4818
374	-20.2041016	374	-107.452187
374.5	24.302063	374.5	129.1848
375	28.8026733	375	153.105179
375.5	41.3045044	375.5	219.6646
376	-4.20196533	376	-22.3275681
376.5	22.3017578	376.5	118.521507
377	25.3021851	377	134.4781
377.5	-29.7053833	377.5	-157.883972
378	3.29907227	378	17.5288982
378.5	16.8009644	378.5	89.29052
379	-24.7047119	379	-131.709366
379.5	80.8104858	379.5	429.708862
380	25.3021851	380	134.509354
380.5	34.80359	380.5	184.967392
381	17.8011475	381	94.701004
381.5	52.8062134	381.5	280.9996
382	22.3017578	382	118.687927
382.5	24.802124	382.5	131.975891
383	-12.703125	383	-67.49092
383.5	-6.70227051	383.5	-35.8069038
384	31.30304	384	167.037979
384.5	59.80725	384.5	318.732117
385	38.3040771	385	203.735855
385.5	17.3010864	385.5	92.1386948
386	40.3043823	386	214.6497
386.5	56.8068237	386.5	302.508362
387	55.80664	387	296.967133
387.5	53.3062744	387.5	283.5983
388	-14.7033691	388	-78.22067
388.5	-21.2042236	388.5	-112.773109
389	5.29937744	389	28.1699238
389.5	71.80908	389.5	381.972168
390	8.799866	390	46.7774849
390.5	0.7987671	390.5	4.25027
391	60.8074341	391	323.399872
391.5	13.3004761	391.5	70.69623
392	56.8068237	392	301.276123
392.5	38.80414	392.5	206.4365
393	22.3017578	393	118.627632
393.5	5.79943848	393.5	30.8176231
394	-10.2027588	394	-54.21129
394.5	7.79974365	394.5	41.4468651
395	22.8018188	395	121.184776
395.5	26.80243	395.5	142.4223
396	74.80951	396	397.2124
396.5	-23.2045288	396.5	-123.184647
397	59.30719	397	314.8937
397.5	37.8040161	397.5	200.6649
398	-21.7043457	398	-115.20932
398.5	5.79943848	398.5	30.7895527
399	8.299805	399	44.0247955
399.5	1.29882813	399.5	6.888598
400	37.8040161	400	200.453049
400.5	3.7991333	400.5	20.1406555
401	0.298706055	401	1.58446562
401.5	-48.7078857	401.5	-258.139343
402	-31.2055664	402	-165.291473
402.5	111.815369	402.5	592.6183
403	9.299927	403	49.239502
403.5	-21.2042236	403.5	-112.249367
404	31.8031616	404	168.383957
404.5	56.3067627	404.5	298.2119
405	5.29937744	405	28.1046333
405.5	27.30249	405.5	144.870819
406	-29.7053833	406	-157.659485
406.5	34.3034668	406.5	182.1316
407	-4.70202637	407	-24.9566822
407.5	37.8040161	407.5	200.619217
408	21.3016357	408	112.954262
408.5	11.800293	408.5	62.54497
409	57.3068848	409	303.494415
409.5	50.3058472	409.5	266.355652
410	41.8045654	410	221.364563
410.5	50.3058472	410.5	265.750946
411	3.29907227	411	17.4562359
411.5	61.8075562	411.5	327.111084
412	-22.7044678	412	-120.130013
412.5	-7.20233154	412.5	-38.1015472
413	6.29949951	413	33.31928
413.5	34.80359	413.5	184.172852
414	81.31055	414	430.153931
414.5	14.3006592	414.5	75.640274
415	21.8016968	415	115.286781
415.5	41.3045044	415.5	218.375992
416	29.3027954	416	155.055908
416.5	27.8025513	416.5	147.07579
417	-4.70202637	417	-24.8825016
417.5	36.803833	417.5	194.766037
418	11.800293	418	62.5044823
418.5	-40.70685	418.5	-215.638748
419	55.30658	419	292.944855
419.5	-17.2037354	419.5	-91.2572
420	-45.2073975	420	-240.024139
420.5	72.30914	420.5	384.248352
421	19.8013916	421	105.24929
421.5	45.3051147	421.5	241.106583
422	15.3007813	422	81.41218
422.5	1.79888916	422.5	9.575421
423	45.8051758	423	244.738647
423.5	5.79943848	423.5	31.0781212
424	25.8022461	424	138.270676
424.5	48.305542	424.5	258.7774
425	-2.70172119	425	-14.45652
425.5	31.8031616	425.5	170.114441
426	-24.7047119	426	-131.9736
426.5	6.29949951	426.5	33.637207
427	2.79901123	427	14.9429379
427.5	44.30493	427.5	237.012848
428	-12.203064	428	-65.17237
428.5	36.303772	428.5	193.83403
429	-12.703125	429	-67.7891
429.5	4.79931641	429.5	25.5786514
430	-39.206604	430	-209.010452
430.5	48.805603	430.5	259.8229
431	27.30249	431	145.342667
431.5	4.29925537	431.5	22.8793583
432	52.3061523	432	278.021271
432.5	16.8009644	432.5	89.23486
433	27.8025513	433	147.605347
433.5	-24.20465	433.5	-128.330765
434	26.3023682	434	139.389862
434.5	125.817627	434.5	666.807
435	16.8009644	435	89.04464
435.5	-4.20196533	435.5	-22.2533073
436	-14.7033691	436	-77.87967
436.5	15.3007813	436.5	81.05928
437	0.298706055	437	1.582672
437.5	2.2989502	437.5	12.1725712
438	41.8045654	438	221.537338
438.5	53.3062744	438.5	282.222717
439	23.802002	439	125.985649
439.5	-1.70159912	439.5	-9.01031
440	58.3070068	440	308.714264
440.5	43.30481	440.5	229.2085
441	52.3061523	441	276.921783
441.5	0.298706055	441.5	1.5795157
442	43.30481	442	229.2733
442.5	-1.70159912	442.5	-8.972667
443	-1.20153809	443	-6.34270763
443.5	6.79956055	443.5	35.8921471
444	12.300354	444	64.9275055
444.5	21.3016357	444.5	112.503319
445	83.81091	445	442.511841
445.5	24.302063	445.5	128.298355
446	-30.7055054	446	-162.203964
446.5	-19.20398	446.5	-101.3268
447	-0.701477051	447	-3.70653629
447.5	-1.20153809	447.5	-6.348104
448	54.3064575	448	286.606873
448.5	-13.7032471	448.5	-72.3701
449	31.30304	449	165.307465
449.5	-37.70642	449.5	-199.22937
450	-62.2095947	450	-328.7291
450.5	73.3093262	450.5	379.888123
451	-24.7047119	451	-128.359756
451.5	2.2989502	451.5	12.0077591
452	-2.20166016	452	-11.5321627
452.5	44.30493	452.5	232.592072
453	30.3029175	453	159.34967
453.5	26.80243	453.5	141.208984
454	-22.7044678	454	-119.753616
454.5	-2.70172119	454.5	-14.2583141
455	-47.7077026	455	-251.958939
455.5	19.30133	455.5	101.911819
456	21.8016968	456	115.383072
456.5	4.29925537	456.5	22.7072315
457	14.80072	457	78.15509
457.5	-48.2078247	457.5	-254.607849
458	8.299805	458	43.8744965
458.5	-14.2033081	458.5	-74.99502
459	0.298706055	459	1.57702518
459.5	54.80652	459.5	289.452423
460	57.3068848	460	302.492218
460.5	-18.7039185	460.5	-98.75156
461	33.8034058	461	178.440689
461.5	76.8098145	461.5	405.704651
462	-35.7061768	462	-188.6357
462.5	-16.7036743	462.5	-88.2488861
463	30.3029175	463	160.047165
463.5	-27.2050781	463.5	-143.689377
464	2.79901123	464	14.7816114
464.5	-7.70245361	464.5	-40.6924
465	44.8050537	465	236.6939
465.5	-0.201416016	465.5	-1.06395781
466	17.3010864	466	91.35593
466.5	21.3016357	466.5	112.510529
467	14.3006592	467	75.51291
467.5	8.799866	467.5	46.4388466
468	26.3023682	468	138.83252
468.5	-47.7077026	468.5	-251.472031
469	50.3058472	469	265.516
469.5	-37.20636	469.5	-196.278351
470	2.79901123	470	14.7692385
470.5	7.79974365	470.5	41.1873665
471	35.80371	471	188.957077
471.5	10.3000488	471.5	54.4191
472	15.8008423	472	83.46799
472.5	-1.70159912	472.5	-8.982902
473	-3.7019043	473	-19.54579
473.5	-26.7049561	473.5	-140.946045
474	-21.7043457	474	-114.5015
474.5	-11.7029419	474.5	-61.7469025
475	27.8025513	475	147.220749
475.5	11.800293	475.5	62.859375
476	11.800293	476	62.81523
476.5	0.7987671	476.5	4.258578
477	-21.2042236	477	-113.0656
477.5	-7.70245361	477.5	-41.07402
478	-7.70245361	478	-41.0584259
478.5	13.3004761	478.5	70.87061
479	15.3007813	479	81.5340042
479.5	40.8044434	479.5	217.446915
480	-8.202515	480	-43.7227135
480.5	-4.20196533	480.5	-22.386776
481	-77.71149	481	-413.905029
481.5	-30.7055054	481.5	-163.540787
482	-55.70874	482	-296.585449
482.5	65.3081055	482.5	347.620667
483	4.29925537	483	22.9572716
483.5	-60.70941	483.5	-323.37265
484	-5.2020874	484	-27.6914749
484.5	33.8034058	484.5	179.894775
485	-11.2028809	485	-59.5765724
485.5	-12.203064	485.5	-64.9830551
486	65.3081055	486	347.400665
486.5	49.8057861	486.5	264.950043
487	35.80371	487	190.5761
487.5	-18.7039185	487.5	-99.4647141
488	-9.202637	488	-48.9800224
488.5	-34.2059937	488.5	-181.962784
489	-57.2089233	489	-304.47113
489.5	-19.70404	489.5	-104.836006
490	37.3039551	490	198.497467
490.5	46.8052979	490.5	249.120361
491	5.79943848	491	30.87765
491.5	-19.20398	491.5	-102.15519
492	-12.703125	492	-67.58973
492.5	24.302063	492.5	129.384628
493	35.30365	493	188.039108
493.5	41.3045044	493.5	220.060516
494	37.3039551	494	198.710526
494.5	-3.7019043	494.5	-19.70349
495	23.802002	495	126.566879
495.5	-16.2035522	495.5	-86.17072
496	12.300354	496	65.43375
496.5	7.29962158	496.5	39.0879974
497	-12.203064	497	-65.018364
497.5	-15.20343	497.5	-81.0383148
498	-4.20196533	498	-22.37086
498.5	2.2989502	498.5	12.2349091
499	-26.204895	499	-139.362808
499.5	-43.7072144	499.5	-232.369614
500	29.8028564	500	158.36731
500.5	-12.703125	500.5	-67.51822
501	31.8031616	501	169.055466
501.5	-13.7032471	501.5	-72.821106
502	30.8029785	502	163.7184
502.5	11.3002319	502.5	60.0152473
503	-0.201416016	503	-1.069936
503.5	-20.2041016	503.5	-107.273041
504	-24.20465	504	-128.891541
504.5	-39.206604	504.5	-208.5049
505	-17.2037354	505	-91.36821
505.5	41.8045654	505.5	222.044922
506	4.29925537	506	22.8298988
506.5	20.8015747	506.5	110.243973
507	-34.2059937	507	-181.667938
507.5	-42.7070923	507.5	-226.786072
508	-8.202515	508	-43.55829
508.5	-42.7070923	508.5	-226.685715
509	-42.7070923	509	-227.096436
509.5	-37.70642	509.5	-200.2768
510	-58.7091064	510	-312.086975
510.5	-7.20233154	510.5	-38.2588043
511	-1.20153809	511	-6.381448
511.5	-24.7047119	511.5	-131.26535
512	-53.2084351	512	-282.645752
512.5	2.79901123	512.5	14.8919115
513	13.3004761	513	70.75436
513.5	23.802002	513.5	126.50808
514	44.8050537	514	238.250366
514.5	46.3052368	514.5	246.072952
515	-5.70214844	515	-30.2830524
515.5	25.3021851	515.5	134.394867
516	4.29925537	516	22.8344154
516.5	-26.204895	516.5	-139.472672
517	-31.7056274	517	-168.799164
517.5	-22.7044678	517.5	-120.685555
518	31.8031616	518	169.008942
518.5	25.8022461	518.5	137.17659
519	18.80127	519	99.8462
519.5	-30.2054443	519.5	-160.418961
520	4.29925537	520	22.84433
520.5	-14.2033081	520.5	-75.5223541
521	-2.70172119	521	-14.3478489
521.5	-24.20465	521.5	-128.546967
522	-54.2085571	522	-287.7951
522.5	-33.7059326	522.5	-179.027512
523	-20.2041016	523	-107.370392
523.5	56.3067627	523.5	299.036072
524	43.80487	524	232.509628
524.5	34.3034668	524.5	182.112808
525	17.3010864	525	91.85128
525.5	-3.7019043	525.5	-19.6496563
526	-37.70642	526	-200.207947
526.5	-15.7034912	526.5	-83.32562
527	-35.2061157	527	-186.8832
527.5	41.3045044	527.5	219.2729
528	9.299927	528	49.3422623
528.5	7.29962158	528.5	38.7388
529	10.80011	529	57.44108
529.5	-27.2050781	529.5	-144.27092
530	-60.70941	530	-321.994324
530.5	-47.20764	530.5	-250.341949
531	20.3014526	531	107.644218
531.5	12.800415	531.5	67.8363
532	5.29937744	532	28.24051
532.5	-11.2028809	532.5	-59.56094
533	-0.701477051	533	-3.72232652
533.5	-1.20153809	533.5	-6.367708
534	-59.70929	534	-316.365265
534.5	-13.7032471	534.5	-72.5795
535	39.3042	535	208.084427
535.5	-24.7047119	535.5	-130.773849
536	-25.2047729	536	-133.4352
536.5	-31.2055664	536.5	-165.228439
537	13.3004761	537	70.4069748
537.5	-9.202637	537.5	-48.69538
538	-5.2020874	538	-27.5247536
538.5	-34.2059937	538.5	-181.05162
539	-7.20233154	539	-38.1142769
539.5	-31.7056274	539.5	-167.791336
540	14.3006592	540	75.62602
540.5	1.79888916	540.5	9.511011
541	-11.7029419	541	-61.9161072
541.5	71.80908	541.5	379.41272
542	1.79888916	542	9.500116
542.5	43.30481	542.5	228.749924
543	6.79956055	543	35.9188423
543.5	-28.7052612	543.5	-151.645966
544	10.80011	544	57.0196648
544.5	-32.20569	544.5	-170.045181
545	16.3009033	545	85.84019
545.5	-18.2038574	545.5	-96.1179352
546	-27.70514	546	-146.413162
546.5	-60.20935	546.5	-318.14444
547	-23.2045288	547	-122.621468
547.5	-5.70214844	547.5	-30.1528053
548	50.80591	548	268.648773
548.5	7.79974365	548.5	41.27451
549	28.3026123	549	149.643585
549.5	58.3070068	549.5	313.851654
550	-37.70642	550	-202.88356
550.5	-42.7070923	550.5	-229.446533
551	-33.20587	551	-176.899948
551.5	12.300354	551.5	65.41769
552	-30.7055054	552	-163.314835
552.5	-51.708252	552.5	-274.971039
553	13.3004761	553	70.72908
553.5	-8.702576	553.5	-46.2935753
554	33.8034058	554	179.7732
554.5	-42.7070923	554.5	-227.463516
555	23.802002	555	127.337364
555.5	-9.202637	555.5	-49.0176048
556	27.8025513	556	147.988144
556.5	21.8016968	556.5	115.988678
557	33.3033447	557	177.102341
557.5	29.8028564	557.5	158.4593
558	19.8013916	558	105.342621
558.5	-78.21155	558.5	-415.860382
559	36.303772	559	192.835754
559.5	-55.70874	559.5	-295.909668
560	-20.7041626	560	-110.043007
560.5	12.800415	560.5	68.0022659
561	-2.20166016	561	-11.6991453
561.5	-8.702576	561.5	-46.23009
562	-18.7039185	562	-99.46216
562.5	-9.202637	562.5	-48.9465027
563	-12.703125	563	-67.54204
563.5	-24.7047119	563.5	-131.343842
564	-17.2037354	564	-91.48736
564.5	9.799988	564.5	52.1232071
565	-11.7029419	565	-62.25812
565.5	-8.202515	565.5	-43.6383743
566	-64.20984	566	-341.680634
566.5	-65.71002	566.5	-349.708771
567	34.80359	567	185.180847
567.5	-2.70172119	567.5	-14.38358
568	51.30597	568	273.16925
568.5	-25.2047729	568.5	-134.134033
569	24.302063	569	129.305511
569.5	-30.2054443	569.5	-160.754776
570	0.298706055	570	1.59152329
570.5	-32.20569	570.5	-171.644135
571	2.79901123	571	14.99158
571.5	-44.2072754	571.5	-235.838989
572	25.3021851	572	134.903442
572.5	45.3051147	572.5	241.55809
573	-30.2054443	573	-160.90448
573.5	-40.70685	573.5	-216.749222
574	-33.20587	574	-176.717865
574.5	-13.7032471	574.5	-73.04699
575	8.299805	575	44.11684
575.5	-2.70172119	575.5	-14.3915787
576	-29.2053223	576	-155.4515
576.5	-20.2041016	576.5	-107.48365
577	-42.7070923	577	-227.142365
577.5	-31.7056274	577.5	-168.6698
578	-49.2079468	578	-261.678467
578.5	17.8011475	578.5	94.62807
579	-44.2072754	579	-234.794815
579.5	-32.20569	579.5	-171.096542
580	-44.2072754	580	-235.035263
580.5	-38.2064819	580.5	-202.829956
581	-8.702576	581	-46.211216
581.5	36.303772	581.5	192.680862
582	-2.20166016	582	-11.6828175
582.5	15.8008423	582.5	83.84652
583	1.29882813	583	6.89126
583.5	-18.2038574	583.5	-96.55985
584	-48.7078857	584	-258.407562
584.5	-16.2035522	584.5	-85.97425
585	17.3010864	585	91.69684
585.5	-18.7039185	585.5	-99.2443161
586	-1.20153809	586	-6.36527824
586.5	-70.71063	586.5	-375.13446
587	-32.20569	587	-170.9209
587.5	-0.201416016	587.5	-1.0688194
588	-41.70697	588	-221.3125
588.5	-20.2041016	588.5	-107.227417
589	-20.7041626	589	-109.863884
589.5	-0.201416016	589.5	-1.0683285
590	-16.7036743	590	-88.656395
590.5	-5.70214844	590.5	-30.2373066
591	-10.2027588	591	-54.12796
591.5	-3.20178223	591.5	-16.9754715
592	-35.2061157	592	-186.619446
592.5	-51.20819	592.5	-271.595337
593	-23.70459	593	-125.755028
593.5	-8.202515	593.5	-43.4744
594	8.299805	594	43.9794846
594.5	-43.2071533	594.5	-228.74646
595	-9.202637	595	-48.75782
595.5	-51.20819	595.5	-271.153046
596	-44.7073364	596	-237.276321
596.5	-53.2084351	596.5	-282.598358
597	-39.7067261	597	-210.403
597.5	17.3010864	597.5	91.63513
598	-40.70685	598	-215.562073
598.5	-26.204895	598.5	-138.825058
599	9.799988	599	51.9011459
599.5	74.80951	599.5	396.228271
600	-24.20465	600	-128.13446
600.5	-34.7060547	600.5	-183.762161
601	-15.20343	601	-80.42734
601.5	-56.7088623	601.5	-299.8454
602	-51.708252	602	-273.73056
602.5	-62.2095947	602.5	-329.227539
603	-19.70404	603	-104.293076
603.5	-31.2055664	603.5	-165.118057
604	30.8029785	604	163.067459
604.5	7.29962158	604.5	38.6190376
605	-56.7088623	605	-299.9802
605.5	-21.7043457	605.5	-114.875229
606	-14.7033691	606	-77.761
606.5	6.29949951	606.5	33.3141479
607	-59.70929	607	-315.781647
607.5	32.3032227	607.5	170.85
608	24.302063	608	128.488312
608.5	-44.2072754	608.5	-233.831924
609	-6.70227051	609	-35.4502258
609.5	-13.7032471	609.5	-72.5282
610	5.29937744	610	28.0352
610.5	15.3007813	610.5	81.0103
611	0.7987671	611	4.22599268
611.5	-20.2041016	611.5	-106.907829
612	6.29949951	612	33.3301239
612.5	-1.70159912	612.5	-9.004793
613	-4.70202637	613	-24.8897514
613.5	-9.202637	613.5	-48.7321167
614	-81.7119751	614	-432.673981
614.5	38.80414	614.5	205.437
615	-12.203064	615	-64.61963
615.5	-30.7055054	615.5	-162.673416
616	10.3000488	616	54.51747
616.5	-42.20703	616.5	-223.302414
617	-35.7061768	617	-189.129776
617.5	26.80243	617.5	141.900558
618	-29.2053223	618	-154.834518
618.5	28.3026123	618.5	149.898239
619	-34.7060547	619	-183.674026
619.5	-8.202515	619.5	-43.4427223
620	-4.20196533	620	-22.2386265
620.5	-31.2055664	620.5	-165.100388
621	-21.2042236	621	-112.263794
621.5	-27.70514	621.5	-146.705566
622	-49.7080078	622	-263.190247
622.5	8.299805	622.5	43.9546051
623	-48.2078247	623	-255.1029
623.5	-11.2028809	623.5	-59.30347
624	-32.20569	624	-170.396866
624.5	-37.70642	624.5	-199.566483
625	-35.7061768	625	-189.440811
625.5	-27.70514	625.5	-146.989029
626	-30.2054443	626	-160.188309
626.5	-27.2050781	626.5	-144.24057
627	20.8015747	627	110.127289
627.5	-63.7097778	627.5	-337.289642
628	-28.7052612	628	-151.640778
628.5	-7.70245361	628.5	-40.7858734
629	-27.2050781	629	-144.024277
629.5	-33.20587	629.5	-175.703033
630	12.300354	630	65.08795
630.5	-15.20343	630.5	-80.39464
631	-76.2113	631	-403.1068
631.5	-1.70159912	631.5	-9.008805
632	-37.20636	632	-196.7656
632.5	-33.7059326	632.5	-178.204773
633	-19.20398	633	-101.605782
633.5	-34.7060547	633.5	-183.45871
634	6.29949951	634	33.31429
634.5	-38.2064819	634.5	-202.198364
635	-3.7019043	635	-19.5808487
635.5	-14.7033691	635.5	-77.75035
636	1.79888916	636	9.50914
636.5	34.80359	636.5	183.619232
637	-2.70172119	637	-14.2826557
637.5	-19.70404	637.5	-104.285034
638	-53.7084961	638	-284.054047
638.5	-51.20819	638.5	-270.968445
639	5.29937744	639	28.0385628
639.5	-10.2027588	639.5	-53.97039
640	-15.7034912	640	-83.0396347
640.5	-57.2089233	640.5	-302.602081
641	9.799988	641	51.80854
641.5	-9.702698	641.5	-51.29926
642	-48.2078247	642	-254.845322
642.5	-63.7097778	642.5	-336.98645
643	-49.7080078	643	-262.940125
643.5	4.79931641	643.5	25.3820248
644	22.3017578	644	117.845848
644.5	8.799866	644.5	46.5240936
645	4.29925537	645	22.7151966
645.5	-9.702698	645.5	-51.29377
646	-16.2035522	646	-85.64802
646.5	4.29925537	646.5	22.7191772
647	7.79974365	647	41.2837029
647.5	-34.2059937	647.5	-180.889648
648	57.3068848	648	302.7522
648.5	39.80432	648.5	210.34552
649	-31.7056274	649	-167.47
649.5	10.80011	649.5	57.0635529
650	-0.201416016	650	-1.06414878
</Group>
<Group>
RCQCSignal
1
701	
ExCorr	T636070406482206533
X	Y
300	0.177655429
300.5	0.1778538
301	0.177772135
301.5	0.177877426
302	0.177794278
302.5	0.177930087
303	0.177962124
303.5	0.177847683
304	0.177934647
304.5	0.1779316
305	0.177858353
305.5	0.177829355
306	0.178055972
306.5	0.178176522
307	0.178512961
307.5	0.177965164
308	0.177882016
308.5	0.1777508
309	0.177696615
309.5	0.17764017
310	0.177710354
310.5	0.177466959
311	0.1775524
311.5	0.177370071
312	0.1771763
312.5	0.17694357
313	0.176715463
313.5	0.17650795
314	0.176548362
314.5	0.1763874
315	0.176223367
315.5	0.176136374
316	0.176087558
316.5	0.176149338
317	0.175977677
317.5	0.17587316
318	0.175966233
318.5	0.175780833
319	0.175787717
319.5	0.175744236
320	0.17569083
320.5	0.175609171
321	0.175593913
321.5	0.175610721
322	0.175793052
322.5	0.175780833
323	0.175923526
323.5	0.175977677
324	0.176012009
324.5	0.176213443
325	0.176187485
325.5	0.176292032
326	0.176210374
326.5	0.176308036
327	0.176427066
327.5	0.176483512
328	0.1766155
328.5	0.176647544
329	0.1767208
329.5	0.17670095
330	0.1767292
330.5	0.176771164
331	0.17651403
331.5	0.176555991
332	0.176829129
332.5	0.1767498
333	0.176846683
333.5	0.1769619
334	0.17700386
334.5	0.176973343
335	0.176987827
335.5	0.176951975
336	0.177048862
336.5	0.177215189
337	0.177040488
337.5	0.1769619
338	0.177007675
338.5	0.1761196
339	0.176681876
339.5	0.176864237
340	0.177034378
340.5	0.177045047
341	0.17707786
341.5	0.177345663
342	0.177202225
342.5	0.177338034
343	0.1773426
343.5	0.17726478
344	0.177354038
344.5	0.177400589
345	0.177466959
345.5	0.177438736
346	0.177289963
346.5	0.1773014
347	0.177293
347.5	0.177345663
348	0.177298367
348.5	0.177346408
349	0.177349478
349.5	0.17738381
350	0.17738
350.5	0.177253336
351	0.177322
351.5	0.1773594
352	0.177365482
352.5	0.177502811
353	0.177100748
353.5	0.177299887
354	0.177333444
354.5	0.177347958
355	0.177544028
355.5	0.177300632
356	0.177526474
356.5	0.177464664
357	0.177497476
357.5	0.177518845
358	0.177547842
358.5	0.1775051
359	0.177544773
359.5	0.1775364
360	0.177527249
360.5	0.1775654
361	0.177278519
361.5	0.177460849
362	0.177573025
362.5	0.1775387
363	0.177579135
363.5	0.177659243
364	0.177602768
364.5	0.177531064
365	0.177666873
365.5	0.177653879
366	0.177564621
366.5	0.177585989
367	0.1775547
367.5	0.177553952
368	0.177624911
368.5	0.1774784
369	0.177463919
369.5	0.177333444
370	0.177428812
370.5	0.1790745
371	0.1778965
371.5	0.177225113
372	0.177220523
372.5	0.177437961
373	0.17719841
373.5	0.1772793
374	0.17725715
374.5	0.177341849
375	0.177346408
375.5	0.177262485
376	0.177415073
376.5	0.17738685
377	0.177372366
377.5	0.177368551
378	0.177425772
378.5	0.177381516
379	0.17682457
379.5	0.177285373
380	0.17733115
380.5	0.177381516
381	0.177203745
381.5	0.1771572
382	0.17713812
382.5	0.1771633
383	0.177437216
383.5	0.176455289
384	0.1766651
384.5	0.176891714
385	0.177238077
385.5	0.1770153
386	0.17701149
386.5	0.177028269
387	0.177156448
387.5	0.177196115
388	0.17720452
388.5	0.177254111
389	0.177344888
389.5	0.177225888
390	0.177344888
390.5	0.177167118
391	0.177254111
391.5	0.177357852
392	0.177752316
392.5	0.177203
393	0.177228153
393.5	0.177405179
394	0.177421957
394.5	0.177405924
395	0.177378476
395.5	0.177409
396	0.177547067
396.5	0.177580655
397	0.177550882
397.5	0.177601248
398	0.177598208
398.5	0.177566916
399	0.177725613
399.5	0.1777462
400	0.177788943
400.5	0.17782402
401	0.1777218
401.5	0.177878946
402	0.177975863
402.5	0.177871317
403	0.178051382
403.5	0.178081155
404	0.1780529
404.5	0.177997977
405	0.177756876
405.5	0.177664578
406	0.1776211
406.5	0.1775547
407	0.177614212
407.5	0.17764169
408	0.177782834
408.5	0.177860647
409	0.178006381
409.5	0.178047568
410	0.178030789
410.5	0.1784527
411	0.1781643
411.5	0.178125381
412	0.178171933
412.5	0.17820093
413	0.178233743
413.5	0.17814675
414	0.178197861
414.5	0.178230673
415	0.17827493
415.5	0.178308487
416	0.1781559
416.5	0.178206265
417	0.17814371
417.5	0.17813912
418	0.177975863
418.5	0.177959085
419	0.177979678
419.5	0.1777195
420	0.177555472
420.5	0.177402884
421	0.177360147
421.5	0.177140415
422	0.177175522
422.5	0.177103043
423	0.176437736
423.5	0.175918162
424	0.175916642
424.5	0.175974637
425	0.176179856
425.5	0.176241666
426	0.176470548
426.5	0.176549137
427	0.1765827
427.5	0.176221818
428	0.176516324
428.5	0.176563621
429	0.176656723
429.5	0.176881015
430	0.176836014
430.5	0.1770809
431	0.177087784
431.5	0.177145
432	0.1773594
432.5	0.177492142
433	0.177566916
433.5	0.177806467
434	0.177886575
434.5	0.177877426
435	0.177871317
435.5	0.178007126
436	0.177980423
436.5	0.177946866
437	0.1779232
437.5	0.178043753
438	0.17789194
438.5	0.178059787
439	0.178103268
439.5	0.178031564
440	0.178050637
440.5	0.1781086
441	0.1780636
441.5	0.178278744
442	0.178058267
442.5	0.17877847
443	0.17858392
443.5	0.178591549
444	0.178594619
444.5	0.178495437
445	0.178548068
445.5	0.178567141
446	0.17845729
446.5	0.178667843
447	0.178412259
447.5	0.1784321
448	0.178625882
448.5	0.178502291
449	0.17851451
449.5	0.178419143
450	0.178401589
450.5	0.181921065
451	0.1814389
451.5	0.180487484
452	0.179977834
452.5	0.179571182
453	0.179272115
453.5	0.178933352
454	0.178731948
454.5	0.178628951
455	0.1785
455.5	0.178542733
456	0.178126156
456.5	0.178487808
457	0.178527474
457.5	0.178494662
458	0.178334445
458.5	0.178540438
459	0.178560287
459.5	0.178498477
460	0.178596139
460.5	0.1785534
461	0.17858544
461.5	0.178478628
462	0.178442776
462.5	0.178435922
463	0.178490847
463.5	0.178486258
464	0.178509921
464.5	0.178441256
465	0.17845118
465.5	0.17846337
466	0.178532034
466.5	0.178484
467	0.178531289
467.5	0.1786381
468	0.1786007
468.5	0.178845614
469	0.178610623
469.5	0.178699881
470	0.178659469
470.5	0.17852366
471	0.178625882
471.5	0.178429812
472	0.178459555
472.5	0.178574771
473	0.178546548
473.5	0.178615212
474	0.178696066
474.5	0.178673178
475	0.178030789
475.5	0.176971048
476	0.177095413
476.5	0.1768215
477	0.176795572
477.5	0.176783353
478	0.1768505
478.5	0.176921457
479	0.176910788
479.5	0.176902384
480	0.176855832
480.5	0.176945865
481	0.176996231
481.5	0.176998526
482	0.17707327
482.5	0.177109152
483	0.1765438
483.5	0.176983267
484	0.177096933
484.5	0.177141935
485	0.177269369
485.5	0.177030563
486	0.1772213
486.5	0.1772129
487	0.177108377
487.5	0.177273184
488	0.177122116
488.5	0.177214444
489	0.17713204
489.5	0.177183926
490	0.1771656
490.5	0.177119046
491	0.1770603
491.5	0.177219
492	0.177177817
492.5	0.177067935
493	0.1769909
493.5	0.17694357
494	0.176975638
494.5	0.177117527
495	0.177285373
495.5	0.177267849
496	0.1772129
496.5	0.176050156
497	0.176934421
497.5	0.176860422
498	0.17707175
498.5	0.1771366
499	0.17726174
499.5	0.177318186
500	0.177407444
500.5	0.177365482
501	0.177345663
501.5	0.177396774
502	0.177367777
502.5	0.177502811
503	0.177466214
503.5	0.177553177
504	0.177032858
504.5	0.17726478
505	0.177503586
505.5	0.177485287
506	0.177528769
506.5	0.177877426
507	0.177502066
507.5	0.177526474
508	0.177523434
508.5	0.177605063
509	0.177283853
509.5	0.177486032
510	0.177341074
510.5	0.177468479
511	0.177499771
511.5	0.1774227
512	0.177466959
512.5	0.177187741
513	0.177212149
513.5	0.177367777
514	0.177285373
514.5	0.177396774
515	0.177508175
515.5	0.177482218
516	0.177493662
516.5	0.177122116
517	0.17707023
517.5	0.177351773
518	0.17739448
518.5	0.1773197
519	0.17751503
519.5	0.177504361
520	0.177416623
520.5	0.177293777
521	0.177514255
521.5	0.1775074
522	0.177567691
522.5	0.1774868
523	0.177392185
523.5	0.1775074
524	0.177607358
524.5	0.177573025
525	0.177569211
525.5	0.177602768
526	0.177547067
526.5	0.177663058
527	0.177593619
527.5	0.177579135
528	0.177680582
528.5	0.1776371
529	0.177249521
529.5	0.1777668
530	0.177740872
530.5	0.17776987
531	0.1777935
531.5	0.17788583
532	0.176901609
532.5	0.177315891
533	0.177655429
533.5	0.177882761
534	0.1779232
534.5	0.1779873
535	0.178065121
535.5	0.178089529
536	0.178070456
536.5	0.178043753
537	0.178086489
537.5	0.178157449
538	0.178169638
538.5	0.178106308
539	0.178141415
539.5	0.178133786
540	0.17826426
540.5	0.1783024
541	0.1781849
541.5	0.178421408
542	0.178506881
542.5	0.178465664
543	0.17845881
543.5	0.178447366
544	0.178559512
544.5	0.178545028
545	0.17901957
545.5	0.178541213
546	0.178385556
546.5	0.178409964
547	0.178396255
547.5	0.17827493
548	0.178282559
548.5	0.17814675
549	0.1782986
549.5	0.175136149
550	0.175205588
550.5	0.175468028
551	0.176956564
551.5	0.1772564
552	0.177243412
552.5	0.177277
553	0.177275479
553.5	0.177217484
554	0.17726174
554.5	0.176997751
555	0.176212668
555.5	0.1769863
556	0.1771076
556.5	0.177196115
557	0.177273184
557.5	0.177304447
558	0.177203
558.5	0.177297592
559	0.177477658
559.5	0.177477658
560	0.177367777
560.5	0.1774517
561	0.177409
561.5	0.177460849
562	0.177277744
562.5	0.177243412
563	0.177302927
563.5	0.177316666
564	0.177272409
564.5	0.177244961
565	0.177206039
565.5	0.177197635
566	0.177157968
566.5	0.17713508
567	0.177177042
567.5	0.17707327
568	0.177058011
568.5	0.177142709
569	0.1771763
569.5	0.17713356
570	0.176933676
570.5	0.17688179
571	0.176009744
571.5	0.176708579
572	0.176813126
572.5	0.176809311
573	0.176968753
573.5	0.177047342
574	0.1771389
574.5	0.1768482
575	0.177354813
575.5	0.176974863
576	0.177111417
576.5	0.177205265
577	0.177248
577.5	0.177206039
578	0.1772747
578.5	0.177340329
579	0.177494437
579.5	0.177447885
580	0.177312851
580.5	0.177576065
581	0.177533329
581.5	0.177620322
582	0.177656949
582.5	0.177653879
583	0.177677542
583.5	0.1777241
584	0.177694321
584.5	0.177672952
585	0.177868277
585.5	0.177666873
586	0.17795068
586.5	0.177695841
587	0.177630246
587.5	0.177651614
588	0.177656949
588.5	0.177628726
589	0.177656949
589.5	0.177733243
590	0.177615732
590.5	0.177776724
591	0.1776951
591.5	0.177807242
592	0.177844614
592.5	0.177744687
593	0.177699655
593.5	0.177865982
594	0.177908719
594.5	0.1780659
595	0.177929312
595.5	0.1780346
596	0.177624911
596.5	0.177496731
597	0.177906424
597.5	0.177988052
598	0.178022385
598.5	0.177948385
599	0.178003311
599.5	0.177988052
600	0.17807886
600.5	0.178044528
601	0.17820397
601.5	0.178292483
602	0.17808038
602.5	0.178131491
603	0.178106308
603.5	0.178162783
604	0.17807579
604.5	0.178187966
605	0.178212374
605.5	0.178114712
606	0.178252041
606.5	0.178261191
607	0.178252041
607.5	0.178242117
608	0.178303152
608.5	0.178225338
609	0.178230673
609.5	0.178113192
610	0.178197116
610.5	0.178054452
611	0.1781849
611.5	0.178159714
612	0.178175747
612.5	0.17814064
613	0.178091824
613.5	0.17802316
614	0.1780346
614.5	0.178065121
615	0.1780262
615.5	0.177942276
616	0.178107858
616.5	0.1781849
617	0.177976608
617.5	0.1780613
618	0.177817166
618.5	0.177995682
619	0.178129971
619.5	0.177995682
620	0.178124636
620.5	0.178181857
621	0.178058267
621.5	0.178030014
622	0.178047568
622.5	0.178009421
623	0.17814827
623.5	0.178085715
624	0.178176522
624.5	0.178117752
625	0.1776844
625.5	0.177686691
626	0.177759945
626.5	0.1778042
627	0.1780659
627.5	0.178066641
628	0.178453475
628.5	0.178032309
629	0.178071231
629.5	0.178162009
630	0.178154379
630.5	0.178276449
631	0.178229153
631.5	0.1780613
632	0.178257376
632.5	0.178306222
633	0.178177267
633.5	0.178339034
634	0.178260446
634.5	0.178130746
635	0.178226858
635.5	0.178276449
636	0.178337485
636.5	0.178683877
637	0.178324521
637.5	0.178120047
638	0.1782467
638.5	0.1781559
639	0.178175747
639.5	0.1782139
640	0.17827493
640.5	0.178226113
641	0.178321481
641.5	0.178303927
642	0.178328335
642.5	0.178226858
643	0.178216934
643.5	0.178251266
644	0.178403884
644.5	0.178310782
645	0.178425223
645.5	0.178323
646	0.1783497
646.5	0.17839396
647	0.178107083
647.5	0.17826578
648	0.178442776
648.5	0.17839244
649	0.178475589
649.5	0.178422183
650	0.178431332
</Group>
</Session>
