<Session>
Acquisition 1 2016-08-24 11:44:18
<Group>
Detector1
2
701		701	
D1 370:300-650	T636070406482207223	D1 370:300-650 [COR]	T636070406482207225
X	Y	X	Y
300	17.60083	300	84.80176
300.5	40.104126	300.5	193.188187
301	60.6071777	301	292.793335
301.5	118.11615	301.5	569.3053
302	34.10321	302	164.602219
302.5	47.6052246	302.5	229.506317
303	-26.4052124	303	-127.26506
303.5	64.60773	303.5	311.451019
304	-0.401672363	304	-1.93539345
304.5	55.1063232	304.5	265.56662
305	4.098938	305	19.7499046
305.5	59.1069336	305.5	284.689575
306	48.1052856	306	231.612427
306.5	70.10858	306.5	337.594177
307	21.1013184	307	101.567482
307.5	47.6052246	307.5	229.284637
308	86.611145	308	417.115051
308.5	37.1036377	308.5	178.629318
309	40.104126	309	193.16951
309.5	23.1016235	309.5	111.27076
310	70.10858	310	337.5814
310.5	37.1036377	310.5	178.762863
311	41.60431	311	200.255844
311.5	48.1052856	311.5	231.593933
312	78.6099243	312	378.554565
312.5	103.11377	312.5	496.6597
313	47.1051025	313	226.825409
313.5	31.6028442	313.5	152.073257
314	68.10828	314	327.597656
314.5	38.60388	314.5	185.7436
315	64.107666	315	308.429871
315.5	43.1045532	315.5	207.30394
316	72.60895	316	349.250031
316.5	1.09851074	316.5	5.28434
317	28.102356	317	135.154022
317.5	71.1087646	317.5	342.2954
318	31.1027832	318	149.704
318.5	13.10022	318.5	63.04026
319	40.104126	319	192.965332
319.5	29.6026	319.5	142.300613
320	95.11249	320	457.486664
320.5	32.6030273	320.5	157.155777
321	59.6069946	321	286.635925
321.5	44.1046753	321.5	212.691711
322	43.1045532	322	207.851227
322.5	102.613647	322.5	494.63092
323	43.1045532	323	207.8355
323.5	24.6018677	323.5	118.528671
324	-23.4047852	324	-112.695015
324.5	27.1022339	324.5	130.476471
325	7.59942627	325	36.602
325.5	55.1063232	325.5	265.210083
326	66.60803	326	320.546844
326.5	0.09838867	326.5	0.473654062
327	42.6044922	327	205.114853
327.5	109.114685	327.5	525.3653
328	49.1054077	328	236.502167
328.5	27.1022339	328.5	130.4907
329	24.1018066	329	116.062408
329.5	48.6053467	329.5	234.112427
330	-40.9071045	330	-196.943771
330.5	24.6018677	330.5	118.819115
331	97.11279	331	468.0737
331.5	70.10858	331.5	337.7643
332	12.1000977	332	58.29551
332.5	20.6012573	332.5	99.43425
333	75.109375	333	362.116821
333.5	27.1022339	333.5	130.517563
334	-1.40179443	334	-6.748678
334.5	63.607605	334.5	306.1319
335	68.60834	335	330.3936
335.5	80.11011	335.5	385.8177
336	37.60376	336	181.0515
336.5	49.1054077	336.5	236.22345
337	56.6065674	337	272.102661
337.5	35.6034546	337.5	171.238739
338	40.104126	338	192.95723
338.5	69.60852	338.5	334.875519
339	78.6099243	339	378.440125
339.5	67.1081543	339.5	322.964478
340	52.105896	340	250.798325
340.5	59.6069946	340.5	286.964355
341	52.605957	341	253.405151
341.5	34.10321	341.5	164.235947
342	63.607605	342	306.560242
342.5	46.60504	342.5	224.509827
343	30.1026611	343	145.574966
343.5	12.1000977	343.5	58.3445168
344	51.6057739	344	248.772171
344.5	85.61096	344.5	412.842438
345	33.60315	345	161.979385
345.5	97.612854	345.5	470.610443
346	38.10382	346	183.8527
346.5	31.1027832	346.5	150.213928
347	63.607605	347	306.940674
347.5	127.617676	347.5	616.0386
348	33.10309	348	159.85643
348.5	19.1010742	348.5	92.25011
349	49.1054077	349	236.998688
349.5	32.1029053	349.5	154.98735
350	69.60852	350	335.9195
350.5	41.104248	350.5	198.405029
351	61.10724	351	295.048859
351.5	43.6046143	351.5	210.435028
352	54.1062	352	261.094635
352.5	49.60553	352.5	239.327881
353	32.6030273	353	157.30188
353.5	58.6068726	353.5	282.786835
354	33.60315	354	162.170868
354.5	44.6047363	354.5	215.158417
355	42.10437	355	203.156418
355.5	65.60791	355.5	316.88385
356	46.10498	356	222.78389
356.5	39.6040039	356.5	191.450348
357	59.6069946	357	288.0039
357.5	61.10724	357.5	295.341
358	36.6035767	358	177.013077
358.5	41.104248	358.5	198.678436
359	83.61066	359	404.1121
359.5	77.10968	359.5	372.83728
360	71.1087646	360	343.732117
360.5	56.1064453	360.5	271.27652
361	69.60852	361	336.6035
361.5	61.10724	361.5	295.484161
362	58.10675	362	281.012054
362.5	42.10437	362.5	203.901779
363	94.6123657	363	457.820557
363.5	101.613525	363.5	491.522278
364	93.61224	364	452.67746
364.5	91.11182	364.5	440.84082
365	182.627014	365	883.6484
365.5	395.168823	365.5	1911.53271
366	1019.34363	366	4928.53955
366.5	2724.71851	366.5	13177.4365
367	6586.347	367	31851.918
367.5	13066.9688	367.5	63209.8633
368	23955.207	368	115918.039
368.5	32880.52	368.5	159130
369	40821.42	369	197697.1
369.5	42804.71	369.5	207847.938
370	38608.6133	370	187307.9
370.5	30187.2168	370.5	146388.141
371	20062.5723	371	97161.29
371.5	11533.4883	371.5	55738.4844
372	5227.054	372	25289.61
372.5	1851.698	372.5	8959.0625
373	583.7134	373	2826.002
373.5	174.625671	373.5	845.019043
374	158.1228	374	765.374268
374.5	94.1123047	374.5	455.727631
375	129.117981	375	627.5114
375.5	148.621216	375.5	722.2112
376	57.10663	376	276.633667
376.5	73.60913	376.5	356.676819
377	53.60608	377	259.91684
377.5	36.6035767	377.5	177.330811
378	16.600708	378	80.42804
378.5	60.6071777	378.5	293.631775
379	34.10321	379	165.412384
379.5	27.1022339	379.5	131.361908
380	71.6088257	380	346.842133
380.5	57.10663	380.5	276.631317
381	17.60083	381	85.26051
381.5	13.10022	381.5	63.46144
382	54.1062	382	262.298523
382.5	35.1033936	382.5	170.177277
383	50.10559	383	243.074677
383.5	-1.40179443	383.5	-6.794419
384	63.1075439	384	305.843842
384.5	1.59857178	384.5	7.74570131
385	34.10321	385	165.235611
385.5	29.102478	385.5	140.97171
386	13.6002808	386	65.90476
386.5	99.61316	386.5	483.15625
387	65.10785	387	315.582123
387.5	32.1029053	387.5	155.723373
388	104.113892	388	505.093048
388.5	57.60669	388.5	279.493927
389	60.1070557	389	291.710266
389.5	56.6065674	389.5	274.889221
390	12.6001587	390	61.1816177
390.5	81.11029	390.5	393.701019
391	73.60913	391	357.097717
391.5	68.60834	391.5	332.907928
392	-1.40179443	392	-6.80287075
392.5	-30.9058228	392.5	-149.895081
393	6.099243	393	29.5861931
393.5	56.1064453	393.5	272.214
394	72.10889	394	349.581573
394.5	48.6053467	394.5	235.327881
395	53.1060181	395	258.917175
395.5	36.6035767	395.5	177.923721
396	21.1013184	396	102.515152
396.5	-13.9035034	396.5	-67.54277
397	51.1057129	397	246.068909
397.5	3.098816	397.5	14.802618
398	24.1018066	398	116.199
398.5	30.6027222	398.5	148.1519
399	19.1010742	399	92.6385956
399.5	-21.404541	399.5	-103.939857
400	32.6030273	400	158.367691
400.5	32.1029053	400.5	156.041428
401	37.1036377	401	180.141464
401.5	43.6046143	401.5	212.25679
402	8.599548	402	41.9220924
402.5	10.5998535	402.5	52.0236359
403	40.604187	403	199.297256
403.5	30.6027222	403.5	150.141617
404	10.0997925	404	49.5341721
404.5	7.099365	404.5	34.7973747
405	40.104126	405	196.49054
405.5	-29.9057	405.5	-146.433182
406	-11.9032593	406	-58.25394
406.5	-7.90271	406.5	-38.6662178
407	28.102356	407	136.350555
407.5	11.5999756	407.5	56.58331
408	86.111084	408	420.0076
408.5	66.60803	408.5	324.9642
409	16.600708	409	80.91162
409.5	17.60083	409.5	85.85477
410	53.60608	410	261.499725
410.5	89.61163	410.5	436.944031
411	33.10309	411	161.280914
411.5	44.1046753	411.5	214.9555
412	45.10486	412	219.78627
412.5	57.10663	412.5	278.2104
413	63.607605	413	309.735657
413.5	49.1054077	413.5	239.046539
414	81.61035	414	397.209045
414.5	33.60315	414.5	163.532516
415	42.6044922	415	206.959839
415.5	63.1075439	415.5	306.483551
416	77.60974	416	377.4092
416.5	27.1022339	416.5	131.804657
417	-8.402771	417	-40.8906937
417.5	68.10828	417.5	331.20166
418	14.1003418	418	68.5585251
418.5	13.6002808	418.5	66.105835
419	-2.90203857	419	-14.0916824
419.5	74.10919	419.5	359.9804
420	5.09906	420	24.747488
420.5	23.6016846	420.5	114.686333
421	16.600708	421	80.5481339
421.5	71.6088257	421.5	347.54953
422	65.60791	422	318.3813
422.5	65.10785	422.5	315.891785
423	59.6069946	423	289.103577
423.5	-6.402527	423.5	-31.0571
424	57.10663	424	276.638336
424.5	2.598755	424.5	12.5922947
425	-3.40209961	425	-16.4884624
425.5	-26.4052124	425.5	-128.067383
426	0.5984497	426	2.9059937
426.5	25.1019287	426.5	121.762321
427	43.6046143	427	211.226852
427.5	-15.9038086	427.5	-76.98142
428	-27.4053345	428	-132.634842
428.5	37.60376	428.5	182.02182
429	65.10785	429	315.078827
429.5	-31.4058838	429.5	-151.897781
430	57.60669	430	278.714722
430.5	31.6028442	430.5	153.111221
431	13.10022	431	63.4298325
431.5	-1.40179443	431.5	-6.777323
432	79.61005	432	385.168854
432.5	42.10437	432.5	203.837234
433	70.10858	433	341.12262
433.5	47.6052246	433.5	230.7496
434	32.6030273	434	158.0137
434.5	29.6026	434.5	143.128952
435	-4.90228271	435	-23.80505
435.5	18.6010132	435.5	90.10249
436	-1.90185547	436	-9.212425
436.5	30.1026611	436.5	145.8455
437	65.60791	437	317.50415
437.5	44.1046753	437.5	213.430191
438	48.1052856	438	232.984451
438.5	20.1011963	438.5	97.3989258
439	-2.40197754	439	-11.632618
439.5	15.6005859	439.5	75.56312
440	47.6052246	440	230.4837
440.5	24.6018677	440.5	119.194023
441	-19.9043579	441	-96.42479
441.5	-44.4075928	441.5	-215.092072
442	-0.9017334	442	-4.366905
442.5	10.0997925	442.5	48.8042374
443	32.1029053	443	155.602966
443.5	24.6018677	443.5	119.278152
444	45.10486	444	218.577316
444.5	52.105896	444.5	252.491425
445	17.60083	445	85.3041153
445.5	7.59942627	445.5	36.84972
446	-42.40735	446	-205.358627
446.5	13.6002808	446.5	65.89808
447	20.6012573	447	99.83331
447.5	18.6010132	447.5	90.13331
448	33.60315	448	162.8272
448.5	22.1015015	448.5	107.079048
449	55.1063232	449	267.032959
449.5	60.1070557	449.5	291.148529
450	-27.9053955	450	-135.177643
450.5	-27.4053345	450.5	-132.6091
451	-19.9043579	451	-96.47776
451.5	22.6015625	451.5	109.492989
452	45.10486	452	218.531158
452.5	8.099487	452.5	39.24615
453	6.599304	453	31.98578
453.5	-33.4061279	453.5	-161.808228
454	15.1005249	454	73.16389
454.5	85.61096	454.5	415.844177
455	36.6035767	455	177.349533
455.5	44.1046753	455.5	213.674484
456	75.109375	456	363.613037
456.5	-11.9032593	456.5	-57.63258
457	49.60553	457	240.158173
457.5	-12.9033813	457.5	-62.5787277
458	57.10663	458	276.8172
458.5	-13.4034424	458.5	-64.96135
459	78.1098	459	378.41156
459.5	70.10858	459.5	339.567047
460	-28.9055176	460	-139.970947
460.5	-22.9047241	460.5	-111.004318
461	23.1016235	461	111.896164
461.5	86.611145	461.5	419.7001
462	7.099365	462	34.41328
462.5	-16.40387	462.5	-79.48144
463	-29.9057	463	-144.969635
463.5	33.10309	463.5	160.564148
464	17.100769	464	82.917305
464.5	26.6021118	464.5	128.411
465	-11.9032593	465	-57.6885834
465.5	34.60327	465.5	167.681152
466	41.104248	466	199.304108
466.5	20.6012573	466.5	99.82531
467	3.598877	467	17.4361153
467.5	-3.40209961	467.5	-16.4811516
468	51.6057739	468	249.7915
468.5	3.598877	468.5	17.42603
469	27.1022339	469	131.096008
469.5	7.59942627	469.5	36.79171
470	-6.902588	470	-33.431736
470.5	-2.40197754	470.5	-11.6358109
471	22.1015015	471	107.042885
471.5	41.104248	471.5	199.10379
472	27.6022949	472	133.648987
472.5	19.6011353	472.5	94.89533
473	4.098938	473	19.83949
473.5	4.598999	473.5	22.251318
474	-37.90674	474	-183.465927
474.5	78.6099243	474.5	380.4617
475	-29.9057	475	-144.672485
475.5	-48.40808	475.5	-234.291672
476	-28.4054565	476	-137.429382
476.5	8.099487	476.5	39.3110847
477	6.599304	477	31.973217
477.5	-9.402893	477.5	-45.54316
478	-2.40197754	478	-11.6551046
478.5	58.10675	478.5	281.5795
479	7.59942627	479	36.7946548
479.5	34.10321	479.5	165.101013
480	-0.401672363	480	-1.946012
480.5	30.1026611	480.5	145.836273
481	47.6052246	481	230.673569
481.5	-12.9033813	481.5	-62.5126534
482	71.6088257	482	346.5729
482.5	-21.404541	482.5	-103.606964
483	-16.40387	483	-79.38888
483.5	12.1000977	483.5	58.581913
484	5.599182	484	27.12013
484.5	45.10486	484.5	218.86673
485	-30.9058228	485	-149.838684
485.5	0.5984497	485.5	2.90038276
486	42.10437	486	204.006836
486.5	-35.4064331	486.5	-171.537628
487	-7.90271	487	-38.2828064
487.5	-1.40179443	487.5	-6.790029
488	69.10846	488	334.581726
488.5	-62.4099121	488.5	-302.3632
489	-13.4034424	489	-64.91253
489.5	34.10321	489.5	165.071762
490	5.599182	490	27.08399
490.5	-13.9035034	490.5	-67.32606
491	-0.401672363	491	-1.9440167
491.5	3.098816	491.5	15.0022926
492	82.11041	492	397.566284
492.5	3.598877	492.5	17.4129486
493	48.1052856	493	232.7938
493.5	4.098938	493.5	19.8336334
494	-0.9017334	494	-4.366813
494.5	39.1039429	494.5	189.210037
495	11.0999146	495	52.7840462
495.5	31.1027832	495.5	147.042847
496	-3.40209961	496	-16.5186138
496.5	29.102478	496.5	141.663269
497	-2.40197754	497	-11.6802053
497.5	-18.4041138	497.5	-89.46418
498	11.0999146	498	53.9868126
498.5	31.6028442	498.5	153.67659
499	55.6063843	499	270.343536
499.5	-28.4054565	499.5	-138.167175
500	-34.90631	500	-169.745529
500.5	-7.90271	500.5	-38.3750153
501	-0.401672363	501	-1.94978368
501.5	-6.402527	501.5	-31.0402966
502	12.6001587	502	61.153923
502.5	14.1003418	502.5	68.42858
503	-23.4047852	503	-113.529007
503.5	-27.4053345	503.5	-132.8686
504	-32.4060059	504	-157.13649
504.5	52.105896	504.5	252.58
505	-14.4036255	505	-69.80797
505.5	51.1057129	505.5	247.884583
506	-5.40234375	506	-26.193491
506.5	22.6015625	506.5	109.577209
507	21.60144	507	104.725311
507.5	2.09869385	507.5	10.1781445
508	14.6004028	508	70.87936
508.5	15.6005859	508.5	75.84849
509	31.6028442	509	153.4619
509.5	-5.902466	509.5	-28.84268
510	19.1010742	510	92.70131
510.5	1.09851074	510.5	5.32001448
511	13.6002808	511	65.77139
511.5	6.599304	511.5	31.8752041
512	-62.9099731	512	-303.597229
512.5	-36.4065552	512.5	-175.599075
513	10.5998535	513	51.09987
513.5	39.6040039	513.5	190.917725
514	62.60742	514	301.71698
514.5	-18.9042358	514.5	-92.0337753
515	-13.4034424	515	-64.78151
515.5	9.599731	515.5	46.3103867
516	35.1033936	516	168.926437
516.5	1.59857178	516.5	7.712892
517	-31.4058838	517	-151.6497
517.5	18.1008911	517.5	87.3439
518	12.6001587	518	60.78332
518.5	59.1069336	518.5	285.063019
519	-24.4049683	519	-117.707588
519.5	-12.9033813	519.5	-62.2644
520	60.6071777	520	292.270172
520.5	44.1046753	520.5	212.647919
521	0.09838867	521	0.474598229
521.5	16.600708	521.5	80.11403
522	13.6002808	522	65.6093
522.5	80.61023	522.5	388.946533
523	16.100647	523	77.71973
523.5	-11.4031982	523.5	-55.0450478
524	0.09838867	524	0.475129724
524.5	25.1019287	524.5	121.19548
525	30.1026611	525	145.392929
525.5	29.102478	525.5	140.623123
526	18.6010132	526	89.91831
526.5	45.60492	526.5	220.309067
527	-18.9042358	527	-91.34677
527.5	34.10321	527.5	164.778336
528	52.105896	528	251.6357
528.5	18.6010132	528.5	89.889534
529	35.1033936	529	169.7561
529.5	13.10022	529.5	63.3715134
530	37.60376	530	181.849167
530.5	-44.4075928	530.5	-214.659683
531	4.098938	531	19.8140736
531.5	49.1054077	531.5	237.643661
532	-7.402649	532	-35.77441
532.5	-12.40332	532.5	-59.8760757
533	19.6011353	533	94.79291
533.5	-0.9017334	533.5	-4.36254025
534	27.1022339	534	131.023087
534.5	-45.9077759	534.5	-222.070435
535	18.6010132	535	89.98165
535.5	20.6012573	535.5	100.048462
536	-1.40179443	536	-6.82939529
536.5	13.10022	536.5	63.9075775
537	-29.40564	537	-143.241714
537.5	32.1029053	537.5	156.309677
538	-27.4053345	538	-133.474518
538.5	-8.902832	538.5	-43.3863754
539	-0.401672363	539	-1.95551014
539.5	46.10498	539.5	224.376541
540	1.59857178	540	7.777239
540.5	-45.9077759	540.5	-223.164978
541	16.600708	541	80.71543
541.5	9.09967	541.5	44.21826
542	-31.9059448	542	-155.006561
542.5	-11.9032593	542.5	-57.8131561
543	-19.9043579	543	-96.67793
543.5	-15.4037476	543.5	-74.8011246
544	-39.9069824	544	-193.7003
544.5	-40.4070435	544.5	-196.020477
545	63.607605	545	308.564575
545.5	-22.4046631	545.5	-108.672676
546	58.10675	546	281.806854
546.5	-41.4071655	546.5	-201.7819
547	65.10785	547	317.287567
547.5	-4.90228271	547.5	-23.8167419
548	-27.4053345	548	-133.02211
548.5	3.098816	548.5	15.0431795
549	-4.40222168	549	-21.3625965
549.5	2.09869385	549.5	10.1850767
550	-19.4042969	550	-94.17729
550.5	-21.9046021	550.5	-106.305138
551	40.604187	551	197.035172
551.5	9.09967	551.5	44.14234
552	15.6005859	552	75.69449
552.5	-26.4052124	552.5	-127.992165
553	27.1022339	553	131.3447
553.5	-28.4054565	553.5	-137.691879
554	12.6001587	554	61.10273
554.5	-40.9071045	554.5	-198.542084
555	-1.40179443	555	-6.80621052
555.5	-17.4039917	555.5	-84.46681
556	-9.402893	556	-45.59688
556.5	20.6012573	556.5	99.86496
557	-51.40851	557	-249.310074
557.5	26.10205	557.5	126.596504
558	-3.40209961	558	-16.4949455
558.5	32.6030273	558.5	158.130615
559	-4.40222168	559	-21.3379517
559.5	-12.40332	559.5	-60.08189
560	-7.90271	560	-38.31824
560.5	-72.9111938	560.5	-353.5608
561	48.6053467	561	235.674057
561.5	1.59857178	561.5	7.74897432
562	8.099487	562	39.2936249
562.5	49.60553	562.5	240.558228
563	49.1054077	563	238.300171
563.5	34.10321	563.5	165.3949
564	-26.9052734	564	-130.4293
564.5	-14.4036255	564.5	-69.85784
565	-28.4054565	565	-137.860825
565.5	-4.90228271	565.5	-23.7784729
566	20.6012573	566	100.019234
566.5	42.6044922	566.5	206.896774
567	-42.90741	567	-208.5479
567.5	4.598999	567.5	22.3190079
568	-17.4039917	568	-84.3922
568.5	35.6034546	568.5	172.456451
569	-6.402527	569	-31.03964
569.5	16.100647	569.5	78.08117
570	-63.4100342	570	-308.1731
570.5	-15.4037476	570.5	-74.74386
571	-36.9066162	571	-178.9501
571.5	30.6027222	571.5	148.413086
572	15.6005859	572	75.620285
572.5	6.099243	572.5	29.5545731
573	-28.4054565	573	-137.7367
573.5	-38.4068	573.5	-186.3036
574	-58.4093628	574	-283.250519
574.5	8.099487	574.5	39.3208961
575	10.5998535	575	51.4236145
575.5	-6.902588	575.5	-33.49552
576	6.599304	576	32.0104027
576.5	-3.90216064	576.5	-18.931715
577	7.59942627	577	36.8816833
577.5	-20.90448	577.5	-101.455742
578	-2.90203857	578	-14.0897141
578.5	31.6028442	578.5	153.486588
579	-13.4034424	579	-65.11542
579.5	45.60492	579.5	221.46373
580	18.1008911	580	87.87511
580.5	-18.4041138	580.5	-89.36797
581	-47.40796	581	-230.2946
581.5	14.1003418	581.5	68.4816055
582	9.09967	582	44.1535454
582.5	-29.9057	582.5	-145.266144
583	-3.40209961	583	-16.52519
583.5	-14.4036255	583.5	-69.9338455
584	27.6022949	584	134.063217
584.5	-32.9060669	584.5	-159.826157
585	-30.4057617	585	-147.7515
585.5	-1.40179443	585.5	-6.82035732
586	18.1008911	586	88.11827
586.5	28.102356	586.5	136.981537
587	-25.9051514	587	-126.093643
587.5	45.60492	587.5	222.410049
588	-16.90393	588	-82.59834
588.5	-29.40564	588.5	-143.880844
589	-21.9046021	589	-107.146965
589.5	-11.9032593	589.5	-58.3714867
590	-14.4036255	590	-70.74839
590.5	-12.9033813	590.5	-63.19405
591	-35.4064331	591	-173.255844
591.5	-79.91205	591.5	-391.332581
592	-12.40332	592	-60.7172737
592.5	-32.4060059	592.5	-158.527054
593	-8.902832	593	-43.5130119
593.5	-58.4093628	593.5	-285.415253
594	13.10022	594	63.9949455
594.5	39.6040039	594.5	193.809219
595	-14.9036865	595	-72.73121
595.5	-17.9040527	595.5	-87.39555
596	2.09869385	596	10.2319174
596.5	43.6046143	596.5	212.690033
597	-45.4077148	597	-221.40686
597.5	-12.9033813	597.5	-62.897583
598	-24.4049683	598	-118.945427
598.5	1.59857178	598.5	7.790589
599	-16.90393	599	-82.32026
599.5	-30.4057617	599.5	-148.280411
600	41.60431	600	202.693542
600.5	39.6040039	600.5	192.947372
601	-41.9072876	601	-204.056961
601.5	-3.40209961	601.5	-16.5589161
602	-34.90631	602	-169.918411
602.5	-58.9094238	602.5	-286.8458
603	-6.902588	603	-33.55884
603.5	12.1000977	603.5	58.83421
604	-73.9113159	604	-359.4165
604.5	-54.4088745	604.5	-264.544
605	6.099243	605	29.6519032
605.5	-13.4034424	605.5	-65.12838
606	-10.4030762	606	-50.56072
606.5	-11.4031982	606.5	-55.38464
607	-31.4058838	607	-152.6444
607.5	-20.90448	607.5	-101.729073
608	34.10321	608	165.904846
608.5	-87.4129639	608.5	-425.3681
609	-66.91046	609	-325.73996
609.5	-45.9077759	609.5	-223.95462
610	-26.9052734	610	-131.2112
610.5	34.10321	610.5	166.127487
611	-32.4060059	611	-157.912872
611.5	-31.9059448	611.5	-155.439774
612	8.599548	612	41.89272
612.5	48.6053467	612.5	236.625244
613	-2.40197754	613	-11.6951771
613.5	-92.9136353	613.5	-452.239075
614	-24.90503	614	-121.195183
614.5	-45.9077759	614.5	-223.350479
615	-45.9077759	615	-223.257721
615.5	-48.9081421	615.5	-237.8087
616	-39.40692	616	-192.089981
616.5	-38.90686	616.5	-189.335434
617	-19.4042969	617	-94.38175
617.5	34.10321	617.5	165.894287
618	11.0999146	618	53.96965
618.5	-43.40747	618.5	-211.00882
619	20.6012573	619	100.199905
619.5	-21.404541	619.5	-104.079544
620	-37.90674	620	-184.214462
620.5	-78.91193	620.5	-383.634277
621	4.098938	621	19.9287128
621.5	-27.9053955	621.5	-135.6882
622	-10.4030762	622	-50.56693
622.5	-0.401672363	622.5	-1.95215464
623	26.6021118	623	129.281479
623.5	7.099365	623.5	34.5174332
624	3.598877	624	17.4879665
624.5	-5.902466	624.5	-28.6676712
625	-22.4046631	625	-108.848045
625.5	-1.40179443	625.5	-6.809641
626	-18.4041138	626	-89.37214
626.5	-43.40747	626.5	-210.879211
627	-75.91156	627	-368.828979
627.5	1.59857178	627.5	7.76686239
628	-32.9060669	628	-159.725357
628.5	1.59857178	628.5	7.763113
629	-0.9017334	629	-4.378292
629.5	-4.40222168	629.5	-21.3651276
630	-10.9031372	630	-52.84578
630.5	32.6030273	630.5	158.178772
631	-25.9051514	631	-125.593712
631.5	8.099487	631.5	39.25643
632	-22.9047241	632	-111.0578
632.5	-10.4030762	632.5	-50.4706879
633	16.100647	633	78.0983353
633.5	38.60388	633.5	187.261185
634	-13.4034424	634	-65.0316849
634.5	-21.404541	634.5	-103.818115
635	34.60327	635	167.844223
635.5	-30.4057617	635.5	-147.631424
636	-26.4052124	636	-128.282181
636.5	4.098938	636.5	19.8824444
637	-24.4049683	637	-118.250046
637.5	-20.90448	637.5	-101.275352
638	-55.4089966	638	-268.398743
638.5	21.60144	638.5	104.579445
639	1.09851074	639	5.31763458
639.5	4.598999	639.5	22.262495
640	6.099243	640	29.49464
640.5	44.1046753	640.5	213.172089
641	10.5998535	641	51.2588539
641.5	-18.9042358	641.5	-91.41263
642	-7.402649	642	-35.71858
642.5	-61.40979	642.5	-296.55835
643	62.60742	643	302.413239
643.5	-32.9060669	643.5	-158.914368
644	-38.90686	644	-187.986008
644.5	-26.4052124	644.5	-127.506149
645	19.1010742	645	92.2439041
645.5	44.1046753	645.5	212.854568
646	-24.90503	646	-120.228119
646.5	-31.9059448	646.5	-154.040985
647	9.09967	647	43.9041176
647.5	-20.90448	647.5	-100.874855
648	3.098816	648	14.9502335
648.5	-15.4037476	648.5	-74.33975
649	-16.90393	649	-81.57496
649.5	-62.4099121	649.5	-301.015533
650	15.6005859	650	75.2903442
</Group>
<Group>
RCQCSignal
1
701	
ExCorr	T636070406482207224
X	Y
300	0.18163982
300.5	0.181673378
301	0.181153059
301.5	0.181571156
302	0.181318611
302.5	0.181527644
303	0.18157801
303.5	0.181542158
304	0.181629121
304.5	0.181597859
305	0.181630641
305.5	0.181697786
306	0.18176645
306.5	0.181743562
307	0.181818336
307.5	0.18170315
308	0.181719154
308.5	0.181780189
309	0.181690931
309.5	0.181695521
310	0.181750447
310.5	0.18164438
311	0.181817591
311.5	0.181780964
312	0.181732118
312.5	0.181693971
313	0.181743562
313.5	0.181867927
314	0.181945741
314.5	0.181886256
315	0.181901515
315.5	0.1819694
316	0.181943476
316.5	0.181926668
317	0.181968629
317.5	0.1818046
318	0.181822926
318.5	0.1818626
319	0.181883186
319.5	0.182056367
320	0.181945741
320.5	0.1815559
321	0.181990772
321.5	0.181475013
322	0.181490272
322.5	0.181554347
323	0.181504011
323.5	0.181646675
324	0.181753486
324.5	0.181784
325	0.1817016
325.5	0.181842
326	0.181851923
326.5	0.1817886
327	0.1817779
327.5	0.181762636
328	0.18170923
328.5	0.181764185
329	0.181735933
329.5	0.181694746
330	0.181777149
330.5	0.18120265
331	0.181570381
331.5	0.181652009
332	0.18165049
332.5	0.181317836
333	0.181521565
333.5	0.181726784
334	0.181780964
334.5	0.18183741
335	0.1817306
335.5	0.18171382
336	0.1817657
336.5	0.181923628
337	0.182060957
337.5	0.181958735
338	0.181890815
338.5	0.181912184
339	0.181787074
339.5	0.181845814
340	0.1818214
340.5	0.181782484
341	0.181677967
341.5	0.181722969
342	0.181583345
342.5	0.181668788
343	0.180967659
343.5	0.1814979
344	0.1815429
344.5	0.1814796
345	0.181552827
345.5	0.181521565
346	0.1813766
346.5	0.18120569
347	0.181358278
347.5	0.181294948
348	0.181226283
348.5	0.181206465
349	0.181328535
349.5	0.18127206
350	0.181346834
350.5	0.181307942
351	0.181251466
351.5	0.1813415
352	0.181355983
352.5	0.18139261
353	0.181387275
353.5	0.181372792
354	0.181338459
354.5	0.181428462
355	0.181375831
355.5	0.181191951
356	0.181111842
356.5	0.181036323
357	0.181126356
357.5	0.181072176
358	0.180967659
358.5	0.181058437
359	0.181068361
359.5	0.1809974
360	0.1810447
360.5	0.181001991
361	0.180978328
361.5	0.180984437
362	0.180960774
362.5	0.180712819
363	0.180857033
363.5	0.180921882
364	0.180978328
364.5	0.180873811
365	0.180870742
365.5	0.180918813
366	0.181002736
366.5	0.180956215
367	0.180963844
367.5	0.180914253
368	0.180855483
368.5	0.180829555
369	0.18070519
369.5	0.180230647
370	0.180389345
370.5	0.1804679
371	0.180707484
371.5	0.181087434
372	0.180882961
372.5	0.180879921
373	0.180763185
373.5	0.180852443
374	0.180802077
374.5	0.180727333
375	0.1800727
375.5	0.180094063
376	0.180660933
376.5	0.180609077
377	0.180493861
377.5	0.180643409
378	0.180635
378.5	0.18063578
379	0.180430532
379.5	0.180558711
380	0.180683076
380.5	0.180662483
381	0.180662483
381.5	0.1806556
382	0.1805236
382.5	0.180522084
383	0.180396974
383.5	0.180557191
384	0.180577785
384.5	0.180615157
385	0.180623561
385.5	0.180667818
386	0.180598378
386.5	0.1804313
387	0.1805526
387.5	0.180415273
388	0.180393159
388.5	0.1803779
389	0.18032524
389.5	0.180215389
390	0.180234462
390.5	0.180298537
391	0.1803962
391.5	0.180358052
392	0.180332869
392.5	0.1804412
393	0.180413753
393.5	0.180378646
394	0.180519044
394.5	0.1807563
395	0.17950049
395.5	0.180041432
396	0.180137575
396.5	0.180147469
397	0.181758821
397.5	0.183206141
398	0.18152231
398.5	0.180773854
399	0.180446565
399.5	0.1802215
400	0.180166543
400.5	0.180047542
401	0.180254281
401.5	0.179785073
402	0.179521084
402.5	0.17831257
403	0.178300381
403.5	0.1783782
404	0.17843923
404.5	0.178548336
405	0.17862004
405.5	0.178729922
406	0.178823
406.5	0.178865731
407	0.180371791
407.5	0.179412
408	0.179425716
408.5	0.17937994
409	0.179555416
409.5	0.179412
410	0.179401308
410.5	0.179482192
411	0.17962563
411.5	0.17956382
412	0.179599673
412.5	0.179637074
413	0.179721743
413.5	0.179775149
414	0.179807961
414.5	0.179828554
415	0.1801574
415.5	0.180200875
416	0.179964364
416.5	0.179952174
417	0.179837734
417.5	0.179965883
418	0.179991066
418.5	0.180049062
419	0.180228353
419.5	0.180167317
420	0.18031913
420.5	0.180100173
421	0.180365682
421.5	0.180315316
422	0.180339754
422.5	0.1803756
423	0.180437386
423.5	0.180415273
424	0.1806579
424.5	0.1806106
425	0.180571675
425.5	0.180440456
426	0.180225313
426.5	0.1804168
427	0.180661708
427.5	0.180799812
428	0.18082574
428.5	0.180796742
429	0.180841
429.5	0.180943251
430	0.180882186
430.5	0.180635
431	0.180745631
431.5	0.18101266
432	0.180883735
432.5	0.18077004
433	0.179863662
433.5	0.180549562
434	0.180570155
434.5	0.181002736
435	0.180223763
435.5	0.180668563
436	0.180670112
436.5	0.180631965
437	0.180837959
437.5	0.180847108
438	0.18069604
438.5	0.180613637
439	0.18070671
439.5	0.180681556
440	0.18075785
440.5	0.18063271
441	0.180651784
441.5	0.1806823
442	0.180712074
442.5	0.181108028
443	0.1805549
443.5	0.1805053
444	0.180593044
444.5	0.1806022
445	0.180570155
445.5	0.180480123
446	0.180721968
446.5	0.1806167
447	0.180593044
447.5	0.180606782
448	0.180607527
448.5	0.18063423
449	0.180600673
449.5	0.180673152
450	0.180661708
450.5	0.180860847
451	0.1805526
451.5	0.180648744
452	0.180631191
452.5	0.1806106
453	0.180561
453.5	0.180679262
454	0.180625081
454.5	0.180169612
455	0.180624336
455.5	0.18064034
456	0.180774629
456.5	0.180750966
457	0.18076548
457.5	0.180451125
458	0.180541158
458.5	0.180569381
459	0.180644155
459.5	0.180687636
460	0.180728078
460.5	0.1805793
461	0.18068
461.5	0.1805999
462	0.180541158
462.5	0.180618972
463	0.1805343
463.5	0.180427492
464	0.180490047
464.5	0.181299537
465	0.18057549
465.5	0.180599153
466	0.180490047
466.5	0.180607527
467	0.18063423
467.5	0.180651784
468	0.180802077
468.5	0.180738777
469	0.180924922
469.5	0.1807647
470	0.1806907
470.5	0.180657119
471	0.180695266
471.5	0.180671632
472	0.180743337
472.5	0.180767
473	0.180810481
473.5	0.180879921
474	0.180818886
474.5	0.180821151
475	0.1809051
475.5	0.180818886
476	0.180886
476.5	0.180312276
477	0.180631965
477.5	0.1806846
478	0.180358052
478.5	0.180596083
479	0.180750221
479.5	0.180770814
480	0.180638045
480.5	0.180643409
481	0.180609077
481.5	0.18064186
482	0.180823445
482.5	0.180800557
483	0.180829555
483.5	0.18076241
484	0.1806823
484.5	0.180354238
485	0.18050912
485.5	0.18057397
486	0.180619746
486.5	0.180636525
487	0.180657119
487.5	0.180673927
488	0.18076393
488.5	0.1806373
489	0.18070519
489.5	0.180802852
490	0.1809234
490.5	0.180727333
491	0.180823445
491.5	0.180767745
492	0.180747151
492.5	0.180874556
493	0.180844039
493.5	0.180863887
494	0.180715889
494.5	0.180866927
495	0.1840347
495.5	0.185113519
496	0.180242091
496.5	0.179785848
497	0.179970473
497.5	0.180031508
498	0.179934621
498.5	0.179970473
499	0.180007845
499.5	0.1799201
500	0.179965138
500.5	0.180223018
501	0.180288613
501.5	0.180512935
502	0.180316091
502.5	0.180332869
503	0.180418313
503.5	0.1805076
504	0.1804809
504.5	0.180538863
505	0.180571675
505.5	0.180427492
506	0.180497676
506.5	0.1805099
507	0.18051523
507.5	0.180452645
508	0.180271834
508.5	0.180001765
509	0.180222243
509.5	0.179093838
510	0.1803245
510.5	0.18070671
511	0.180964589
511.5	0.181187391
512	0.181344539
512.5	0.181442976
513	0.181536049
513.5	0.181541383
514	0.181597084
514.5	0.179760665
515	0.181070656
515.5	0.181410939
516	0.181858778
516.5	0.181383461
517	0.181239247
517.5	0.181363612
518	0.1814155
518.5	0.181459755
519	0.181449831
519.5	0.181362092
520	0.181477308
520.5	0.181512386
521	0.181426942
521.5	0.181343019
522	0.181411684
522.5	0.181377351
523	0.181298763
523.5	0.181297243
524	0.181223989
524.5	0.181260616
525	0.181194246
525.5	0.181115657
526	0.181038618
526.5	0.181159914
527	0.181112617
527.5	0.1811248
528	0.181216359
528.5	0.181096584
529	0.180969954
529.5	0.180911958
530	0.1809684
530.5	0.181046247
531	0.181042433
531.5	0.180836409
532	0.181091249
532.5	0.181287318
533	0.180962324
533.5	0.180892885
534	0.181025624
534.5	0.180916548
535	0.180911183
535.5	0.18020469
536	0.179632485
536.5	0.179394454
537	0.1796569
537.5	0.179738551
538	0.179688185
538.5	0.179579854
539	0.179760665
539.5	0.179826289
540	0.179882735
540.5	0.180029213
541	0.179991841
541.5	0.180097133
542	0.180137575
542.5	0.180186391
543	0.180178761
543.5	0.1802192
544	0.180302352
544.5	0.180400789
545	0.180403829
545.5	0.180426717
546	0.18045038
546.5	0.179587483
547	0.179582119
547.5	0.18013528
548	0.180299312
548.5	0.180276424
549	0.180343568
549.5	0.180329829
550	0.180316091
550.5	0.18032831
551	0.180347383
551.5	0.180406868
552	0.180367976
552.5	0.180546492
553	0.180582374
553.5	0.180541158
554	0.180467159
554.5	0.1803138
555	0.180244386
555.5	0.18032068
556	0.180471718
556.5	0.180535823
557	0.180458754
557.5	0.1804412
558	0.180500716
558.5	0.180436641
559	0.180551857
559.5	0.1806663
560	0.180490047
560.5	0.180473268
561	0.180490792
561.5	0.180538863
562	0.180392385
562.5	0.180464864
563	0.1803382
563.5	0.1804496
564	0.1805282
564.5	0.18044275
565	0.1803199
565.5	0.1804252
566	0.18025735
566.5	0.180212319
567	0.180056691
567.5	0.180331349
568	0.180480123
568.5	0.180673927
569	0.18051675
569.5	0.180459529
570	0.18007195
570.5	0.180357277
571	0.180490792
571.5	0.180455714
572	0.180544972
572.5	0.180606782
573	0.180482417
573.5	0.180413753
574	0.180465639
574.5	0.180267274
575	0.180393159
575.5	0.180346608
576	0.180422127
576.5	0.18038398
577	0.18032372
577.5	0.18032068
578	0.180253536
578.5	0.180193245
579	0.180142134
579.5	0.180215389
580	0.180267274
580.5	0.180225313
581	0.180156648
581.5	0.180193245
582	0.180361092
582.5	0.1801658
583	0.180170357
583.5	0.180246651
584	0.180184871
584.5	0.1801818
585	0.180097133
585.5	0.179870516
586	0.179769814
586.5	0.179540932
587	0.179794222
587.5	0.1794486
588	0.179101467
588.5	0.178858846
589	0.1789115
589.5	0.1784629
590	0.178171426
590.5	0.178694069
591	0.178845108
591.5	0.178710073
592	0.1787757
592.5	0.178897768
593	0.179057211
593.5	0.1790969
594	0.179149538
594.5	0.178832918
595	0.179331124
595.5	0.179285347
596	0.1795043
596.5	0.179418862
597	0.179482192
597.5	0.179536343
598	0.179561526
598.5	0.17957449
599	0.179706484
599.5	0.179454714
600	0.179630965
600.5	0.17963171
601	0.179730147
601.5	0.1798034
602	0.179782033
602.5	0.179729372
603	0.180006325
603.5	0.179987252
604	0.179968178
604.5	0.179992586
605	0.180013955
605.5	0.180106282
606	0.18006584
606.5	0.180185616
607	0.180058211
607.5	0.179836184
608	0.179894954
608.5	0.179843068
609	0.179765254
609.5	0.179394454
610	0.179452419
610.5	0.179653853
611	0.179593563
611.5	0.179635525
612	0.179646969
612.5	0.179765254
613	0.179740071
613.5	0.179801852
614	0.179839253
614.5	0.1798797
615	0.179954439
615.5	0.179984957
616	0.1795356
616.5	0.179836184
617	0.179925472
617.5	0.1799064
618	0.179991841
618.5	0.180030733
619	0.179932326
619.5	0.179979622
620	0.180084139
620.5	0.180014729
621	0.180000991
621.5	0.179981917
622	0.180043727
622.5	0.180069655
623	0.1800788
623.5	0.1799964
624	0.180098653
624.5	0.180187166
625	0.180136025
625.5	0.180153579
626	0.180216908
626.5	0.180141389
627	0.180121541
627.5	0.180123061
628	0.1802955
628.5	0.180210054
629	0.180242091
629.5	0.1803222
630	0.180561
630.5	0.180381715
631	0.1805099
631.5	0.1805633
632	0.180492342
632.5	0.18038705
633	0.180419862
633.5	0.180412233
634	0.180374086
634.5	0.180432826
635	0.180423677
635.5	0.180243611
636	0.18013832
636.5	0.180419862
637	0.180617452
637.5	0.18064186
638	0.180668563
638.5	0.180767
639	0.1807876
639.5	0.180789113
640	0.180973768
640.5	0.181066066
641	0.180973
641.5	0.180982143
642	0.181374311
642.5	0.181221724
643	0.181178987
643.5	0.181215614
644	0.1811271
644.5	0.181234688
645	0.181218654
645.5	0.181336164
646	0.1812858
646.5	0.181266725
647	0.181385756
647.5	0.181359053
648	0.1813972
648.5	0.181337684
649	0.181348354
649.5	0.181446016
650	0.181336164
</Group>
</Session>
