<Session>
Acquisition 1 2016-08-24 17:21:53
<Group>
Detector1
2
701		701	
D1 380:300-650	T636070406482213095	D1 380:300-650 [COR]	T636070406482213097
X	Y	X	Y
300	32.0031738	300	140.042648
300.5	31.5030518	300.5	137.570663
301	36.5038452	301	159.421265
301.5	-51.5090332	301.5	-224.762283
302	-24.005188	302	-104.616257
302.5	6.49926758	302.5	28.33858
303	12.0001221	303	52.33843
303.5	4.99908447	303.5	21.7724686
304	16.0007324	304	69.7802
304.5	-12.003418	304.5	-52.37376
305	44.0050049	305	191.93251
305.5	1.49853516	305.5	6.543458
306	23.00177	306	100.406181
306.5	26.50232	306.5	115.729462
307	19.00116	307	82.95357
307.5	46.50537	307.5	203.018265
308	22.501709	308	98.270874
308.5	-0.50177	308.5	-2.19160151
309	52.5063477	309	229.365372
309.5	7.99951172	309.5	34.95407
310	68.50891	310	299.425079
310.5	30.50293	310.5	133.273254
311	-3.50219727	311	-15.3034611
311.5	-16.50409	311.5	-72.15107
312	13.0002441	312	56.850708
312.5	8.999634	312.5	39.359417
313	-6.00256348	313	-26.2502
313.5	54.5066528	313.5	238.4876
314	32.5032349	314	142.060791
314.5	-0.00170898438	314.5	-0.007494355
315	27.00238	315	118.256882
315.5	16.5007935	315.5	72.2485
316	-43.5079346	316	-190.497452
316.5	-23.505127	316.5	-102.882156
317	4.99908447	317	21.8821182
317.5	-1.001831	317.5	-4.385273
318	-26.0054321	318	-113.821281
318.5	4.4989624	318.5	19.70522
319	9.999817	319	43.8169479
319.5	10.4998779	319.5	46.0101967
320	19.50122	320	85.44834
320.5	35.5036621	320.5	155.5301
321	30.0028076	321	131.46405
321.5	29.5027466	321.5	129.427078
322	14.5004883	322	63.5540276
322.5	-12.50354	322.5	-54.8086929
323	7.99951172	323	35.0410271
323.5	-23.505127	323.5	-102.909851
324	-28.5057983	324	-124.858627
324.5	-40.5075073	324.5	-177.345413
325	-26.5055542	325	-116.059929
325.5	-51.5090332	325.5	-225.511932
326	-21.00476	326	-91.97708
326.5	-4.0022583	326.5	-17.5181885
327	30.0028076	327	131.313126
327.5	48.5057373	327.5	212.435654
328	14.0004272	328	61.31811
328.5	25.5021362	328.5	111.742073
329	31.00299	329	135.8409
329.5	-12.003418	329.5	-52.604454
330	-10.0031738	330	-43.8401337
330.5	33.5033569	330.5	146.750153
331	-22.5049438	331	-98.626564
331.5	-3.00213623	331.5	-13.1566305
332	-43.5079346	332	-190.5986
332.5	-69.01141	332.5	-302.317932
333	5.99920654	333	26.2754116
333.5	10.999939	333.5	48.1683731
334	-42.50775	334	-186.1182
334.5	27.00238	334.5	118.322845
335	55.0067139	335	241.235687
335.5	3.99890137	335.5	17.5485115
336	26.0021973	336	114.372658
336.5	10.4998779	336.5	46.0570221
337	-19.0044556	337	-83.37382
337.5	-24.005188	337.5	-105.297173
338	20.0012817	338	87.70299
338.5	-27.5056763	338.5	-120.610146
339	46.50537	339	203.874283
339.5	10.4998779	339.5	46.0231133
340	-12.50354	340	-54.7926826
340.5	41.50464	340.5	181.877792
341	-4.50231934	341	-19.7223148
341.5	15.0005493	341.5	65.69613
342	20.0012817	342	87.64377
342.5	26.50232	342.5	116.106934
343	-11.5033569	343	-50.3909721
343.5	41.0045166	343.5	179.714127
344	47.0054932	344	206.093338
344.5	35.5036621	344.5	155.603271
345	-29.00586	345	-127.153084
345.5	5.49914551	345.5	24.1047039
346	-3.50219727	346	-15.33502
346.5	-21.5048218	346.5	-94.18963
347	3.49884033	347	15.3218317
347.5	-10.5032349	347.5	-45.9556961
348	-24.005188	348	-105.013237
348.5	20.5014038	348.5	89.67537
349	-1.50189209	349	-6.56837
349.5	19.50122	349.5	85.26914
350	-10.5032349	350	-45.93394
350.5	-1.50189209	350.5	-6.569738
351	76.51019	351	334.8427
351.5	17.0008545	351.5	74.37289
352	7.99951172	352	34.9931221
352.5	-4.0022583	352.5	-17.5146027
353	24.0018921	353	105.3003
353.5	-31.0061646	353.5	-135.824417
354	-37.50708	354	-164.209915
354.5	1.99859619	354.5	8.75441
355	12.5001831	355	54.7403831
355.5	43.00482	355.5	188.38385
356	6.49926758	356	28.4729271
356.5	-40.0074463	356.5	-175.148819
357	4.4989624	357	19.7061138
357.5	-62.510498	357.5	-273.7927
358	-1.001831	358	-4.38993073
358.5	74.50989	358.5	326.2912
359	-12.50354	359	-54.7644272
359.5	29.0026855	359.5	127.130974
360	11.5	360	50.3915558
360.5	30.0028076	360.5	131.492477
361	-1.50189209	361	-6.58265
361.5	-15.5039673	361.5	-67.95165
362	20.0012817	362	87.6421051
362.5	-11.5033569	362.5	-50.4152527
363	-16.0040283	363	-70.12605
363.5	22.0015869	363.5	96.62997
364	-12.003418	364	-52.649
364.5	9.999817	364.5	43.8515472
365	3.99890137	365	17.5216866
365.5	-59.51013	365.5	-260.933228
366	-23.0050049	366	-100.855927
366.5	-47.5084839	366.5	-208.276566
367	-18.0043335	367	-78.94663
367.5	-53.0092163	367.5	-232.341415
368	28.5026245	368	124.939476
368.5	-1.50189209	368.5	-6.58147669
369	13.0002441	369	56.9621964
369.5	14.5004883	369.5	63.4887428
370	14.0004272	370	61.3385773
370.5	-1.50189209	370.5	-6.58137751
371	42.0047	371	184.092834
371.5	4.99908447	371.5	21.9140072
372	23.00177	372	100.561226
372.5	-46.00824	372.5	-201.658951
373	46.50537	373	203.967957
373.5	76.01013	373.5	334.150665
374	14.5004883	374	63.7038879
374.5	120.517578	374.5	528.6805
375	188.529724	375	828.417053
375.5	381.0691	375.5	1672.10583
376	946.727661	376	4152.474
376.5	2424.44385	376.5	10635.2275
377	5743.643	377	25185.12
377.5	10617.83	377.5	46570.34
378	17826.3652	378	78157.97
378.5	24994.0449	378.5	109626.4
379	31181.6133	379	136756.875
379.5	33346.86	379.5	146266.563
380	30976.8145	380	135877.219
380.5	26341.1387	380.5	115528.734
381	17979.4336	381	78830.58
381.5	11826.2168	381.5	51852.2734
382	5926.3833	382	25973.5938
382.5	3068.89282	382.5	13455.5674
383	864.200562	383	3787.7522
383.5	281.047668	383.5	1231.99243
384	192.530457	384	843.967651
384.5	146.021973	384.5	639.7966
385	145.521912	385	637.9443
385.5	121.5177	385.5	532.639
386	109.015625	386	477.841461
386.5	100.0141	386.5	438.547028
387	157.023987	387	687.9185
387.5	113.0163	387.5	496.2322
388	188.0296	388	823.8846
388.5	195.531	388.5	856.3993
389	265.044434	389	1160.8717
389.5	225.036621	389.5	985.7008
390	268.545166	390	1176.12
390.5	255.04248	390.5	1115.03052
391	293.5503	391	1285.02344
391.5	357.063721	391.5	1563.46973
392	357.063721	392	1564.46606
392.5	390.571167	392.5	1711.27808
393	404.574341	393	1772.048
393.5	420.078	393.5	1840.70117
394	434.081177	394	1901.3031
394.5	529.1044	394.5	2317.77441
395	536.6063	395	2350.38745
395.5	605.6244	395.5	2653.75
396	681.145264	396	2982.66772
396.5	584.118652	396.5	2560.535
397	606.624634	397	2657.09448
397.5	717.655762	397.5	3154.9458
398	695.1493	398	3051.625
398.5	744.1636	398.5	3261.53638
399	799.6803	399	3506.50635
399.5	707.652832	399.5	3102.69385
400	791.677856	400	3472.11523
400.5	693.1487	400.5	3038.7312
401	636.6328	401	2791.57251
401.5	795.6791	401.5	3488.77612
402	708.6531	402	3105.924
402.5	735.661	402.5	3225.63
403	771.171631	403	3380.47241
403.5	666.6411	403.5	2923.07813
404	695.1493	404	3048.15
404.5	707.1527	404.5	3102.30249
405	662.64	405	2905.49023
405.5	648.136	405.5	2845.62061
406	578.117065	406	2537.925
406.5	701.6511	406.5	3077.61743
407	617.127441	407	2705.109
407.5	660.6394	407.5	2896.817
408	639.633667	408	2803.475
408.5	715.155	408.5	3132.88745
409	594.62146	409	2601.50073
409.5	673.643066	409.5	2960.872
410	640.6339	410	2816.69751
410.5	666.6411	410.5	2932.406
411	718.1559	411	3158.479
411.5	687.147	411.5	3024.28833
412	731.6598	412	3221.73364
412.5	594.62146	412.5	2618.11
413	667.6415	413	2939.95239
413.5	749.165039	413.5	3298.664
414	736.661255	414	3238.94141
414.5	879.705566	414.5	3868.24463
415	780.1743	415	3430.07642
415.5	769.671143	415.5	3382.80444
416	811.68396	416	3565.28564
416.5	806.6825	416.5	3543.39746
417	852.196655	417	3741.35742
417.5	832.1904	417.5	3648.50562
418	856.198	418	3758.78149
418.5	842.6937	418.5	3699.03271
419	896.71106	419	3933.0354
419.5	897.2112	419.5	3937.09741
420	842.1935	420	3694.85742
420.5	850.196045	420.5	3729.513
421	901.2125	421	3951.78857
421.5	807.1826	421.5	3539.47021
422	910.215454	422	3992.842
422.5	943.22644	422.5	4139.69531
423	905.213867	423	3974.31274
423.5	861.1996	423.5	3776.14648
424	971.235962	424	4258.144
424.5	890.7091	424.5	3904.96069
425	930.7223	425	4080.66138
425.5	881.206055	425.5	3860.675
426	857.198364	426	3755.33813
426.5	820.686768	426.5	3595.94165
427	835.6915	427	3661.49268
427.5	719.1561	427.5	3157
428	772.672	428	3391.90186
428.5	778.1737	428.5	3411.64551
429	662.1399	429	2900.68774
429.5	720.1565	429.5	3156.282
430	713.654541	430	3127.86841
430.5	683.145752	430.5	2993.06152
431	737.1615	431	3230.65161
431.5	697.1498	431.5	3054.73
432	609.125366	432	2670.438
432.5	638.6333	432.5	2799.51563
433	549.1095	433	2405.563
433.5	572.6156	433.5	2507.484
434	550.609863	434	2414.004
434.5	635.132446	434.5	2785.8396
435	495.095947	435	2173.17456
435.5	564.6135	435.5	2477.40161
436	454.085938	436	1993.2561
436.5	502.097656	436.5	2202.97
437	559.112061	437	2452.52661
437.5	552.1102	437.5	2421.749
438	459.58728	438	2015.10754
438.5	520.1022	438.5	2281.264
439	508.599243	439	2231.53
439.5	437.0819	439.5	1921.89429
440	439.0824	440	1929.76514
440.5	435.581543	440.5	1913.316
441	371.0669	441	1629.45483
441.5	448.5846	441.5	1968.69592
442	562.613037	442	2465.50537
442.5	498.5968	442.5	2187.02026
443	492.0952	443	2159.90454
443.5	408.0752	443.5	1789.261
444	422.5785	444	1852.88782
444.5	480.0923	444.5	2103.99146
445	456.586548	445	2001.29712
445.5	498.5968	445.5	2186.28979
446	451.0852	446	1976.8761
446.5	416.077026	446.5	1822.44385
447	420.578125	447	1841.13953
447.5	427.0796	447.5	1868.51709
448	436.5818	448	1910.51733
448.5	375.067749	448.5	1641.50708
449	463.088135	449	2028.50146
449.5	434.081177	449.5	1901.07251
450	411.57605	450	1801.7522
450.5	388.5708	450.5	1702.14551
451	365.065552	451	1599.01025
451.5	358.5641	451.5	1570.706
452	463.588257	452	2031.2699
452.5	334.558838	452.5	1465.47229
453	435.081421	453	1905.55408
453.5	400.073364	453.5	1758.43433
454	403.0741	454	1775.0614
454.5	360.564575	454.5	1581.41248
455	279.547363	455	1226.46741
455.5	317.5553	455.5	1391.989
456	347.561646	456	1522.57861
456.5	300.551758	456.5	1315.67249
457	297.051025	457	1299.47632
457.5	374.567627	457.5	1609.09143
458	323.0564	458	1393.36658
458.5	345.561279	458.5	1513.68372
459	302.052	459	1323.59412
459.5	194.0307	459.5	849.763733
460	281.5478	460	1232.384
460.5	198.0315	460.5	866.4738
461	300.051636	461	1312.71716
461.5	222.536133	461.5	972.852051
462	251.541748	462	1099.07239
462.5	225.036621	462.5	982.7012
463	242.039917	463	1057.48376
463.5	231.537842	463.5	1010.76624
464	176.0274	464	768.760742
464.5	280.5476	464.5	1224.19739
465	171.52655	465	748.2867
465.5	224.5365	465.5	979.5359
466	176.527466	466	769.5539
466.5	158.524231	466.5	691.2428
467	188.0296	467	819.8573
467.5	223.0362	467.5	972.9063
468	188.0296	468	819.6747
468.5	187.529541	468.5	817.4084
469	195.531	469	852.6844
469.5	137.520508	469.5	599.4685
470	153.023254	470	668.6188
470.5	140.521057	470.5	612.5229
471	92.51282	471	403.174164
471.5	125.018311	471.5	544.910339
472	107.015259	472	466.221527
472.5	162.024841	472.5	706.0674
473	118.517212	473	516.591858
473.5	139.020752	473.5	606.205
474	90.51251	474	394.4627
474.5	182.528564	474.5	795.634033
475	148.022339	475	645.7346
475.5	83.51135	475.5	364.161163
476	55.5068359	476	241.966492
476.5	146.021973	476.5	636.782166
477	117.016968	477	510.2529
477.5	52.5063477	477.5	228.935944
478	102.014404	478	444.768646
478.5	95.0132446	478.5	414.0258
479	83.51135	479	364.558838
479.5	125.518433	479.5	547.4682
480	100.0141	480	436.205658
480.5	54.00659	480.5	235.556366
481	104.514832	481	455.74588
481.5	96.01343	481.5	418.826538
482	86.01178	482	375.2955
482.5	40.0043945	482.5	174.598129
483	85.0116	483	371.016846
483.5	60.50763	483.5	264.036072
484	46.50537	484	203.016739
484.5	66.508606	484.5	290.411133
485	115.0166	485	502.548981
485.5	97.01355	485.5	423.694855
486	121.017639	486	528.791748
486.5	95.0132446	486.5	415.227234
487	70.0091553	487	306.090881
487.5	47.0054932	487.5	205.513
488	75.51001	488	330.217743
488.5	28.0025024	488.5	122.460037
489	42.50476	489	186.011322
489.5	78.01044	489.5	341.557251
490	31.00299	490	135.665939
490.5	-6.50262451	490.5	-28.4751053
491	54.5066528	491	238.750732
491.5	36.5038452	491.5	159.760742
492	40.0043945	492	175.135452
492.5	89.51233	492.5	392.133636
493	2.49865723	493	10.9427423
493.5	21.0014648	493.5	92.00414
494	13.0002441	494	56.954422
494.5	56.006897	494.5	245.404022
495	34.00348	495	148.973541
495.5	14.5004883	495.5	63.5742836
496	15.0005493	496	65.76121
496.5	48.5057373	496.5	212.5372
497	28.5026245	497	124.942314
497.5	63.0079956	497.5	276.1602
498	47.0054932	498	206.0183
498.5	99.013916	498.5	433.909363
499	-14.0037231	499	-61.34022
499.5	-11.5033569	499.5	-50.3424835
500	-35.0067139	500	-153.176559
500.5	-2.5020752	500.5	-10.9510679
501	-3.50219727	501	-15.3260155
501.5	-23.505127	501.5	-102.868515
502	5.49914551	502	24.0555935
502.5	-7.50280762	502.5	-32.9196968
503	-14.5037842	503	-63.5414734
503.5	-27.0056152	503.5	-118.38282
504	37.5039673	504	164.382584
504.5	-10.0031738	504.5	-43.83814
505	-23.0050049	505	-100.944809
505.5	61.50775	505.5	269.740265
506	-30.0060425	506	-131.588547
506.5	-36.006897	506.5	-157.881317
507	-34.00659	507	-149.202209
507.5	51.0061035	507.5	224.065033
508	39.00421	508	171.167389
508.5	14.0004272	508.5	61.45138
509	-7.50280762	509	-32.9414673
509.5	23.5018311	509.5	103.128769
510	-10.0031738	510	-43.9062729
510.5	33.0032959	510.5	144.801956
511	-17.00415	511	-74.6493759
511.5	-8.50293	511.5	-37.31369
512	-23.0050049	512	-100.967056
512.5	-44.5080566	512.5	-195.369614
513	-51.0089722	513	-223.874146
513.5	-1.001831	513.5	-4.39620161
514	0.9984741	514	4.38321924
514.5	-15.0038452	514.5	-65.8521347
515	16.0007324	515	70.21495
515.5	21.0014648	515.5	92.194
516	-41.50763	516	-182.262177
516.5	-0.00170898438	516.5	-0.007504469
517	-6.00256348	517	-26.35777
517.5	3.49884033	517.5	15.3644676
518	12.0001221	518	52.7087975
518.5	46.00531	518.5	202.110855
519	-1.001831	519	-4.400297
519.5	-25.00531	519.5	-109.7942
520	-22.5049438	520	-98.87226
520.5	-10.5032349	520.5	-46.1283264
521	-9.002991	521	-39.53636
521.5	-9.503052	521.5	-41.74506
522	-37.50708	522	-164.725616
522.5	-59.01007	522.5	-259.265167
523	10.999939	523	48.3064537
523.5	-94.51471	523.5	-415.157928
524	-73.51196	524	-323.0122
524.5	-34.5066528	524.5	-151.917282
525	-50.00879	525	-221.727036
525.5	32.5032349	525.5	146.916519
526	-44.0079956	526	-196.7225
526.5	-10.0031738	526.5	-44.2509651
527	-15.0038452	527	-66.39859
527.5	-28.0057373	527.5	-123.67894
528	-69.01141	528	-304.1334
528.5	-52.5091553	528.5	-231.200638
529	15.50061	529	68.15545
529.5	-21.5048218	529.5	-94.49885
530	-58.0098877	530	-254.800018
530.5	-68.01123	530.5	-298.699921
531	-41.50763	531	-182.073929
531.5	-51.5090332	531.5	-225.845764
532	-50.00879	532	-219.207062
532.5	-108.516541	532.5	-475.3634
533	-12.50354	533	-54.778347
533.5	-86.51373	533.5	-378.647034
534	13.0002441	534	56.84769
534.5	-31.0061646	534.5	-135.631546
535	-27.0056152	535	-118.129974
535.5	-1.001831	535.5	-4.382533
536	-36.506958	536	-159.661835
536.5	-38.00714	536.5	-166.281387
537	-33.00647	537	-144.376083
537.5	-19.5045166	537.5	-85.3333054
538	-35.5067749	538	-155.315811
538.5	-5.50250244	538.5	-24.088522
539	-73.51196	539	-321.7662
539.5	-46.00824	539.5	-201.77301
540	-43.0078735	540	-188.370773
540.5	-52.5091553	540.5	-229.910614
541	-10.5032349	541	-46.0041351
541.5	24.5020142	541.5	107.358238
542	-52.0090942	542	-227.73233
542.5	1.99859619	542.5	8.757431
543	10.999939	543	48.20913
543.5	-50.50891	543.5	-221.4287
544	-9.002991	544	-39.4546165
544.5	10.999939	544.5	48.2221222
545	-22.5049438	545	-98.74195
545.5	-33.50653	545.5	-146.99147
546	-21.00476	546	-92.20496
546.5	-34.5066528	546.5	-151.423813
547	-48.508606	547	-212.972275
547.5	-40.5075073	547.5	-177.687531
548	-29.50592	548	-129.640411
548.5	-95.51489	548.5	-419.682129
549	11.5	549	50.544178
549.5	5.49914551	549.5	24.1542
550	-16.50409	550	-72.50753
550.5	-96.01495	550.5	-421.6436
551	-74.512146	551	-327.709961
551.5	-24.505249	551.5	-107.723816
552	-52.0090942	552	-228.699829
552.5	-31.5062256	552.5	-139.02301
553	-59.01007	553	-259.7047
553.5	-65.5109253	553.5	-288.751862
554	-5.00244141	554	-21.9959164
554.5	-68.51135	554.5	-301.072723
555	-32.5063477	555	-142.940842
555.5	-45.50818	555.5	-200.165878
556	-68.51135	556	-301.2744
556.5	-52.0090942	556.5	-228.642365
557	-52.0090942	557	-228.683258
557.5	-21.5048218	557.5	-94.51144
558	-87.0137939	558	-382.273956
558.5	-13.5036621	558.5	-59.3980255
559	-53.5092773	559	-235.183762
559.5	-7.50280762	559.5	-32.9866028
560	-16.0040283	560	-70.34299
560.5	-23.505127	560.5	-103.27977
561	-54.00934	561	-237.22998
561.5	-57.0097656	561.5	-250.128448
562	-81.51306	562	-357.3861
562.5	-38.00714	562.5	-166.485672
563	-25.5053711	563	-111.641479
563.5	-31.0061646	563.5	-135.723526
564	-43.5079346	564	-190.579788
564.5	-52.0090942	564.5	-227.674484
565	-32.0062866	565	-139.972473
565.5	-88.013916	565.5	-385.125366
566	-79.0126953	566	-345.6468
566.5	-59.51013	566.5	-260.4557
567	-80.01288	567	-350.149475
567.5	-45.0081177	567.5	-197.009171
568	10.999939	568	48.15158
568.5	-27.5056763	568.5	-120.473412
569	-50.00879	569	-219.0068
569.5	-65.0108643	569.5	-285.1258
570	-54.50946	570	-239.27478
570.5	-13.5036621	570.5	-59.2205544
571	-34.00659	571	-149.47644
571.5	-59.01007	571.5	-259.056244
572	-33.50653	572	-146.761841
572.5	-4.50231934	572.5	-19.746727
573	-75.51227	573	-331.307556
573.5	-63.51068	573.5	-278.5431
574	-54.00934	574	-236.816681
574.5	-68.51135	574.5	-300.4201
575	-45.0081177	575	-197.294754
575.5	-64.01074	575.5	-280.7917
576	-105.516113	576	-463.076843
576.5	-59.51013	576.5	-261.095734
577	-55.00952	577	-241.227829
577.5	-31.5062256	577.5	-138.348648
578	-65.5109253	578	-288.315125
578.5	-39.0072632	578.5	-171.3077
579	-78.5126343	579	-344.983917
579.5	-72.01178	579.5	-316.2845
580	-91.01428	580	-399.489044
580.5	-19.5045166	580.5	-85.68478
581	-50.50891	581	-221.848846
581.5	-82.01312	581.5	-360.070557
582	-54.50946	582	-239.425827
582.5	-35.0067139	582.5	-153.715729
583	-52.5091553	583	-230.501251
583.5	-39.0072632	583.5	-171.277084
584	-100.5155	584	-441.281647
584.5	-66.01099	584.5	-289.974579
585	-48.508606	585	-213.023285
585.5	-73.51196	585.5	-322.832947
586	-64.5108	586	-283.1089
586.5	-19.5045166	586.5	-85.64959
587	-75.01221	587	-329.5404
587.5	-76.01233	587.5	-333.927734
588	-119.517883	588	-525.2666
588.5	-35.0067139	588.5	-153.968582
589	-46.5083	589	-204.458984
589.5	-67.01111	589.5	-294.417175
590	-93.51459	590	-411.043121
590.5	-35.0067139	590.5	-153.64447
591	-66.51105	591	-292.251251
591.5	-47.0084229	591.5	-206.608871
592	-75.51227	592	-332.073151
592.5	-90.51422	592.5	-397.5887
593	-40.0074463	593	-175.740265
593.5	-51.5090332	593.5	-226.219284
594	-37.00702	594	-162.510254
594.5	-56.5097046	594.5	-248.006058
595	-106.5163	595	-467.260376
595.5	8.499573	595.5	37.3232079
596	-52.5091553	596	-230.695862
596.5	-39.5073853	596.5	-173.712784
597	-33.00647	597	-145.15
597.5	-90.51422	597.5	-397.965576
598	-50.00879	598	-219.780853
598.5	-61.510376	598.5	-270.3718
599	-61.0103149	599	-268.1523
599.5	-67.01111	599.5	-294.5662
600	-60.5102539	600	-265.912933
600.5	-9.002991	600.5	-39.5508
601	-52.5091553	601	-230.694122
601.5	-63.51068	601.5	-278.889343
602	-56.5097046	602	-248.201248
602.5	-23.0050049	602.5	-101.081894
603	-98.51526	603	-432.811066
603.5	-90.51422	603.5	-398.0019
604	-55.00952	604	-241.704056
604.5	-25.5053711	604.5	-112.0231
605	-34.00659	605	-149.348572
605.5	-40.5075073	605.5	-177.656525
606	-16.0040283	606	-70.33094
606.5	-70.5116	606.5	-309.842743
607	-32.5063477	607	-142.7539
607.5	-78.5126343	607.5	-344.585419
608	-39.0072632	608	-171.2172
608.5	-105.516113	608.5	-463.089142
609	6.99932861	609	30.703371
609.5	-69.5114746	609.5	-305.067352
610	-79.0126953	610	-346.789368
610.5	-108.516541	610.5	-483.6109
611	-49.508728	611	-221.986847
611.5	-28.0057373	611.5	-125.208366
612	-36.506958	612	-162.702484
612.5	-87.513855	612.5	-389.934326
613	-35.5067749	613	-158.163773
613.5	-42.00769	613.5	-186.9683
614	-94.01465	614	-417.238953
614.5	-110.016724	614.5	-486.6727
615	-77.51251	615	-342.626465
615.5	-53.5092773	615.5	-236.724014
616	-89.5141	616	-395.847931
616.5	-87.513855	616.5	-386.836639
617	-55.00952	617	-242.983246
617.5	-59.51013	617.5	-262.888062
618	-41.00757	618	-181.232056
618.5	-42.50775	618.5	-187.77301
619	-83.0132446	619	-366.641
619.5	-87.513855	619.5	-386.557037
620	-39.0072632	620	-172.269821
620.5	-46.00824	620.5	-202.752182
621	-60.0101929	621	-264.9654
621.5	-37.00702	621.5	-163.391068
622	-43.5079346	622	-192.236038
622.5	-44.5080566	622.5	-196.570786
623	-96.01495	623	-423.9532
623.5	-96.01495	623.5	-426.239166
624	-62.010437	624	-274.198578
624.5	-63.01056	624.5	-278.2013
625	-38.5072021	625	-169.978851
625.5	-41.50763	625.5	-183.270279
626	-77.01245	626	-339.7673
626.5	-94.51471	626.5	-416.893829
627	-56.0096436	627	-246.827026
627.5	-57.0097656	627.5	-251.320724
628	-24.505249	628	-108.042473
628.5	-52.5091553	628.5	-231.378784
629	-31.0061646	629	-136.725067
629.5	-45.0081177	629.5	-198.337952
630	-104.01593	630	-458.4053
630.5	-77.51251	630.5	-341.470062
631	-51.0089722	631	-224.690292
631.5	-68.51135	631.5	-301.830566
632	-84.01337	632	-370.126984
632.5	-32.0062866	632.5	-140.933456
633	-79.51276	633	-350.3473
633.5	-74.012085	633.5	-325.999725
634	-77.01245	634	-339.003357
634.5	-102.015686	634.5	-449.29187
635	-66.51105	635	-293.412018
635.5	-51.0089722	635.5	-224.734848
636	-23.505127	636	-103.471458
636.5	-78.5126343	636.5	-345.713776
637	-23.505127	637	-103.486832
637.5	-56.5097046	637.5	-248.7754
638	-24.005188	638	-105.591469
638.5	-24.505249	638.5	-107.780006
639	-78.01257	639	-346.9532
639.5	-81.51306	639.5	-360.461731
640	-25.5053711	640	-112.51252
640.5	-60.0101929	640.5	-264.469025
641	-54.50946	641	-240.116058
641.5	-39.0072632	641.5	-171.779877
642	-13.5036621	642	-59.4353676
642.5	-74.012085	642.5	-325.735138
643	-8.002869	643	-35.2179947
643.5	-115.517395	643.5	-508.4432
644	-63.51068	644	-279.564178
644.5	-66.01099	644.5	-290.336731
645	-23.505127	645	-103.568542
645.5	-39.0072632	645.5	-172.188171
646	-31.5062256	646	-138.730469
646.5	-55.5095825	646.5	-244.383728
647	-11.0032959	647	-48.3951569
647.5	-22.0048828	647.5	-96.80122
648	-76.51239	648	-336.677673
648.5	-27.5056763	648.5	-121.031914
649	-32.5063477	649	-143.073746
649.5	-38.5072021	649.5	-169.411072
650	-65.5109253	650	-288.387665
</Group>
<Group>
RCQCSignal
1
701	
ExCorr	T636070406482213096
X	Y
300	0.201399013
300.5	0.201814041
301	0.201798037
301.5	0.201968923
302	0.202222988
302.5	0.202120766
303	0.202064291
303.5	0.202351943
304	0.202084139
304.5	0.201983437
305	0.202058956
305.5	0.2018293
306	0.201894924
306.5	0.20182015
307	0.201869
307.5	0.201879665
308	0.201797262
308.5	0.201775149
309	0.201747671
309.5	0.201692745
310	0.201643154
310.5	0.201708
311	0.201685891
311.5	0.201592043
312	0.201530233
312.5	0.201511934
313	0.2015249
313.5	0.201422647
314	0.201640114
314.5	0.2009687
315	0.201233461
315.5	0.201279983
316	0.2012815
316.5	0.2013479
317	0.201337978
317.5	0.201336458
318	0.201356277
318.5	0.201212838
319	0.201128915
319.5	0.201119766
320	0.20113273
320.5	0.201179281
321	0.20113121
321.5	0.200891659
322	0.2010778
322.5	0.201051876
323	0.201192245
323.5	0.201293722
324	0.201205209
324.5	0.201298311
325	0.201270059
325.5	0.201297536
326	0.201262429
326.5	0.201344833
327	0.201362386
327.5	0.201228872
328	0.201222762
328.5	0.2011335
329	0.201139614
329.5	0.201097652
330	0.201090023
330.5	0.201202944
331	0.2010984
331.5	0.201099172
332	0.201174691
332.5	0.2011785
333	0.201218948
333.5	0.20125787
334	0.2012815
334.5	0.201121286
335	0.200954959
335.5	0.200828329
336	0.200360641
336.5	0.200915292
337	0.2008863
337.5	0.200915292
338	0.200987026
338.5	0.200984731
339	0.201032028
339.5	0.20106332
340	0.201110616
340.5	0.201113656
341	0.20118843
341.5	0.201229647
342	0.201122835
342.5	0.201164022
343	0.20118539
343.5	0.2010824
344	0.2010061
344.5	0.201084688
345	0.201040432
345.5	0.201056436
346	0.201270834
346.5	0.201213613
347	0.201250985
347.5	0.201422647
348	0.201458529
348.5	0.201481417
349	0.201514229
349.5	0.201555416
350	0.201518044
350.5	0.201472268
351	0.20137383
351.5	0.201456234
352	0.201467678
352.5	0.201386049
353	0.200881734
353.5	0.201184615
354	0.201297536
354.5	0.20119758
355	0.20124872
355.5	0.201186135
356	0.201167062
356.5	0.201306686
357	0.201203689
357.5	0.201212838
358	0.201122835
358.5	0.20124872
359	0.201214388
359.5	0.2010534
360	0.201124355
360.5	0.201087728
361	0.201077059
361.5	0.201079324
362	0.20112665
362.5	0.2010885
363	0.201128915
363.5	0.200662747
364	0.200927511
364.5	0.200970218
365	0.2011358
365.5	0.2009954
366	0.201022878
366.5	0.201027438
367	0.200987026
367.5	0.201070949
368	0.201052621
368.5	0.201112911
369	0.2011358
369.5	0.201284572
370	0.201155618
370.5	0.201115951
371	0.201087728
371.5	0.201044992
372	0.201583639
372.5	0.20106788
373	0.2009397
373.5	0.200472012
374	0.200604782
374.5	0.200900808
375	0.200565115
375.5	0.200846627
376	0.200929031
376.5	0.200904623
377	0.200987026
377.5	0.200932845
378	0.201008365
378.5	0.200930551
379	0.200943515
379.5	0.200925216
380	0.200916067
380.5	0.20094125
381	0.20100455
381.5	0.20100303
382	0.201086208
382.5	0.2010038
383	0.201074764
383.5	0.201046512
384	0.201047286
384.5	0.201141134
385	0.201034322
385.5	0.201062545
386	0.20106177
386.5	0.200987771
387	0.201165542
387.5	0.200715408
388	0.2011335
388.5	0.201216653
389	0.201214388
389.5	0.201202169
390	0.201228872
390.5	0.201581344
391	0.201324239
391.5	0.201270834
392	0.201142654
392.5	0.201142654
393	0.201209024
393.5	0.2011274
394	0.2012075
394.5	0.201184615
395	0.201205984
395.5	0.201125875
396	0.201260909
396.5	0.201045766
397	0.201204464
397.5	0.200469747
398	0.200757369
398.5	0.201080874
399	0.200986251
399.5	0.20100455
400	0.200945809
400.5	0.201028988
401	0.200985476
401.5	0.20099692
402	0.201079324
402.5	0.200996175
403	0.201047286
403.5	0.200990841
404	0.200986251
404.5	0.200887844
405	0.200993881
405.5	0.200730667
406	0.20075278
406.5	0.2009237
407	0.201054916
407.5	0.200987026
408	0.201075509
408.5	0.201177761
409	0.2014379
409.5	0.200509414
410	0.200444564
410.5	0.200351492
411	0.200385049
411.5	0.20024009
412	0.200144723
412.5	0.200159982
413	0.2001371
413.5	0.200153872
414	0.200442269
414.5	0.2004232
415	0.200452939
415.5	0.200517789
416	0.200639859
416.5	0.2006353
417	0.200740591
417.5	0.201016769
418	0.20074822
418.5	0.2007734
419	0.200932071
419.5	0.2008367
420	0.20088096
420.5	0.200905368
421	0.200982437
421.5	0.200982437
422	0.2009031
422.5	0.200803921
423	0.200730667
423.5	0.200992361
424	0.201015249
424.5	0.2010221
425	0.201008365
425.5	0.201158687
426	0.201167062
426.5	0.2011358
427	0.201146469
427.5	0.200758144
428	0.200759664
428.5	0.201019064
429	0.201174691
429.5	0.201083139
430	0.2010778
430.5	0.201151058
431	0.201093063
431.5	0.201130465
432	0.2010244
432.5	0.201044992
433	0.201171651
433.5	0.20125635
434	0.201016
434.5	0.200924441
435	0.200779483
435.5	0.200853512
436	0.200770333
436.5	0.200864956
437	0.200913772
437.5	0.2009191
438	0.200999215
438.5	0.200926736
439	0.200861886
439.5	0.200427786
440	0.2005239
440.5	0.2006353
441	0.200694039
441.5	0.2008123
442	0.201107576
442.5	0.2009191
443	0.200788662
443.5	0.2009977
444	0.200993881
444.5	0.201096877
445	0.20106484
445.5	0.200986251
446	0.201096132
446.5	0.2012075
447	0.2013189
447.5	0.20143564
448	0.201390609
448.5	0.2013685
449	0.20119302
449.5	0.201231912
450	0.20131661
450.5	0.201186135
451	0.2012075
451.5	0.20118539
452	0.2011358
452.5	0.20119606
453	0.201221243
453.5	0.200510934
454	0.20012258
454.5	0.20093818
455	0.2008741
455.5	0.201051876
456	0.201176241
456.5	0.201324239
457	0.201459274
457.5	0.205151215
458	0.204332545
458.5	0.201193765
459	0.201118246
459.5	0.201231912
460	0.201340273
460.5	0.201420382
461	0.20144172
461.5	0.201594338
462	0.201701149
462.5	0.201816335
463	0.201714858
463.5	0.201881185
464	0.201796517
464.5	0.201966658
465	0.202017
465.5	0.202018514
466	0.202161208
466.5	0.202110842
467	0.202121511
467.5	0.202036068
468	0.202166542
468.5	0.202187911
469	0.202093288
469.5	0.202174172
470	0.201698855
470.5	0.202182546
471	0.202224508
471.5	0.202196285
472	0.202291653
472.5	0.202236727
473	0.202189431
473.5	0.202108547
474	0.202221468
474.5	0.2021818
475	0.202021584
475.5	0.202104732
476	0.202169582
476.5	0.202093288
477	0.202110067
477.5	0.2021261
478	0.20213984
478.5	0.202246651
479	0.201884255
479.5	0.202056661
480	0.202066585
480.5	0.202058211
481	0.202106252
481.5	0.202033028
482	0.201980367
482.5	0.201926216
483	0.201933846
483.5	0.201962844
484	0.201881185
484.5	0.2018316
485	0.201700374
485.5	0.201791927
486	0.20169197
486.5	0.201661453
487	0.20157145
487.5	0.201573715
488	0.2015249
488.5	0.201524124
489	0.20138298
489.5	0.201286092
490	0.201399013
490.5	0.201255575
491	0.201200649
491.5	0.201369241
492	0.201306686
492.5	0.201174691
493	0.201235726
493.5	0.201171651
494	0.201163247
494.5	0.2011335
495	0.201158687
495.5	0.201013729
496	0.201030508
496.5	0.20113273
497	0.201048061
497.5	0.201075509
498	0.201079324
498.5	0.2011045
499	0.20119758
499.5	0.201379165
500	0.2014112
500.5	0.2013578
501	0.201389089
501.5	0.2013746
502	0.2014669
502.5	0.200859591
503	0.201163247
503.5	0.201043472
504	0.2010694
504.5	0.201099172
505	0.200845882
505.5	0.200959548
506	0.200962588
506.5	0.200992361
507	0.20086877
507.5	0.200619265
508	0.200823739
508.5	0.200786367
509	0.200726852
509.5	0.200838253
510	0.200787112
510.5	0.200866476
511	0.200748965
511.5	0.200828329
512	0.200801626
512.5	0.2007734
513	0.200801626
513.5	0.200835958
514	0.200755849
514.5	0.200797036
515	0.200832888
515.5	0.200757369
516	0.200703964
516.5	0.200697854
517	0.200702444
517.5	0.20069252
518	0.200644448
518.5	0.200605527
519	0.200649038
519.5	0.200713888
520	0.200598672
520.5	0.200668857
521	0.20068489
521.5	0.200623855
522	0.200667337
522.5	0.200588748
523	0.2006826
523.5	0.200636819
524	0.200568929
524.5	0.2001798
525	0.198770657
525.5	0.194975719
526	0.197152421
526.5	0.199223086
527	0.1991445
527.5	0.199561074
528	0.199977621
528.5	0.200156912
529	0.20043464
529.5	0.20055519
530	0.200644448
530.5	0.2006643
531	0.200911477
531.5	0.20099999
532	0.201055691
532.5	0.201184615
533	0.201163247
533.5	0.201360866
534	0.201540932
534.5	0.201470718
535	0.201473787
535.5	0.201462343
536	0.20151116
536.5	0.2014402
537	0.201478347
537.5	0.2014379
538	0.201474532
538.5	0.201314315
539	0.201345608
539.5	0.200954214
540	0.201214388
540.5	0.201279983
541	0.201210573
541.5	0.201136544
542	0.201270059
542.5	0.20112817
543	0.201087728
543.5	0.201028988
544	0.201100692
544.5	0.201033548
545	0.2008634
545.5	0.200891659
546	0.200765
546.5	0.200832143
547	0.2007337
547.5	0.200910732
548	0.200582638
548.5	0.200574264
549	0.200517043
549.5	0.200644448
550	0.200600967
550.5	0.20068641
551	0.200383529
551.5	0.200480416
552	0.2004186
552.5	0.199725851
553	0.20024924
553.5	0.199946359
554	0.200430825
554.5	0.200546786
555	0.200417861
555.5	0.200365975
556	0.200412527
556.5	0.200468972
557	0.20043312
557.5	0.200528488
558	0.200603262
558.5	0.200356826
559	0.200514749
559.5	0.2004522
560	0.200508639
560.5	0.200572744
561	0.200642928
561.5	0.200868
562	0.201008365
562.5	0.20119302
563	0.201340273
563.5	0.201334164
564	0.20119454
564.5	0.2013212
565	0.201519564
565.5	0.201406643
566	0.201460049
566.5	0.2013639
567	0.2013868
567.5	0.2013395
568	0.201328054
568.5	0.201212838
569	0.201239541
569.5	0.200943515
570	0.200770333
570.5	0.200957254
571	0.200500265
571.5	0.200750515
572	0.201205984
572.5	0.2009397
573	0.200868
573.5	0.200945809
574	0.2009931
574.5	0.200982437
575	0.201048061
575.5	0.200906143
576	0.2008123
576.5	0.20087029
577	0.200971767
577.5	0.200699374
578	0.20024924
578.5	0.200674966
579	0.200569674
579.5	0.200655118
580	0.200784072
580.5	0.200611636
581	0.200648263
581.5	0.2007337
582	0.200643674
582.5	0.200704738
583	0.200764224
583.5	0.200710818
584	0.200743631
584.5	0.20062308
585	0.200685635
585.5	0.2006803
586	0.2008184
586.5	0.200694039
587	0.200607821
587.5	0.200611636
588	0.200529233
588.5	0.200375125
589	0.200469747
589.5	0.200589523
590	0.20050101
590.5	0.200797811
591	0.200568154
591.5	0.200517043
592	0.2004049
592.5	0.2006353
593	0.20062919
593.5	0.200668111
594	0.200691
594.5	0.20081
595	0.200900808
595.5	0.200697854
596	0.200594857
596.5	0.200433865
597	0.200404122
597.5	0.200445309
598	0.200530782
598.5	0.200498715
599	0.200514749
599.5	0.200488046
600	0.200546041
600.5	0.200611636
601	0.200596377
601.5	0.200696334
602	0.200652078
602.5	0.200573489
603	0.200599447
603.5	0.200427011
604	0.200575784
604.5	0.200654373
605	0.200671926
605.5	0.200945809
606	0.200542971
606.5	0.20055975
607	0.2006803
607.5	0.200801626
608	0.200781032
608.5	0.20080696
609	0.200906917
609.5	0.20081
610	0.200796291
610.5	0.197753623
611	0.196552739
611.5	0.197123423
612	0.197745249
612.5	0.197792545
613	0.1978467
613.5	0.198009208
614	0.198579893
614.5	0.199226126
615	0.1993772
615.5	0.199210092
616	0.199290976
616.5	0.199376419
617	0.199519858
617.5	0.199500784
618	0.199413046
618.5	0.199507639
619	0.199540451
619.5	0.199520633
620	0.19955419
620.5	0.199983731
621	0.199599966
621.5	0.199609116
622	0.199461117
622.5	0.199546561
623	0.199593112
623.5	0.198522672
624	0.199307755
624.5	0.199608371
625	0.199651077
625.5	0.199599966
626	0.199757889
626.5	0.1998014
627	0.199983731
627.5	0.199915066
628	0.199889138
628.5	0.2000028
629	0.199859366
629.5	0.199990615
630	0.199974582
630.5	0.2000524
631	0.200072244
631.5	0.200043246
632	0.200042471
632.5	0.200145468
633	0.200015023
633.5	0.200082913
634	0.200208053
634.5	0.200107321
635	0.1997747
635.5	0.200032577
636	0.200201169
636.5	0.200146243
637	0.200171426
637.5	0.20018898
638	0.2003553
638.5	0.2003759
639	0.198161051
639.5	0.199293271
640	0.199781552
640.5	0.199974582
641	0.200066909
641.5	0.200123355
642	0.200230941
642.5	0.200245425
643	0.200265273
643.5	0.200230166
644	0.200211868
644.5	0.20037283
645	0.2000135
645.5	0.199648812
646	0.200147018
646.5	0.2001798
647	0.2003759
647.5	0.200337753
648	0.200282052
648.5	0.200284347
649	0.200231686
649.5	0.2003202
650	0.200198874
</Group>
</Session>
