<Session>
Acquisition 1 2016-08-18 12:20:07
<Group>
Detector1
2
351		351	
D1 350:300-650	T636070406482198562	D1 350:300-650 [COR]	T636070406482198564
X	Y	X	Y
300	113.215088	300	532.4215
301	212.231567	301	997.519531
302	73.2090454	302	344.0439
303	77.2095947	303	362.7455
304	111.214783	304	522.9133
305	128.217468	305	602.939331
306	134.218445	306	634.5737
307	45.2049561	307	212.82251
308	90.21155	308	424.290466
309	123.216675	309	579.3317
310	106.21405	310	499.6014
311	195.228577	311	917.8334
312	104.213745	312	489.9921
313	51.20581	313	240.711075
314	-41.8067	314	-196.387772
315	85.2108154	315	400.555023
316	128.217468	316	602.6971
317	71.20874	317	334.468445
318	97.21265	318	457.783752
319	80.21008	319	377.1939
320	97.21265	320	456.8613
321	113.215088	321	531.936768
322	159.222534	322	747.9991
323	125.21698	323	588.2682
324	142.219727	324	667.8931
325	48.2053833	325	226.3824
326	73.2090454	326	343.967468
327	137.218933	327	644.2607
328	107.214172	328	503.561218
329	81.2102051	329	381.445435
330	128.217468	330	602.4422
331	108.214355	331	508.120422
332	142.219727	332	667.48175
333	36.2036743	333	170.047943
334	83.21051	334	390.717682
335	83.21051	335	390.880127
336	80.21008	336	376.653381
337	145.220215	337	682.023132
338	62.2073975	338	292.3252
339	90.21155	339	423.794769
340	124.216858	340	583.5278
341	77.2095947	341	362.7351
342	195.228577	342	917.6161
343	180.226013	343	847.0219
344	177.225525	344	833.506
345	155.221863	345	729.769653
346	139.219238	346	655.027344
347	599.314636	347	2820.16333
348	3346.76538	348	15743.7256
349	11594.1777	349	54573.3945
350	21940.19	350	103229.461
351	21578.57	351	101511.266
352	11945.05	352	56204.7539
353	3359.776	353	15808.1045
354	525.296448	354	2471.89551
355	178.225708	355	838.577
356	131.217957	356	617.6162
357	109.214478	357	514.242432
358	103.213562	358	486.084534
359	74.20917	359	349.390381
360	62.2073975	360	292.944855
361	100.213074	361	471.821533
362	118.215881	362	556.698
363	166.2237	363	782.285645
364	9.199951	364	43.3166122
365	180.226013	365	848.3176
366	150.221008	366	707.491638
367	79.2099	367	373.1492
368	65.2078247	368	306.944244
369	34.20337	369	161.016052
370	109.214478	370	514.076233
371	120.216187	371	566.138062
372	21.2016	372	99.81241
373	124.216858	373	584.7013
374	12.2003784	374	57.40986
375	86.211	375	405.885529
376	45.2049561	376	212.5812
377	107.214172	377	504.52298
378	94.21216	378	443.0811
379	109.214478	379	515.7208
380	104.213745	380	490.82666
381	66.20801	381	311.623169
382	143.21991	382	673.6957
383	121.21637	383	569.9064
384	112.214966	384	527.7144
385	84.21069	385	395.9162
386	136.21875	386	640.7766
387	101.213257	387	476.438141
388	181.2262	388	852.584656
389	159.222534	389	748.9924
390	139.219238	390	654.7547
391	274.242859	391	1289.81421
392	269.241943	392	1265.79443
393	203.22998	393	955.1559
394	328.253357	394	1543.9906
395	356.258972	395	1675.26245
396	382.264343	396	1796.28613
397	324.252563	397	1524.42822
398	366.261047	398	1721.78943
399	447.2785	399	2101.3855
400	361.260071	400	1697.744
401	332.25415	401	1561.26257
402	416.271667	402	1954.33728
403	300.2478	403	1409.85376
404	396.2674	404	1860.75317
405	267.241577	405	1254.23059
406	245.237488	406	1151.33923
407	302.24823	407	1418.19031
408	277.2434	408	1299.01343
409	347.257141	409	1629.65833
410	301.248047	410	1414.59119
411	352.258179	411	1653.862
412	318.251343	412	1493.56775
413	248.238037	413	1164.767
414	290.2459	414	1362.02
415	370.2619	415	1736.79761
416	341.25592	416	1601.20825
417	342.256165	417	1606.53418
418	438.276428	418	2056.88037
419	410.270325	419	1925.55481
420	315.250732	420	1478.36353
421	345.256775	421	1620.09668
422	417.2719	422	1957.63086
423	327.2531	423	1535.90149
424	389.2658	424	1826.2926
425	386.2652	425	1812.39648
426	349.257568	426	1639.04626
427	382.264343	427	1796.01575
428	402.268616	428	1888.32434
429	254.239136	429	1193.38635
430	341.25592	430	1601.46045
431	263.240784	431	1235.51575
432	261.240417	432	1226.17981
433	273.242676	433	1281.81689
434	301.248047	434	1413.76038
435	313.250366	435	1470.0979
436	272.2425	436	1277.381
437	244.2373	437	1146.29858
438	240.236572	438	1127.13428
439	196.22876	439	920.7653
440	257.2397	440	1207.3584
441	215.232117	441	1011.56445
442	186.227051	442	873.959351
443	266.241333	443	1249.9032
444	200.229492	444	939.8878
445	230.234741	445	1080.43237
446	209.231018	446	981.558044
447	192.228088	447	901.8315
448	185.226868	448	869.452332
449	220.232971	449	1033.86682
450	302.24823	450	1419.08447
451	184.226685	451	864.7079
452	304.2486	452	1427.26965
453	301.248047	453	1415.48352
454	169.224182	454	794.5579
455	259.240051	455	1216.45093
456	245.237488	456	1151.17432
457	135.218628	457	634.732544
458	213.23175	458	1001.5094
459	152.221375	459	715.0064
460	192.228088	460	900.8834
461	84.21069	461	395.3093
462	127.217346	462	597.5502
463	186.227051	463	875.225464
464	156.222046	464	733.850769
465	97.21265	465	456.425964
466	97.21265	466	456.331146
467	180.226013	467	846.4513
468	135.218628	468	634.9508
469	108.214355	469	508.277069
470	118.215881	470	555.484558
471	121.21637	471	569.5427
472	107.214172	472	503.557526
473	183.226563	473	860.846
474	139.219238	474	656.28064
475	84.21069	475	396.955627
476	101.213257	476	476.2568
477	61.2072754	477	287.753357
478	87.21112	478	410.19632
479	108.214355	479	508.186
480	67.20813	480	315.8541
481	83.21051	481	391.132446
482	83.21051	482	391.1493
483	15.2007446	483	71.46572
484	127.217346	484	597.8844
485	152.221375	485	715.488464
486	115.215454	486	541.9065
487	125.21698	487	589.0536
488	117.215759	488	551.2594
489	-28.8050537	489	-135.451126
490	59.20697	490	278.577118
491	127.217346	491	598.5755
492	89.2114258	492	419.604736
493	132.21814	493	622.1049
494	160.222656	494	754.102966
495	67.20813	495	318.921021
496	189.227539	496	891.250854
497	108.214355	497	509.643127
498	96.21246	498	452.862274
499	92.21185	499	434.153442
500	-0.8013916	500	-3.76919937
501	147.22052	501	692.6983
502	7.199707	502	33.86251
503	81.2102051	503	381.968323
504	82.21039	504	386.63382
505	90.21155	505	424.043976
506	113.215088	506	532.2993
507	114.215271	507	536.790039
508	-12.8029785	508	-60.1940079
509	29.2026978	509	137.3131
510	33.2032471	510	156.0814
511	17.20105	511	80.86601
512	131.217957	512	616.748047
513	35.2035522	513	165.470169
514	-7.802307	514	-36.6812
515	82.21039	515	386.4757
516	78.20978	516	367.94574
517	90.21155	517	423.9741
518	24.2020264	518	113.810211
519	80.21008	519	377.096527
520	44.204834	520	207.73793
521	61.2072754	521	287.650177
522	128.217468	522	602.6236
523	42.20453	523	198.467117
524	46.20508	524	217.342117
525	31.2030029	525	146.820862
526	80.21008	526	377.110046
527	-69.81012	527	-328.000183
528	32.203125	528	151.3377
529	74.20917	529	349.026733
530	21.2016	530	99.67063
531	63.20758	531	297.114746
532	68.20831	532	320.579865
533	76.20947	533	358.478516
534	22.2017212	534	104.537285
535	42.20453	535	198.334747
536	12.2003784	536	57.3699036
537	28.2025757	537	132.633286
538	-8.802429	538	-41.359066
539	42.20453	539	198.296371
540	29.2026978	540	137.290451
541	90.21155	541	424.1535
542	109.214478	542	513.187866
543	55.20642	543	259.521057
544	23.2018433	544	109.131119
545	74.20917	545	349.137
546	94.21216	546	442.8237
547	41.2044067	547	193.779327
548	37.2037964	548	174.908463
549	37.2037964	549	174.956161
550	107.214172	550	504.135681
551	82.21039	551	386.5229
552	51.20581	552	240.793991
553	48.2053833	553	226.629272
554	47.20526	554	221.819153
555	78.20978	555	367.552582
556	102.21344	556	480.607758
557	-55.80841	557	-262.399933
558	37.2037964	558	174.907211
559	-14.8032227	559	-69.5893
560	-10.8027344	560	-50.77808
561	43.20465	561	203.0944
562	76.20947	562	358.1315
563	32.203125	563	151.409363
564	3.19915771	564	15.0347862
565	21.2016	565	99.64992
566	82.21039	566	386.190369
567	-30.8052979	567	-144.793579
568	44.204834	568	208.265091
569	-52.8080444	569	-248.571014
570	-8.802429	570	-41.40775
571	17.20105	571	80.8799438
572	19.2012939	572	90.2948761
573	19.2012939	573	90.26185
574	32.203125	574	151.493042
575	32.203125	575	151.512619
576	76.20947	576	358.7824
577	58.20685	577	273.696564
578	39.2041	578	184.378754
579	26.20227	579	123.219017
580	74.20917	580	348.99173
581	-22.80426	581	-107.170296
582	78.20978	582	367.539429
583	85.2108154	583	400.339661
584	78.20978	584	367.671234
585	19.2012939	585	90.2540741
586	70.20856	586	329.9834
587	40.2042236	587	188.839783
588	7.199707	588	33.8217278
589	106.21405	589	499.017578
590	70.20856	590	329.6288
591	26.20227	591	123.072426
592	18.2011719	592	85.5340652
593	57.206665	593	268.733215
594	-4.801941	594	-22.5680485
595	2.19903564	595	10.3315659
596	45.2049561	596	212.395279
597	29.2026978	597	137.203827
598	-8.802429	598	-41.3555031
599	80.21008	599	377.0316
600	8.199829	600	38.5307274
601	93.2120361	601	438.113373
602	62.2073975	602	292.283264
603	71.20874	603	334.641144
604	105.213867	604	494.385864
605	52.2059326	605	245.423065
606	-0.8013916	606	-3.76522684
607	45.2049561	607	212.29483
608	33.2032471	608	156.0982
609	55.20642	609	259.53598
610	-41.8067	610	-196.587875
611	63.20758	611	297.227722
612	24.2020264	612	113.753075
613	74.20917	613	348.74646
614	57.206665	614	268.893219
615	7.199707	615	33.8491478
616	33.2032471	616	156.107147
617	29.2026978	617	137.160553
618	38.20398	618	179.555283
619	39.2041	619	184.139572
620	57.206665	620	268.7718
621	49.2055054	621	231.374313
622	53.2061157	622	250.033508
623	10.2000732	623	47.92122
624	-46.807312	624	-219.925522
625	7.199707	625	33.8292465
626	34.20337	626	160.777008
627	6.199524	627	29.1403427
628	-30.8052979	628	-144.75206
629	61.2072754	629	287.598633
630	-38.8063354	630	-182.3301
631	42.20453	631	198.376
632	4.19928	632	19.746151
633	45.2049561	633	212.802658
634	89.2114258	634	419.234619
635	19.2012939	635	90.23855
636	-46.807312	636	-220.058044
637	49.2055054	637	231.329514
638	9.199951	638	43.25012
639	22.2017212	639	104.292259
640	72.20886	640	339.2414
641	79.2099	641	372.85437
642	70.20856	642	330.251068
643	-0.8013916	643	-3.76644182
644	67.20813	644	315.8292
645	47.20526	645	221.744431
646	75.20935	646	353.2011
647	-20.8040161	647	-97.77631
648	27.2023926	648	127.768188
649	-19.803894	649	-93.05118
650	35.2035522	650	165.343277
</Group>
<Group>
RCQCSignal
1
351	
ExCorr	T636070406482198563
X	Y
300	0.2126418
301	0.212759286
302	0.2127898
303	0.2128478
304	0.212682992
305	0.212654
306	0.211509585
307	0.212406814
308	0.2126174
309	0.212687582
310	0.212597549
311	0.21270588
312	0.212684512
313	0.212727249
314	0.212878317
315	0.212731838
316	0.212739468
317	0.2129012
318	0.212354928
319	0.212649435
320	0.2127837
321	0.21283558
322	0.212864578
323	0.212856948
324	0.212937832
325	0.212937832
326	0.2128371
327	0.212986648
328	0.212911874
329	0.2129012
330	0.212829471
331	0.212969869
332	0.213069052
333	0.212902725
334	0.212968349
335	0.212879837
336	0.212954611
337	0.212925613
338	0.212802023
339	0.2128661
340	0.2128722
341	0.212853909
342	0.212756246
343	0.212776065
344	0.212626547
345	0.212699771
346	0.212539554
347	0.212510586
348	0.2125777
349	0.212451071
350	0.212538034
351	0.212573141
352	0.212527364
353	0.212535
354	0.212507516
355	0.212533474
356	0.2124587
357	0.212379336
358	0.21233663
359	0.212396115
360	0.212351888
361	0.212396115
362	0.212351888
363	0.212484628
364	0.212388486
365	0.212451071
366	0.212329
367	0.212274045
368	0.212441891
369	0.212422073
370	0.212448
371	0.212344259
372	0.212414443
373	0.212444961
374	0.212513626
375	0.212402225
376	0.212647915
377	0.212506
378	0.212629586
379	0.2117705
380	0.212322891
381	0.21246174
382	0.2125884
383	0.212695211
384	0.212643325
385	0.212698251
386	0.21258381
387	0.212437332
388	0.212560922
389	0.21258229
390	0.212628067
391	0.212621957
392	0.21270588
393	0.2127715
394	0.212600589
395	0.212658584
396	0.212808132
397	0.21270436
398	0.212721139
399	0.212849319
400	0.212788284
401	0.212811172
402	0.212998867
403	0.21296376
404	0.21296072
405	0.213072091
406	0.2130019
407	0.213122457
408	0.213426113
409	0.21308583
410	0.21295765
411	0.212991238
412	0.21308127
413	0.213122457
414	0.213099569
415	0.213186532
416	0.213123977
417	0.213040054
418	0.2130782
419	0.213066012
420	0.213243008
421	0.213108718
422	0.213151455
423	0.213069052
424	0.213145345
425	0.213123977
426	0.21308583
427	0.21284017
428	0.213029385
429	0.213040054
430	0.21309042
431	0.213061422
432	0.213052273
433	0.213168234
434	0.21308279
435	0.21308127
436	0.2131255
437	0.213066012
438	0.213139236
439	0.213114828
440	0.2130599
441	0.2127715
442	0.21308431
443	0.213009536
444	0.2130355
445	0.21309498
446	0.213162124
447	0.213152975
448	0.213038534
449	0.213018686
450	0.212988168
451	0.213050753
452	0.213168234
453	0.212823391
454	0.212979019
455	0.213111788
456	0.213032424
457	0.213032424
458	0.212910354
459	0.2128951
460	0.2133773
461	0.2130248
462	0.212898165
463	0.212776065
464	0.212879837
465	0.212986648
466	0.2130309
467	0.2129195
468	0.2129592
469	0.212904245
470	0.212815762
471	0.21283102
472	0.212913424
473	0.212844729
474	0.212133676
475	0.2121413
476	0.212518215
477	0.2127074
478	0.212608218
479	0.212942392
480	0.212782174
481	0.212742507
482	0.212733358
483	0.212699771
484	0.212779135
485	0.212751657
486	0.212611288
487	0.212573141
488	0.212632656
489	0.2126601
490	0.212533474
491	0.212533474
492	0.212608218
493	0.212533474
494	0.212467849
495	0.210735947
496	0.212316781
497	0.21233356
498	0.21245411
499	0.2123946
500	0.212615848
501	0.212531924
502	0.212615848
503	0.212609768
504	0.2126311
505	0.212740988
506	0.212690622
507	0.212774545
508	0.212695211
509	0.212672323
510	0.212730289
511	0.21271047
512	0.212757766
513	0.212748617
514	0.21270588
515	0.2127181
516	0.212557882
517	0.212776065
518	0.212652475
519	0.21270436
520	0.212791324
521	0.2127837
522	0.2127654
523	0.212652475
524	0.212591439
525	0.2125243
526	0.212696731
527	0.21283558
528	0.2127898
529	0.2126174
530	0.212716579
531	0.212737918
532	0.2127654
533	0.212591439
534	0.212380856
535	0.2127944
536	0.212661624
537	0.2126357
538	0.212829471
539	0.21283558
540	0.2127074
541	0.212686062
542	0.212815762
543	0.212724209
544	0.212605178
545	0.212550253
546	0.212753177
547	0.2126357
548	0.21270436
549	0.212646365
550	0.212669253
551	0.212692142
552	0.212654
553	0.21270588
554	0.212809652
555	0.212785244
556	0.212675363
557	0.212684512
558	0.21270588
559	0.212722659
560	0.212744027
561	0.212731838
562	0.212797433
563	0.2126891
564	0.2127837
565	0.2127608
566	0.212875277
567	0.212753177
568	0.2122527
569	0.212446481
570	0.21257925
571	0.212673843
572	0.212650955
573	0.212728769
574	0.212571621
575	0.212544143
576	0.212411374
577	0.212669253
578	0.212628067
579	0.212647915
580	0.212638736
581	0.212785244
582	0.212792873
583	0.212846279
584	0.212716579
585	0.2127471
586	0.212763876
587	0.2129012
588	0.2128722
589	0.212846279
590	0.212992758
591	0.2129012
592	0.2127944
593	0.212875277
594	0.212776065
595	0.212846279
596	0.21283406
597	0.21284169
598	0.2128478
599	0.212740988
600	0.212812692
601	0.212757766
602	0.21283254
603	0.212791324
604	0.212817281
605	0.2127181
606	0.21284017
607	0.212934762
608	0.2127074
609	0.21271199
610	0.212661624
611	0.212657064
612	0.212759286
613	0.212788284
614	0.212748617
615	0.212699771
616	0.212695211
617	0.212908834
618	0.212769985
619	0.212904245
620	0.212844729
621	0.212666214
622	0.212795913
623	0.212850839
624	0.21283254
625	0.212824911
626	0.212737918
627	0.2127471
628	0.212814212
629	0.212821841
630	0.21283558
631	0.212750137
632	0.212663174
633	0.212426633
634	0.212795913
635	0.2127837
636	0.21270436
637	0.2127074
638	0.21271503
639	0.212879837
640	0.212853909
641	0.212441891
642	0.212591439
643	0.2127715
644	0.212798953
645	0.212881356
646	0.212936312
647	0.2127715
648	0.212904245
649	0.212827951
650	0.212911874
</Group>
</Session>
