<Session>
Acquisition 1 2016-08-17 19:55:12
<Group>
Detector1
2
351		351	
D1 350:300-650	T636070406482196471	D1 350:300-650 [COR]	T636070406482196473
X	Y	X	Y
300	93.81439	300	477.426758
301	42.8057251	301	217.9017
302	85.81299	302	436.717346
303	8.800232	303	44.78975
304	41.805542	304	212.752457
305	-19.2041016	305	-97.78393
306	-10.2026978	306	-51.96569
307	-39.2070923	307	-199.3785
308	40.80536	308	207.53186
309	-34.20636	309	-173.961929
310	23.8026123	310	121.146957
311	21.8023071	311	110.997147
312	52.807373	312	268.819061
313	4.79962158	313	24.419857
314	78.81177	314	400.971741
315	71.81055	315	365.868439
316	7.800049	316	39.6736374
317	-8.202393	317	-41.7213821
318	10.8005371	318	54.9287224
319	80.81213	319	411.0214
320	-20.2042847	320	-102.792015
321	73.81091	321	375.362671
322	-11.2028809	322	-56.9846649
323	-2.201477	323	-11.2064009
324	18.8018188	324	95.6352539
325	107.816833	325	548.6264
326	68.81006	326	350.949554
327	-28.2054443	327	-143.88324
328	-23.2047119	328	-118.04702
329	9.800415	329	49.9175148
330	115.818237	330	589.5796
331	66.80975	331	340.1968
332	-0.201171875	332	-1.02455485
333	-19.2041016	333	-97.5951157
334	-12.203064	334	-62.0688362
335	13.8010254	335	70.23476
336	35.8045654	336	182.149246
337	39.8052368	337	202.6136
338	12.8008423	338	65.0951843
339	36.80475	339	187.419357
340	20.802124	340	106.198837
341	54.80768	341	279.0928
342	159.826355	342	817.4024
343	35.8045654	343	182.678192
344	92.81421	344	472.6267
345	14.8012085	345	75.3008
346	101.815796	346	518.4081
347	391.8753	347	1995.32935
348	3278.38477	348	16703.3438
349	11639.1494	349	59281.0938
350	21667.05	350	110408.039
351	21263.2578	351	108325.172
352	11238.1709	352	57188.582
353	2969.14355	353	15117.42
354	296.853943	354	1511.08215
355	148.82428	355	758.034546
356	51.80719	356	263.9141
357	97.81506	357	498.150024
358	14.8012085	358	75.35755
359	91.8140259	359	467.609955
360	-61.2103271	360	-311.5561
361	54.80768	361	279.585938
362	28.8034058	362	146.761108
363	-58.2099	363	-297.0362
364	44.80603	364	228.394669
365	-9.202576	365	-46.9736
366	28.8034058	366	146.7862
367	-33.2062378	367	-169.063278
368	-42.20758	368	-214.876877
369	5.79974365	369	29.5074368
370	-38.20697	370	-194.525055
371	-20.2042847	371	-102.823151
372	67.8098755	372	345.06955
373	74.8111	373	380.8747
374	13.8010254	374	70.24839
375	-55.2094727	375	-281.226227
376	-34.20636	376	-174.225571
377	-8.202393	377	-41.74244
378	3.79943848	378	19.337059
379	-28.2054443	379	-143.54245
380	37.80487	380	192.549637
381	20.802124	381	105.795013
382	14.8012085	382	75.2967148
383	36.80475	383	187.222961
384	8.800232	384	44.7591629
385	63.8092041	385	324.642975
386	1.7991333	386	9.154399
387	40.80536	387	207.746292
388	-9.202576	388	-46.8124352
389	-3.20166016	389	-16.30128
390	25.8029175	390	131.2962
391	-8.202393	391	-41.86305
392	-32.2060547	392	-164.085754
393	10.8005371	393	55.010685
394	-42.20758	394	-215.834259
395	12.8008423	395	65.2755
396	-77.2125854	396	-393.284332
397	31.803894	397	162.0091
398	-25.2050171	398	-128.449326
399	-59.210022	399	-301.827118
400	10.8005371	400	55.4042549
401	-5.20196533	401	-26.7262955
402	-21.2044067	402	-108.748161
403	-83.21344	403	-426.30838
404	70.8104248	404	362.8009
405	-9.202576	405	-47.1450844
406	-31.2059326	406	-159.836487
407	-95.21509	407	-487.507843
408	-64.2107544	408	-328.886871
409	21.8023071	409	111.696526
410	9.800415	410	50.1462822
411	-60.2102051	411	-307.6219
412	-13.203186	412	-67.45945
413	-61.2103271	413	-312.468567
414	-4.201782	414	-21.4602661
415	36.80475	415	188.024216
416	-46.20813	416	-236.300842
417	21.8023071	417	111.468216
418	-61.2103271	418	-312.92926
419	-11.2028809	419	-57.18306
420	-80.21301	420	-409.212769
421	-65.21088	421	-333.241119
422	10.8005371	422	55.19686
423	-100.215759	423	-511.6207
424	-52.2090454	424	-266.253052
425	9.800415	425	50.0185852
426	-47.208313	426	-240.572739
427	81.81232	427	417.485474
428	-58.2099	428	-297.0848
429	-28.2054443	429	-143.898926
430	-25.2050171	430	-128.5733
431	17.8016357	431	90.8241653
432	-21.2044067	432	-108.171677
433	-4.201782	433	-21.432373
434	-16.2036743	434	-82.82869
435	-71.21173	435	-363.50708
436	-70.21161	436	-358.075562
437	-42.20758	437	-215.211227
438	-25.2050171	438	-128.377426
439	-6.2020874	439	-31.6204815
440	-76.21246	440	-388.3562
441	-23.2047119	441	-118.248039
442	-34.20636	442	-174.515839
443	9.800415	443	49.95167
444	-46.20813	444	-235.40625
445	0.7989502	445	4.070328
446	-11.2028809	446	-57.0723763
447	0.7989502	447	4.070202
448	-44.2078247	448	-225.298035
449	-41.2073975	449	-210.0428
450	-80.21301	450	-409.043976
451	-95.21509	451	-484.822327
452	-83.21344	452	-423.886078
453	-40.2072754	453	-204.846176
454	-37.2067871	454	-189.581528
455	-33.2062378	455	-169.999634
456	-88.21411	456	-449.99942
457	-2.201477	457	-11.2192116
458	-51.2088623	458	-260.764771
459	-6.2020874	459	-31.6433716
460	-24.204895	460	-123.207832
461	-0.201171875	461	-1.0245229
462	23.8026123	462	121.275063
463	-11.2028809	463	-57.08169
464	16.8015137	464	85.65285
465	10.8005371	465	54.9722328
466	-26.20514	466	-133.386383
467	35.8045654	467	182.368683
468	-28.2054443	468	-144.123322
469	31.803894	469	162.348557
470	-55.2094727	470	-281.7474
471	-77.2125854	471	-393.627
472	-27.2053223	472	-138.7004
473	-51.2088623	473	-260.6777
474	5.79974365	474	29.5136223
475	-13.203186	475	-67.2084656
476	56.8080444	476	289.213928
477	-123.218872	477	-626.5473
478	-69.21149	478	-352.41
479	-2.201477	479	-11.2078819
480	66.80975	480	340.9757
481	-82.21332	481	-419.104279
482	-4.201782	482	-21.4083786
483	-13.203186	483	-67.14119
484	-17.2037964	484	-87.47774
485	-31.2059326	485	-158.701553
486	-32.2060547	486	-163.7154
487	-65.21088	487	-331.5092
488	-8.202393	488	-41.70229
489	-109.21698	489	-555.608643
490	74.8111	490	380.3517
491	-6.2020874	491	-31.5439148
492	-10.2026978	492	-51.90518
493	-90.21442	493	-458.8961
494	-81.2131348	494	-413.3143
495	3.79943848	495	19.3979225
496	-10.2026978	496	-51.97983
497	-2.201477	497	-11.2186
498	-46.20813	498	-235.600372
499	-35.206543	499	-179.420288
500	-37.2067871	500	-189.633133
501	-9.202576	501	-46.86519
502	-2.201477	502	-11.2170305
503	-57.2097168	503	-291.344849
504	-101.215942	504	-515.506042
505	-37.2067871	505	-189.557953
506	48.8067	506	248.650421
507	-58.2099	507	-296.507477
508	13.8010254	508	70.33689
509	-76.21246	509	-388.0364
510	20.802124	510	105.940521
511	-47.208313	511	-240.535324
512	-137.2207	512	-699.002563
513	-54.20929	513	-275.8913
514	7.800049	514	39.6973572
515	-16.2036743	515	-82.51524
516	26.8031	516	136.550964
517	9.800415	517	49.8938522
518	14.8012085	518	75.3517
519	-15.2034912	519	-77.3438
520	-43.2077026	520	-219.988983
521	-74.21216	521	-378.0721
522	-5.20196533	522	-26.4798832
523	-22.20459	523	-112.999542
524	39.8052368	524	202.659256
525	-59.210022	525	-301.199219
526	-50.20874	526	-255.564743
527	17.8016357	527	90.61184
528	87.8133545	528	446.807373
529	-96.21521	529	-489.390076
530	69.81024	530	355.519531
531	12.8008423	531	65.20295
532	-80.21301	532	-408.3989
533	3.79943848	533	19.3507366
534	-87.21399	534	-445.209473
535	87.8133545	535	447.057251
536	-44.2078247	536	-224.792847
537	-27.2053223	537	-138.373138
538	-41.2073975	538	-209.570114
539	14.8012085	539	75.29905
540	-77.2125854	540	-392.823334
541	9.800415	541	49.8849449
542	-116.217957	542	-590.907532
543	9.800415	543	49.88804
544	-31.2059326	544	-159.374359
545	-50.20874	545	-255.892715
546	-141.221191	546	-719.336243
547	47.80652	547	243.390274
548	-79.21289	548	-403.034424
549	-89.2142944	549	-453.9391
550	-29.2056274	550	-148.694916
551	-72.2119141	551	-367.833344
552	-15.2034912	552	-77.2958
553	-81.2131348	553	-412.839844
554	-5.20196533	554	-26.4646721
555	-1.201355	555	-6.12727642
556	-1.201355	556	-6.11804
557	8.800232	557	44.79045
558	-10.2026978	558	-51.90518
559	-43.2077026	559	-222.3661
560	-47.208313	560	-240.911789
561	-27.2053223	561	-138.574265
562	-63.2106323	562	-322.5667
563	-47.208313	563	-241.011276
564	-21.2044067	564	-108.099312
565	-4.201782	565	-21.4002247
566	-26.20514	566	-133.431992
567	-74.21216	567	-378.0192
568	-64.2107544	568	-327.13797
569	17.8016357	569	90.609024
570	-127.21936	570	-647.265747
571	-28.2054443	571	-143.473389
572	-19.2041016	572	-97.72697
573	-23.2047119	573	-118.266434
574	-30.20575	574	-155.065018
575	-83.21344	575	-424.192749
576	-89.2142944	576	-454.168274
577	-67.21118	577	-342.09198
578	-105.216431	578	-535.124146
579	-123.218872	579	-626.4452
580	-63.2106323	580	-321.585144
581	-38.20697	581	-194.205215
582	-80.21301	582	-407.825378
583	-67.21118	583	-341.879578
584	-37.2067871	584	-189.069992
585	-77.2125854	585	-392.533844
586	-91.21454	586	-463.371948
587	-162.223816	587	-824.260559
588	23.8026123	588	120.964722
589	-63.2106323	589	-321.0194
590	-24.204895	590	-123.703629
591	-18.20398	591	-92.72605
592	-27.2053223	592	-138.44191
593	-61.2103271	593	-311.357758
594	21.8023071	594	110.9084
595	-17.2037964	595	-87.44314
596	-22.20459	596	-112.783226
597	-28.2054443	597	-143.1933
598	5.79974365	598	29.4694557
599	-30.20575	599	-153.508972
600	-99.21564	600	-504.1741
601	9.800415	601	49.79483
602	10.8005371	602	54.8759155
603	-62.21045	603	-316.116333
604	-34.20636	604	-173.635864
605	-118.2182	605	-600.532654
606	30.803772	606	156.602844
607	-20.2042847	607	-102.687592
608	-28.2054443	608	-143.332092
609	2.79931641	609	14.2284241
610	23.8026123	610	120.844765
611	8.800232	611	44.7147446
612	-12.203064	612	-61.9711952
613	-113.217529	613	-575.4689
614	-108.216858	614	-550.192
615	-114.217651	615	-581.206
616	42.8057251	616	217.562012
617	-6.2020874	617	-31.5155449
618	36.80475	618	187.2753
619	-50.20874	619	-255.257446
620	-78.21277	620	-397.532227
621	25.8029175	621	131.091614
622	-40.2072754	622	-204.321991
623	-36.206665	623	-183.999161
624	-31.2059326	624	-158.531769
625	-106.216614	625	-539.4992
626	-58.2099	626	-295.735168
627	-82.21332	627	-417.707062
628	25.8029175	628	131.0713
629	43.80591	629	222.564362
630	-15.2034912	630	-77.24907
631	-98.2155151	631	-498.999023
632	-64.2107544	632	-326.316071
633	64.80939	633	329.332733
634	2.79931641	634	14.2215843
635	-18.20398	635	-92.4623
636	8.800232	636	44.684948
637	-66.21106	637	-336.319855
638	-57.2097168	638	-290.931152
639	-49.2085571	639	-250.168716
640	9.800415	640	49.81144
641	-46.20813	641	-234.9624
642	-45.2080078	642	-230.042908
643	-47.208313	643	-240.128326
644	-11.2028809	644	-56.96433
645	-31.2059326	645	-158.742218
646	97.81506	646	497.674377
647	1.7991333	647	9.145807
648	-3.20166016	648	-16.28698
649	-62.21045	649	-316.49176
650	-89.2142944	650	-454.1365
</Group>
<Group>
RCQCSignal
1
351	
ExCorr	T636070406482196472
X	Y
300	0.196500048
301	0.1964451
302	0.196495458
303	0.19647868
304	0.1964985
305	0.1963932
306	0.196335241
307	0.196646526
308	0.196622118
309	0.196631268
310	0.19647716
311	0.1964222
312	0.196442053
313	0.196545824
314	0.1965519
315	0.1962742
316	0.19660531
317	0.19659923
318	0.1966282
319	0.196612939
320	0.196554974
321	0.1966389
322	0.196594641
323	0.196448162
324	0.19659923
325	0.196521387
326	0.196068212
327	0.196030065
328	0.196571752
329	0.196332172
330	0.196442053
331	0.196385577
332	0.1963505
333	0.196773157
334	0.19660531
335	0.1964985
336	0.196567163
337	0.196458831
338	0.196648046
339	0.196376428
340	0.195879
341	0.196377948
342	0.195529565
343	0.195998
344	0.1963795
345	0.196561083
346	0.196400836
347	0.196396276
348	0.196271136
349	0.196338281
350	0.196245208
351	0.196290985
352	0.196510717
353	0.196405426
354	0.1964512
355	0.196329132
356	0.1963032
357	0.196356609
358	0.196413055
359	0.19634743
360	0.196466461
361	0.196031585
362	0.196260467
363	0.19596903
364	0.196178064
365	0.195909515
366	0.19622691
367	0.196413055
368	0.1964268
369	0.1965519
370	0.196411535
371	0.196495458
372	0.196510717
373	0.196419165
374	0.196460351
375	0.196316913
376	0.196333721
377	0.196500048
378	0.196484789
379	0.196495458
380	0.196338281
381	0.196626678
382	0.196571752
383	0.196582422
384	0.196612939
385	0.1965519
386	0.196532086
387	0.196419165
388	0.196583971
389	0.196405426
390	0.196524456
391	0.195933923
392	0.196275726
393	0.196335241
394	0.1955555
395	0.196104839
396	0.196327612
397	0.196309283
398	0.19622536
399	0.196171954
400	0.194940552
401	0.194638446
402	0.194986328
403	0.195195392
404	0.195177063
405	0.195196912
406	0.195236579
407	0.195309833
408	0.195236579
409	0.195192322
410	0.1954365
411	0.195727929
412	0.1957203
413	0.195892736
414	0.195793554
415	0.195744708
416	0.195547864
417	0.19559212
418	0.195604339
419	0.195912555
420	0.196017846
421	0.195686743
422	0.195673
423	0.195879
424	0.196088031
425	0.195935443
426	0.196232989
427	0.195964441
428	0.195936963
429	0.1960087
430	0.196036145
431	0.196001068
432	0.196025476
433	0.196048364
434	0.195628747
435	0.195901886
436	0.1960804
437	0.196121618
438	0.196335241
439	0.196141437
440	0.196243688
441	0.196237579
442	0.196007177
443	0.196197912
444	0.196290985
445	0.1962864
446	0.1962925
447	0.1962925
448	0.19621928
449	0.1961857
450	0.19609873
451	0.196391687
452	0.196310833
453	0.196280316
454	0.196257427
455	0.1953312
456	0.196031585
457	0.19622384
458	0.1963795
459	0.195999548
460	0.196455792
461	0.196356609
462	0.196269616
463	0.196260467
464	0.196158245
465	0.19647257
466	0.196460351
467	0.196330652
468	0.195703521
469	0.195898816
470	0.195953771
471	0.1961567
472	0.1961445
473	0.1964451
474	0.196510717
475	0.1964512
476	0.1964222
477	0.1966633
478	0.196394756
479	0.1964222
480	0.195936963
481	0.196164325
482	0.1962681
483	0.196648046
484	0.196664825
485	0.196632788
486	0.196719751
487	0.196709082
488	0.196689233
489	0.196571752
490	0.196689233
491	0.196617529
492	0.196564123
493	0.196590051
494	0.196492419
495	0.1958683
496	0.196281835
497	0.196234539
498	0.196129248
499	0.19622384
500	0.196204022
501	0.196362689
502	0.196261987
503	0.196364239
504	0.196342871
505	0.196281835
506	0.1962864
507	0.196318462
508	0.196213171
509	0.196405426
510	0.196356609
511	0.1962635
512	0.196309283
513	0.196487829
514	0.196487829
515	0.196371868
516	0.1962864
517	0.196425274
518	0.196428314
519	0.196570233
520	0.196408466
521	0.196290985
522	0.196449682
523	0.196501568
524	0.196414575
525	0.1965809
526	0.1964619
527	0.196460351
528	0.196535125
529	0.19660227
530	0.196361169
531	0.196323022
532	0.196408466
533	0.19634591
534	0.195894256
535	0.196425274
536	0.196660265
537	0.196608379
538	0.1966282
539	0.196565643
540	0.196558014
541	0.196460351
542	0.196677044
543	0.196448162
544	0.1958027
545	0.1962101
546	0.1963215
547	0.196419165
548	0.196541235
549	0.1965336
550	0.196413055
551	0.196316913
552	0.1966923
553	0.196718231
554	0.1965626
555	0.196066692
556	0.196362689
557	0.19647561
558	0.196564123
559	0.194308832
560	0.195956811
561	0.196323022
562	0.1959614
563	0.195875928
564	0.1961567
565	0.196342871
566	0.1963932
567	0.196318462
568	0.196280316
569	0.196466461
570	0.196548864
571	0.196590051
572	0.196507677
573	0.196207061
574	0.194794074
575	0.196168914
576	0.196434423
577	0.19647105
578	0.196620569
579	0.196695343
580	0.196559533
581	0.19673501
582	0.196684673
583	0.196593121
584	0.196788415
585	0.196702972
586	0.19684948
587	0.1968113
588	0.196773157
589	0.196905926
590	0.195668414
591	0.196319982
592	0.196510717
593	0.1965916
594	0.196579382
595	0.196742639
596	0.196878448
597	0.19697459
598	0.196805224
599	0.1967686
600	0.196788415
601	0.1968159
602	0.196817413
603	0.196796045
604	0.197000518
605	0.19685556
606	0.196699932
607	0.196754858
608	0.196783856
609	0.196741119
610	0.196968481
611	0.196808264
612	0.196915075
613	0.1967396
614	0.196689233
615	0.196518347
616	0.196751818
617	0.196794525
618	0.1965275
619	0.196698412
620	0.196745709
621	0.196831152
622	0.196783856
623	0.196776226
624	0.196843371
625	0.19688
626	0.196831152
627	0.196820483
628	0.196861669
629	0.196823522
630	0.1968113
631	0.196825042
632	0.1967747
633	0.196789965
634	0.196835741
635	0.19688
636	0.196939483
637	0.1968693
638	0.196643457
639	0.196701452
640	0.196750268
641	0.196661785
642	0.196519867
643	0.196596161
644	0.196664825
645	0.196582422
646	0.196544275
647	0.196716711
648	0.196577862
649	0.1965626
650	0.196448162
</Group>
</Session>
