<Session>
Acquisition 1 2016-08-03 15:37:39
<Group>
Detector1
2
201		201	
D1 310:300-500	T636058240676097189	D1 310:300-500 [COR]	T636058240676097191
X	Y	X	Y
300	1116.14514	300	3910.93555
301	1025.10742	301	3636.31274
302	971.0858	302	3487.957
303	1150.15955	303	4142.868
304	1214.18762	304	4378.74756
305	1401.2738	305	5047.81348
306	1507.32581	306	5426.682
307	1839.5033	307	6571.466
308	2004.59973	308	7105.937
309	2264.7627	309	7965.49463
310	2193.7168	310	7624.956
311	2283.77539	311	7905.206
312	1928.55481	312	6647.127
313	1911.5448	313	6485.448
314	1575.36047	314	5262.33252
315	1489.31677	315	4987.01074
316	1541.3429	316	5174.28174
317	1603.37488	317	5331.469
318	1539.34192	318	5071.69141
319	1707.43	319	5544.124
320	1806.48474	320	5781.982
321	1910.54407	321	6073.169
322	1858.51428	322	5865.628
323	2002.59851	323	6320.99658
324	2021.61	324	6381.638
325	2232.74219	325	7001.089
326	2059.6333	326	6416.353
327	2323.80176	327	7242.96143
328	2536.94775	328	7905.686
329	2630.01465	329	8092.004
330	2780.12549	330	8446.245
331	3000.29688	331	9106.646
332	3240.49463	332	9827.162
333	3472.69727	333	10614.66
334	4253.456	334	13099.4629
335	5249.601	335	15991.1367
336	5949.524	336	17915.918
337	7143.324	337	21578.8027
338	8942.575	338	27105.2656
339	11359.96	339	34323.59
340	14523.7686	340	43730.7031
341	19255.668	341	58045.5742
342	28250.084	342	85293.56
343	41701.5156	343	125769.828
344	66002.625	344	198597.656
345	105949.383	345	318800.844
346	165360.828	346	497604
347	242470.391	347	725259.063
348	340897.063	348	1013073.75
349	460105.656	349	1351065.63
350	588257.25	350	1707003
351	730239.6	351	2106421.75
352	873134.9	352	2503163
353	1010126.31	353	2874287.5
354	1138098.13	354	3212160.75
355	1245754.38	355	3523775.25
356	1332610.5	356	3778612.75
357	1387679.25	357	3911131.5
358	1413893.13	358	3960999.5
359	1407891.75	359	3912751.5
360	1385835.38	360	3818907.75
361	1341504.88	361	3708745.25
362	1291681	362	3583219.25
363	1240229.5	363	3428769.25
364	1194616	364	3292065.5
365	1161216.5	365	3197794
366	1138844.13	366	3133921.5
367	1133738.38	367	3118226.25
368	1132685.75	368	3112671.75
369	1141497.63	369	3135002.5
370	1147845.5	370	3151323.75
371	1155379.63	371	3171549.75
372	1163807.5	372	3194248.75
373	1164356.63	373	3197670.25
374	1163363.13	374	3197528
375	1150719	375	3181612
376	1135944.75	376	3142325.5
377	1120265.38	377	3111793
378	1096737.13	378	3059932.25
379	1067722.5	379	2974673.75
380	1034432.75	380	2861747.5
381	1002921.44	381	2765176.75
382	960039.6	382	2639119.5
383	924058.938	383	2541393
384	879481.2	384	2420262.25
385	846737.4	385	2331093.25
386	805130.1	386	2218346.5
387	776214.938	387	2122793.25
388	743265.563	388	2017963.63
389	724609.3	389	1964708
390	701268.6	390	1899810.88
391	684116.7	391	1850973.13
392	666288.5	392	1797864.5
393	653959.5	393	1762845.75
394	642892.5	394	1732106.38
395	629838.1	395	1685236.75
396	613389.25	396	1630385.13
397	599180.2	397	1594072.38
398	584225.5	398	1554886.63
399	566228.438	399	1502966.13
400	549425.6	400	1454779.38
401	530903.6	401	1399080.38
402	513333.281	402	1346189.5
403	490556.7	403	1286248.63
404	473258.125	404	1240814.38
405	449298.219	405	1175140.13
406	428883.156	406	1119525.38
407	410105.6	407	1070662.88
408	388834.344	408	1014656.75
409	369681.781	409	962382.938
410	352563.875	410	915656.6
411	334825.2	411	867978.2
412	317125.781	412	820461.3
413	302357.938	413	781383.563
414	289385.1	414	746926.9
415	276620.25	415	709861.75
416	264620.781	416	675154.6
417	255567.172	417	652940.1
418	244373.172	418	625265.2
419	234415.766	419	597019.8
420	226607.469	420	574626.1
421	218884.484	421	556014.2
422	208661.672	422	532511.1
423	199446.391	423	511380.156
424	192063.516	424	492989.719
425	182718.984	425	467204.969
426	174668.813	426	444911.625
427	166314.109	427	425006.5
428	159061.531	428	407772.375
429	150661.734	429	386058.9
430	142389.219	430	364734.3
431	136070.469	431	349709.3
432	129302.906	432	333679.156
433	121890.594	433	315434.3
434	115783.969	434	300583.9
435	109927.109	435	286212.469
436	104257.867	436	272242.8
437	99404.06	437	260162.8
438	93639.73	438	245577.922
439	88748.36	439	233096.766
440	83952.3047	440	220812.234
441	79615.0859	441	210894.969
442	74985.15	442	200052.8
443	71672.26	443	191346.266
444	67183.48	444	183414.844
445	64702.49	445	173827.016
446	61208.0742	446	164466.188
447	59306.9258	447	160212
448	54818.1	448	149043.531
449	52795.0469	449	143698.891
450	50634.3867	450	137876.031
451	48453.4531	451	132443.609
452	46112.96	452	126556.492
453	43475.918	453	119540.945
454	41481.6523	454	114288.305
455	39964.043	455	110534.523
456	37022.9023	456	102788.063
457	35882.39	457	100031.484
458	34171.1055	458	95646.6
459	31990.291	459	89686.66
460	30443.3535	460	85484.96
461	28345.6426	461	79963.7
462	27220.1816	462	77100.62
463	25902.9414	463	73688.47
464	24530.7656	464	70075.32
465	23414.2031	465	67273.22
466	22297.8887	466	64429.51
467	21048.2344	467	60868.625
468	19912.3652	468	57628.06
469	19103.0527	469	55571.0938
470	18071.02	470	52812.168
471	17540.0254	471	51550.1172
472	16015.6152	472	47343.9961
473	15719.6191	473	46611.7344
474	14613.0469	474	43450.2656
475	14089.4414	475	42218.1367
476	13358.292	476	40332.582
477	12866.9063	477	39061.2773
478	12036.6758	478	36805.9961
479	11876.2607	479	36396.6055
480	11128.3936	480	34231.82
481	10823.6641	481	33412.7
482	10150.1191	482	31440.5723
483	9788.326	483	30427.9941
484	9327.354	484	29085.6563
485	8512.739	485	26705.8711
486	8346.426	486	26339.4883
487	7921.651	487	25110.5566
488	7593.07666	488	24175.2754
489	7483.89	489	23964.7266
490	6720.6543	490	21644.293
491	6580.44	491	21339.5488
492	6206.888	492	20272.1836
493	6189.864	493	20302.08
494	5842.37646	494	19231.0488
495	5516.942	495	18266.9277
496	5316.685	496	17704.998
497	4819.082	497	16173.8877
498	4788.046	498	16194.7256
499	4609.843	499	15634.959
500	4465.683	500	15185.8164
</Group>
<Group>
RCQCSignal
1
201	
ExCorr	T636058240676097190
X	Y
300	0.570034564
301	0.5702925
302	0.5703413
303	0.5698225
304	0.570231438
305	0.570263445
306	0.5699918
307	0.5701353
308	0.570249736
309	0.5690946
310	0.570152044
311	0.5701673
312	0.5702528
313	0.5704069
314	0.570304632
315	0.570342839
316	0.570321441
317	0.5704786
318	0.570396245
319	0.5705778
320	0.5705366
321	0.570393145
322	0.5703855
323	0.570467949
324	0.5705503
325	0.5706678
326	0.570657134
327	0.570481658
328	0.57071054
329	0.5707441
330	0.5706434
331	0.570673943
332	0.5706678
333	0.570692241
334	0.5708784
335	0.570651054
336	0.5706617
337	0.5707533
338	0.5707151
339	0.5706495
340	0.5707533
341	0.5708631
342	0.570731938
343	0.5701795
344	0.57033366
345	0.5705183
346	0.570673943
347	0.570615947
348	0.570799053
349	0.5707792
350	0.5706144
351	0.5707441
352	0.5709669
353	0.5707472
354	0.5708647
355	0.5709196
356	0.5708464
357	0.5709257
358	0.5709974
359	0.5708143
360	0.5708677
361	0.5709852
362	0.570995867
363	0.5710844
364	0.571053863
365	0.5710783
366	0.571116447
367	0.571005046
368	0.5710798
369	0.571058452
370	0.5708952
371	0.570968449
372	0.5710371
373	0.571174443
374	0.5711912
375	0.569457769
376	0.570821941
377	0.571018755
378	0.571041644
379	0.5693571
380	0.5708433
381	0.571183562
382	0.5712736
383	0.5712172
384	0.5710798
385	0.571151555
386	0.5709898
387	0.571092
388	0.5710569
389	0.5710661
390	0.5708021
391	0.5704847
392	0.5709791
393	0.571072161
394	0.5708967
395	0.5711012
396	0.5711149
397	0.5709852
398	0.571156144
399	0.570998967
400	0.5707167
401	0.57084024
402	0.5710295
403	0.5711454
404	0.5712034
405	0.5712248
406	0.570988238
407	0.5708509
408	0.5710615
409	0.571175933
410	0.5712751
411	0.5710905
412	0.570982158
413	0.5710844
414	0.5712614
415	0.571269035
416	0.5712553
417	0.57133466
418	0.5713423
419	0.571470439
420	0.5714323
421	0.5724241
422	0.571755767
423	0.5704008
424	0.57108897
425	0.5712568
426	0.571412444
427	0.571415544
428	0.5714415
429	0.5714003
430	0.5712919
431	0.571533
432	0.571327031
433	0.5714811
434	0.5714186
435	0.5714308
436	0.5714415
437	0.5714277
438	0.5715498
439	0.5715086
440	0.5715086
441	0.571565032
442	0.571568131
443	0.57162
444	0.5594265
445	0.569874346
446	0.571169853
447	0.5714933
448	0.5711683
449	0.5712782
450	0.5717665
451	0.5719755
452	0.5720534
453	0.572112858
454	0.572076261
455	0.5721068
456	0.57218
457	0.572158635
458	0.5721647
459	0.5721815
460	0.57221204
461	0.5720503
462	0.572205961
463	0.5722273
464	0.5723433
465	0.5722441
466	0.572193742
467	0.572126567
468	0.57208997
469	0.572022855
470	0.5722441
471	0.572302043
472	0.5722441
473	0.572193742
474	0.572314262
475	0.572242558
476	0.572209
477	0.5722624
478	0.571281254
479	0.5722181
480	0.5722944
481	0.572318852
482	0.572411954
483	0.572282255
484	0.5723967
485	0.5723341
486	0.572314262
487	0.572413445
488	0.5725279
489	0.572497368
490	0.572454631
491	0.5725355
492	0.5724592
493	0.5723112
494	0.5725218
495	0.572518766
496	0.572582841
497	0.5725981
498	0.572617948
499	0.57272476
500	0.572900236
</Group>
</Session>
