<Session>
Acquisition 1 2016-07-13 16:23:33
<Group>
Detector1
2
281		281	
D1 337:320-600	T636040156528603419	D1 337:320-600 [COR]	T636040156528603421
X	Y	X	Y
320	25375.93	320	27747.125
321	26492.8945	321	28751.34
322	27291.3086	322	29396.28
323	28083.8184	323	30271.5527
324	28782.8984	324	31012.8262
325	29460.95	325	31546.793
326	30731.7871	326	32691.2715
327	32398.5547	327	34464.97
328	33963.1641	328	36129.0742
329	35209.97	329	36997.15
330	36683.77	330	38045.3242
331	39166.9453	331	40601.99
332	41200.5625	332	42676.3359
333	43307.6445	333	45204.832
334	47213.4922	334	49658.16
335	51106.2227	335	53139.4531
336	56961.125	336	58536.6875
337	66790.65	337	68888.47
338	85562.56	338	88539.47
339	126929.992	339	130887.734
340	225802.2	340	232121.109
341	439730.7	341	452640.1
342	872757.1	342	899887.9
343	1532734.25	343	1577263.5
344	2363200.75	344	2426175.25
345	3049349.5	345	3132908.5
346	3363247.5	346	3454362.75
347	3247531.25	347	3314233.5
348	2920132	348	2962700.5
349	2580474.75	349	2586350
350	2266785.25	350	2243242.75
351	2019521.75	351	1987720.13
352	1797323.63	352	1761637.88
353	1592880.38	353	1548378.13
354	1398196.5	354	1345741.13
355	1227331.75	355	1184467.75
356	1071582.13	356	1036451.75
357	944726.1	357	908524.4
358	827533.75	358	791511.938
359	737222.5	359	699097.8
360	664565.063	360	624871.2
361	616054	361	581533.063
362	583266.563	362	552145.938
363	568180.5	363	536334
364	563787.7	364	530203.25
365	569377.4	365	535078
366	587014	366	551349.563
367	611277.6	367	573841.438
368	636635.25	368	597073.2
369	664322.9	369	622812.4
370	689648.6	370	646039
371	711767.1	371	666479.9
372	733524.1	372	688605.438
373	742946.9	373	696120.6
374	752758.4	374	705663.2
375	759584.4	375	714237.8
376	769559.25	376	726044.5
377	773513.2	377	732910.563
378	780712.5	378	743130.438
379	791269.75	379	750034.8
380	807766.938	380	762390.438
381	825361.5	381	776811.6
382	850307.75	382	798272.063
383	877998.75	383	824076.938
384	911648.4	384	856051.6
385	957942.938	385	900962.3
386	1009116.81	386	948396.7
387	1062974.5	387	991931.563
388	1129361.38	388	1046077
389	1194034.88	389	1104618.38
390	1279875.63	390	1182602
391	1354522.63	391	1249671.25
392	1436467.88	392	1323023
393	1502531.88	393	1382925.5
394	1577236.38	394	1449800.75
395	1650719	395	1507722.75
396	1730042.63	396	1570055.63
397	1796229.13	397	1631182.25
398	1872068.63	398	1701582.13
399	1937585.5	399	1755631.5
400	2009530.25	400	1815892.63
401	2078773.88	401	1869830.63
402	2146987.25	402	1922490.25
403	2214578.75	403	1982109.63
404	2288227.5	404	2048236.25
405	2359165.25	405	2106590.75
406	2439487.75	406	2173127
407	2518312	407	2243168.25
408	2597378.25	408	2313526
409	2674355	409	2376769.25
410	2758896	410	2446161
411	2837453.5	411	2509708.75
412	2912189.25	412	2568616.75
413	2985034.5	413	2630901
414	3054901.75	414	2690256.25
415	3115202	415	2728653.5
416	3170811.75	416	2760777
417	3210787.25	417	2799085.5
418	3244893	418	2833962.5
419	3276688.25	419	2849093.5
420	3294451.5	420	2851177.5
421	3298216.5	421	2864407.25
422	3302832.25	422	2879763.25
423	3294411	423	2877862.5
424	3281606.25	424	2873759
425	3256575.75	425	2842589.25
426	3228508.25	426	2805950.25
427	3195080	427	2784306
428	3152701.75	428	2757161
429	3109157.75	429	2717251.5
430	3056798.25	430	2670191.5
431	3002765.25	431	2635439.75
432	2938747.5	432	2585064.75
433	2873692.75	433	2535918.25
434	2804096	434	2482439.25
435	2737301	435	2430696
436	2661643.25	436	2370838.75
437	2585580	437	2308952.75
438	2509002.75	438	2245131.25
439	2431238	439	2178923
440	2344866	440	2104714
441	2266152.5	441	2049095.38
442	2184217.25	442	1989378.5
443	2104969.5	443	1918981.88
444	2027336.5	444	1848494.63
445	1947739.75	445	1780223.25
446	1868624.38	446	1712212.63
447	1797211.88	447	1657077.38
448	1720279.63	448	1595310.88
449	1653122.63	449	1534629.88
450	1581142.75	450	1469516.75
451	1516434.38	451	1414967.75
452	1451139.5	452	1359645.88
453	1386245.38	453	1301736.63
454	1335056.5	454	1255997.25
455	1273876.88	455	1203588.38
456	1218315.5	456	1155440.5
457	1161659.75	457	1106406.25
458	1110673.38	458	1062361.75
459	1060151	459	1015822.81
460	1009577	460	968875.9
461	965778.2	461	931119.25
462	919858.563	462	890365.1
463	878356.4	463	853649.25
464	834462.75	464	814550.25
465	795720.5	465	781001.5
466	756076.563	466	746200.75
467	720660.25	467	711767.2
468	684486	468	676494.4
469	655023.063	469	650660.8
470	619844.2	470	618377.75
471	590290.4	471	592542.3
472	563358.938	472	568472.6
473	535366.063	473	541859.7
474	508483.375	474	516380.031
475	485230.25	475	496634.625
476	461976.2	476	476309.125
477	441219.469	477	457379.75
478	420785.719	478	438723.4
479	399152.344	479	417722
480	380294.375	480	399717.031
481	362616.969	481	382317.531
482	344921.438	482	364913.719
483	329191.563	483	349464.625
484	317796.9	484	338128.875
485	298945.4	485	320211.563
486	286867.281	486	309099.2
487	273161.656	487	295769.344
488	260336.328	488	283207.875
489	247794.984	489	271046.875
490	235572.281	490	259225.484
491	226032.4	491	250394.625
492	213101.8	492	237764.375
493	203510.891	493	227973.719
494	193888.438	494	218068.016
495	184971.5	495	209267.281
496	173932.547	496	197936.6
497	166135.6	497	190586.188
498	156574.422	498	181025.188
499	150023.547	499	173892.391
500	142759.781	500	165960.313
501	135466.469	501	158306.469
502	129951.109	502	152751.938
503	123319.164	503	145503.672
504	118564.766	504	140341.156
505	112337.6	505	133554.484
506	106626.984	506	127388.813
507	101550.563	507	122275.125
508	95846.125	508	116327.453
509	92061.05	509	112489.758
510	88265.5859	510	108586.336
511	84579.82	511	104388.188
512	79929.17	512	98896.5
513	75346.81	513	93957.5547
514	72908.53	514	91650.03
515	68391.41	515	86467.58
516	65837.94	516	83745.2344
517	62704.3945	517	80094.8047
518	59262.0938	518	75950.7
519	57251.4727	519	73815.1
520	54242.6133	520	70347.7344
521	52410.875	521	68335.51
522	49669.58	522	65085.3359
523	47944.5352	523	63302.9258
524	45541.7773	524	60557.7539
525	43871.6328	525	58609.82
526	41617.0664	526	55854.12
527	39773.82	527	53746.49
528	38434.16	528	52292.1328
529	37346.77	529	51122.0938
530	35237.1641	530	48590.1133
531	33922.8867	531	46947.2227
532	32739.8281	532	45470.7969
533	31161.5117	533	43544.6641
534	30179.3418	534	42399.28
535	28882.4883	535	40845.1445
536	27599.0449	536	39286.31
537	26972.5313	537	38604.0352
538	26400.39	538	37986.59
539	24651.1914	539	35578.43
540	24242.127	540	35086.55
541	22883.5137	541	33374.0742
542	22180.2344	542	32568.084
543	21363.5488	543	31504.2012
544	21088.3379	544	31241.7852
545	20128.2285	545	29981.6289
546	19404.25	546	29029.7148
547	19436.38	547	29237.9063
548	17965.6445	548	27176.2031
549	17874.3027	549	27188.6973
550	17115.5254	550	26163.79
551	16762.2715	551	25763.65
552	16230.4287	552	25075.29
553	15836.1006	553	24609.375
554	15297.3359	554	23899.3848
555	15000.3887	555	23619.8672
556	14381.4688	556	22818.2441
557	13640.2705	557	21757.2148
558	13567.06	558	21780.72
559	13338.4072	559	21537.3438
560	12778.8545	560	20762.05
561	12685.6016	561	20779.5684
562	12377.7793	562	20427.1113
563	12275.5107	563	20390.5488
564	11805.3008	564	19738.3438
565	11917.5859	565	20076.3867
566	11520.59	566	19550.625
567	10848.9766	567	18586.207
568	10562.3154	568	18262.47
569	10811.8906	569	18831.4414
570	10215.5381	570	17868.8711
571	10310.749	571	18196.9551
572	9876.801	572	17668.123
573	10142.377	573	18119.4961
574	10061.1992	574	18030.0527
575	9641.303	575	17390.55
576	9392.788	576	17051.7227
577	9125.248	577	16666.9336
578	9435.877	578	17328.4121
579	9184.366	579	17005.1973
580	8896.799	580	16566.4824
581	8886.779	581	16629.1133
582	8691.403	582	16342.6338
583	8765.545	583	16597.38
584	8548.133	584	16297.7939
585	8065.25049	585	15445.457
586	8095.304	586	15574.5381
587	8080.278	587	15610.2686
588	8081.28	588	15679.6143
589	8279.637	589	16155.5527
590	8071.261	590	15829.9
591	7943.03467	591	15689.2129
592	8037.20068	592	15982.541
593	7777.74756	593	15581.62
594	8015.16162	594	16149.7725
595	7665.556	595	15499.4385
596	7823.82764	596	15869.19
597	7622.483	597	15575.0459
598	7377.07373	598	15187.6641
599	7414.13525	599	15384.7529
600	7301.951	600	15264.0146
</Group>
<Group>
RCQCSignal
1
281	
ExCorr	T636040156528603420
X	Y
320	1.29092407
321	1.29144144
322	1.29187322
323	1.29126441
324	1.29208994
325	1.29173291
326	1.29181528
327	1.29204416
328	1.29230809
329	1.29183662
330	1.29213417
331	1.29159248
332	1.291478
333	1.29178929
334	1.29211581
335	1.29226387
336	1.29257822
337	1.292157
338	1.2921952
339	1.292473
340	1.29223025
341	1.29225171
342	1.29182744
343	1.29172373
344	1.29208529
345	1.29157877
346	1.29241192
347	1.29276443
348	1.29236913
349	1.29261792
350	1.29334569
351	1.29296124
352	1.29091954
353	1.291443
354	1.293982
355	1.29348159
356	1.29358685
357	1.29340065
358	1.2927705
359	1.29312146
360	1.29324508
361	1.29263163
362	1.29340672
363	1.2928803
364	1.29348457
365	1.29356086
366	1.29342353
367	1.2931596
368	1.29346478
369	1.29311228
370	1.29331982
371	1.29384017
372	1.29052591
373	1.29407811
374	1.29452217
375	1.29432535
376	1.29373181
377	1.29398048
378	1.29382026
379	1.29353952
380	1.29337776
381	1.29339457
382	1.29303443
383	1.29380965
384	1.29369211
385	1.29230809
386	1.29393935
387	1.29373026
388	1.29386449
389	1.29376686
390	1.29363418
391	1.29322827
392	1.29304671
393	1.292856
394	1.29346013
395	1.29320538
396	1.292975
397	1.29302073
398	1.29274452
399	1.292978
400	1.292659
401	1.29275823
402	1.2927109
403	1.29335189
404	1.293271
405	1.29333508
406	1.29332137
407	1.29329693
408	1.29320991
409	1.29328012
410	1.29348457
411	1.29381418
412	1.29461372
413	1.29437113
414	1.29422927
415	1.29371655
416	1.293956
417	1.2942704
418	1.29385078
419	1.29388285
420	1.29421246
421	1.29420781
422	1.29359138
423	1.29412544
424	1.29390883
425	1.29351974
426	1.2944963
427	1.29525161
428	1.29483962
429	1.2950151
430	1.29494941
431	1.29367077
432	1.29558885
433	1.29543769
434	1.29525924
435	1.29512036
436	1.29490519
437	1.29454207
438	1.294832
439	1.29465806
440	1.29452074
441	1.29429793
442	1.294156
443	1.29396367
444	1.29477251
445	1.29479992
446	1.29469764
447	1.29427958
448	1.29442763
449	1.29473281
450	1.29487932
451	1.29518449
452	1.29524553
453	1.29490364
454	1.29503489
455	1.294571
456	1.2947557
457	1.29451454
458	1.29424453
459	1.29408884
460	1.29418492
461	1.29384923
462	1.2943238
463	1.29473579
464	1.29470384
465	1.29486251
466	1.29492652
467	1.29489148
468	1.29493117
469	1.29488838
470	1.29578257
471	1.295215
472	1.295833
473	1.29577959
474	1.29528213
475	1.29499221
476	1.295273
477	1.29543626
478	1.295099
479	1.29528368
480	1.29465806
481	1.29529893
482	1.29547441
483	1.295363
484	1.29674852
485	1.29572463
486	1.29567277
487	1.29535234
488	1.29524088
489	1.29550028
490	1.29506087
491	1.29553545
492	1.29533553
493	1.29528511
494	1.2951982
495	1.295183
496	1.29514635
497	1.29491746
498	1.29488993
499	1.29540718
500	1.29539347
501	1.29561472
502	1.29498911
503	1.29478014
504	1.29530191
505	1.29585743
506	1.29570627
507	1.29607868
508	1.29618692
509	1.29595506
510	1.29561627
511	1.29532182
512	1.2959398
513	1.29598093
514	1.295656
515	1.29588175
516	1.2956605
517	1.29538286
518	1.29620075
519	1.29617167
520	1.29625416
521	1.29611981
522	1.29639149
523	1.29604506
524	1.296277
525	1.29620075
526	1.29618549
527	1.29620373
528	1.29617023
529	1.29686141
530	1.29584062
531	1.297255
532	1.29873526
533	1.2974993
534	1.29720926
535	1.29713452
536	1.29705215
537	1.296834
538	1.29674387
539	1.29674387
540	1.29705369
541	1.29646313
542	1.29693162
543	1.29711318
544	1.29688275
545	1.29632127
546	1.297101
547	1.29687512
548	1.29652262
549	1.29638684
550	1.29699564
551	1.2970171
552	1.2973665
553	1.29687512
554	1.29699564
555	1.29666758
556	1.29656386
557	1.29764426
558	1.29716814
559	1.29765487
560	1.29752982
561	1.29716659
562	1.29764426
563	1.297603
564	1.29745042
565	1.2971468
566	1.29699874
567	1.29680347
568	1.2968477
569	1.29496622
570	1.29700184
571	1.29737568
572	1.29169929
573	1.29774189
574	1.29808056
575	1.29808819
576	1.29814315
577	1.29778159
578	1.29818892
579	1.29661119
580	1.29823315
581	1.29844832
582	1.29869246
583	1.29830182
584	1.29794788
585	1.297899
586	1.29760456
587	1.29761219
588	1.29739094
589	1.29716969
590	1.29759383
591	1.29743826
592	1.29767323
593	1.29707658
594	1.29857647
595	1.29823935
596	1.29835224
597	1.29857957
598	1.29850483
599	1.29821026
600	1.29850781
</Group>
</Session>
