<Session>
Acquisition 1 2016-07-13 16:13:51
<Group>
Detector1
2
281		281	
D1 337:320-600	T636040156528602390	D1 337:320-600 [COR]	T636040156528602392
X	Y	X	Y
320	245.640686	320	798.2172
321	154.6236	321	481.227
322	232.638123	322	692.0303
323	154.6236	323	443.4667
324	265.644653	324	733.124756
325	279.647522	325	750.2072
326	268.645264	326	699.9554
327	190.630127	327	471.9609
328	248.6413	328	583.435
329	313.654541	329	713.7264
330	548.7096	330	1210.254
331	1771.17407	331	3801.55469
332	5044.889	332	10537.3193
333	12606.3418	333	25647.0449
334	24730.3086	334	48987.48
335	39902.28	335	76565.1953
336	54902.0078	336	101955.813
337	62630.4375	337	114964.617
338	60224.71	338	109129.781
339	48804.2031	339	86142.97
340	32784.6875	340	56338.66
341	17441.56	341	29621.4863
342	7745.74072	342	12994.0254
343	2881.85522	343	4737.32031
344	1756.16675	344	2826.747
345	1938.261	345	3090.28369
346	2092.3457	346	3302.60327
347	2472.57568	347	3825.03931
348	2566.637	348	3892.10522
349	3213.1062	349	4786.995
350	3424.27734	350	5009.81
351	3834.63574	351	5511.37451
352	4286.06934	352	6047.325
353	4708.51172	353	6567.819
354	5067.916	354	6983.60742
355	5413.32861	355	7386.869
356	5842.87549	356	7893.68945
357	5859.898	357	7825.944
358	6154.295	358	8114.216
359	6473.74561	359	8328.015
360	6565.879	360	8237.66
361	6369.596	361	7991.876
362	6824.263	362	8565.465
363	6823.26172	363	8503.306
364	6778.194	364	8389.736
365	6641.99072	365	8106.12939
366	6611.947	366	7965.389
367	6589.914	367	7933.12939
368	6591.917	368	7924.634
369	6664.02344	369	7903.11328
370	6568.8833	370	7684.747
371	6832.27539	371	7972.29346
372	6857.313	372	7984.615
373	6666.02637	373	7707.5127
374	6833.277	374	7841.938
375	6741.138	375	7724.94141
376	6687.05762	376	7650.006
377	6638.98633	377	7545.1123
378	6850.30273	378	7732.44043
379	6774.1875	379	7570.43359
380	6751.15332	380	7462.364
381	6451.714	381	7077.295
382	6477.751	382	7055.303
383	6197.35449	383	6746.26758
384	6197.35449	384	6741.61328
385	6251.42969	385	6759.734
386	5992.074	386	6445.37549
387	5677.661	387	6032.52734
388	5578.53467	388	5847.99756
389	5572.52734	389	5783.293
390	5395.30664	390	5543.61572
391	5124.98242	391	5234.979
392	4953.78467	392	5036.906
393	5083.93457	393	5149.7124
394	4647.44531	394	4693.342
395	4893.717	395	4890.56934
396	4849.66748	396	4796.341
397	4531.322	397	4456.56836
398	4651.44971	398	4549.25537
399	4509.29834	399	4380.00342
400	4277.06	400	4127.19971
401	4310.09326	401	4123.97852
402	3984.77539	402	3778.70142
403	3868.667	403	3648.82471
404	4055.84326	404	3805.50513
405	3828.63037	405	3585.03
406	3729.541	406	3484.56567
407	3565.397	407	3316.65332
408	3363.227	408	3116.77222
409	3414.269	409	3138.19946
410	3194.091	410	2917.66333
411	3163.067	411	2884.583
412	2904.872	412	2644.00659
413	2835.822	413	2569.99487
414	2813.8064	414	2539.042
415	2737.753	415	2452.90747
416	2475.57764	416	2200.27734
417	2550.62622	417	2265.69141
418	2278.45459	418	2024.301
419	2178.39526	419	1922.15674
420	2209.41357	420	1936.91272
421	2067.33179	421	1813.12573
422	2022.30664	422	1774.671
423	2000.29443	423	1752.00879
424	1878.229	424	1640.54785
425	1774.17578	425	1545.45313
426	1753.16528	426	1523.5116
427	1746.16162	427	1519.2782
428	1592.0874	428	1386.23462
429	1527.05762	429	1327.90271
430	1513.05127	430	1314.20825
431	1419.00977	431	1235.236
432	1470.032	432	1282.79333
433	1438.01807	433	1256.88171
434	1314.96582	434	1150.9292
435	1314.96582	435	1150.29456
436	1330.97241	436	1163.40942
437	1044.86218	437	916.9501
438	1167.90759	438	1029.44165
439	1064.86938	439	940.491455
440	1089.87842	440	963.6833
441	980.8397	441	869.960754
442	973.8373	442	868.0808
443	933.8237	443	833.842834
444	862.8004	444	772.030334
445	770.771851	445	692.139648
446	888.808838	446	800.9612
447	796.7798	447	721.472046
448	756.7676	448	688.739136
449	632.732056	449	575.7126
450	653.7378	450	594.968445
451	596.7223	451	545.6282
452	621.729	452	571.271667
453	632.732056	453	584.0715
454	342.660767	454	316.98233
455	597.722534	455	554.3648
456	577.717163	456	537.172
457	459.6875	457	428.9973
458	530.7051	458	497.1257
459	445.684082	459	418.1068
460	438.6825	460	412.1871
461	416.677368	461	395.1027
462	434.681519	462	415.3793
463	378.6687	463	362.934448
464	322.6565	464	310.138977
465	414.67688	465	401.099152
466	317.6554	466	308.839569
467	335.6593	467	328.28952
468	241.6399	468	235.30069
469	303.652466	469	297.846832
470	336.659424	470	332.083954
471	271.645874	471	269.811523
472	244.6405	472	244.513382
473	279.647522	473	280.8349
474	253.642273	474	255.832565
475	325.6571	475	330.2588
476	302.652222	476	308.279327
477	211.6341	477	217.103043
478	224.6366	478	232.08522
479	349.662231	479	362.890076
480	225.63678	480	235.232483
481	265.644653	481	278.86557
482	219.63562	482	232.177322
483	160.624634	483	170.317444
484	195.6311	484	207.8966
485	188.629761	485	201.303116
486	199.631836	486	213.9658
487	146.622131	487	158.021011
488	139.620911	488	151.379532
489	173.627014	489	189.677414
490	215.634888	490	237.325531
491	200.632019	491	222.36702
492	126.618652	492	141.25882
493	121.6178	493	136.458527
494	147.622314	494	166.488968
495	125.618469	495	142.580688
496	173.627014	496	198.355179
497	172.626831	497	198.224838
498	109.615723	498	126.517426
499	178.62793	499	206.9927
500	118.617249	500	138.018021
501	114.616577	501	134.330368
502	114.616577	502	135.234421
503	147.622314	503	175.130966
504	148.6225	504	177.34964
505	105.615051	505	126.569649
506	146.622131	506	176.656784
507	122.61792	507	148.692581
508	152.62323	508	186.352646
509	-6.402649	509	-7.85619068
510	108.61554	510	134.0357
511	208.633545	511	259.067932
512	141.621277	512	176.870224
513	97.61371	513	122.861893
514	24.60199	514	31.2123051
515	51.6062	515	65.82448
516	29.6027832	516	37.95877
517	140.6211	517	181.564987
518	88.61218	518	115.257645
519	64.60828	519	84.57514
520	168.6261	520	222.220657
521	130.619324	521	173.313751
522	130.619324	522	174.598343
523	67.6087646	523	90.8733139
524	100.6142	524	136.098953
525	144.621765	525	197.131409
526	-14.4038086	526	-19.78123
527	85.6116943	527	118.368431
528	103.614685	528	144.220551
529	1.59851074	529	2.23928165
530	10.5998535	530	14.9525013
531	98.61383	531	139.916748
532	67.6087646	532	96.5683441
533	70.60925	533	101.38916
534	113.616394	534	164.214432
535	134.620056	535	195.585083
536	146.622131	536	214.215729
537	112.616211	537	165.690445
538	-2.40209961	538	-3.5596087
539	83.61139	539	124.600929
540	99.61401	540	149.284256
541	27.602417	541	41.6750145
542	-24.4052734	542	-37.11687
543	18.6010742	543	28.4511948
544	-26.4055786	544	-40.6290245
545	155.623718	545	240.788528
546	-6.402649	546	-9.951187
547	161.624817	547	253.136383
548	141.621277	548	223.620377
549	99.61401	549	158.168259
550	138.620728	550	221.414352
551	48.6057129	551	78.06373
552	55.60681	552	89.93842
553	43.60492	553	71.13723
554	55.60681	554	91.50335
555	27.602417	555	45.7194366
556	69.60907	556	116.093704
557	-37.4071045	557	-62.8359451
558	23.6018066	558	39.9322739
559	92.612854	559	157.851028
560	77.61035	560	133.2481
561	-32.4064331	561	-56.11068
562	73.60974	562	128.50029
563	17.6008911	563	30.9756813
564	-24.4052734	564	-43.33931
565	34.6035156	565	61.9787674
566	14.6004639	566	26.3648167
567	29.6027832	567	53.9854
568	52.6063232	568	96.84571
569	88.61218	569	164.366
570	62.60797	570	117.0253
571	73.60974	571	139.0881
572	52.6063232	572	100.470184
573	47.60553	573	91.30369
574	186.6294	574	359.676819
575	39.60431	575	76.83043
576	74.60986	576	145.78363
577	-13.4036865	577	-26.4068756
578	111.616028	578	221.640869
579	-16.4041138	579	-32.7705421
580	12.6001587	580	25.3128452
581	27.602417	581	55.894886
582	-9.403076	582	-19.1705437
583	40.60443	583	83.4234
584	125.618469	584	260.139221
585	110.615906	585	230.475037
586	96.6135254	586	202.621613
587	18.6010742	587	39.279
588	22.6016846	588	48.0297966
589	82.6112061	589	176.407822
590	39.60431	590	84.99313
591	119.617432	591	259.278473
592	11.6000366	592	25.2859783
593	22.6016846	593	49.6356049
594	10.5998535	594	23.4547634
595	9.599731	595	21.3877735
596	105.615051	596	237.606842
597	-3.40222168	597	-7.684116
598	53.6065063	598	122.045555
599	33.6033936	599	77.1116
600	16.600769	600	38.4177475
</Group>
<Group>
RCQCSignal
1
281	
ExCorr	T636040156528602391
X	Y
320	1.28669107
321	1.28661013
322	1.286633
323	1.28643012
324	1.28694737
325	1.28683138
326	1.286749
327	1.28715944
328	1.287393
329	1.28738689
330	1.28674138
331	1.28800631
332	1.28832221
333	1.288516
334	1.28828561
335	1.288197
336	1.28790569
337	1.28768444
338	1.28895855
339	1.2889936
340	1.28877389
341	1.28854346
342	1.28879988
343	1.28882885
344	1.28926373
345	1.28878
346	1.28884566
347	1.28944218
348	1.28932166
349	1.28913856
350	1.28914165
351	1.28948653
352	1.29036546
353	1.2897352
354	1.289871
355	1.28950942
356	1.28927743
357	1.28856182
358	1.28935218
359	1.28955209
360	1.28953373
361	1.28976417
362	1.289601
363	1.28990614
364	1.28973973
365	1.29057908
366	1.289752
367	1.28959024
368	1.29027236
369	1.29024947
370	1.29003739
371	1.29015636
372	1.28966653
373	1.28973067
374	1.29032576
375	1.29013658
376	1.29024947
377	1.29025555
378	1.290486
379	1.28984356
380	1.2903105
381	1.29067063
382	1.2903502
383	1.29001141
384	1.28986645
385	1.29059124
386	1.29030287
387	1.28971684
388	1.29040813
389	1.29058516
390	1.29058051
391	1.29117107
392	1.29006326
393	1.29042649
394	1.28979778
395	1.28963447
396	1.28925145
397	1.28899968
398	1.28870833
399	1.28874493
400	1.28833139
401	1.28872967
402	1.28966653
403	1.28971076
404	1.28946054
405	1.28936446
406	1.28948343
407	1.2892133
408	1.28815126
409	1.29034555
410	1.28989851
411	1.28993964
412	1.29035163
413	1.2903105
414	1.29023111
415	1.28950024
416	1.28987253
417	1.29056835
418	1.29029059
419	1.29026008
420	1.28968179
421	1.29052866
422	1.29117107
423	1.2903471
424	1.29062486
425	1.29080939
426	1.29055464
427	1.29014111
428	1.29035926
429	1.29004037
430	1.28954446
431	1.28992748
432	1.28997171
433	1.28997326
434	1.2902571
435	1.29012585
436	1.29026628
437	1.29056525
438	1.29029679
439	1.28981757
440	1.29042649
441	1.29245889
442	1.29200423
443	1.292076
444	1.29167008
445	1.29107344
446	1.29049051
447	1.29077435
448	1.29063094
449	1.29109931
450	1.29094064
451	1.29062629
452	1.29004037
453	1.28911877
454	1.29138625
455	1.29127336
456	1.29122138
457	1.29133892
458	1.29135728
459	1.29151285
460	1.29155564
461	1.29042792
462	1.29100323
463	1.29126573
464	1.29165781
465	1.290756
466	1.29127479
467	1.28516519
468	1.29236126
469	1.29139388
470	1.2925154
471	1.29172957
472	1.29173565
473	1.29136789
474	1.29148543
475	1.290817
476	1.29146409
477	1.29149461
478	1.29143965
479	1.29157245
480	1.29167306
481	1.2914809
482	1.29118025
483	1.290904
484	1.29170978
485	1.291905
486	1.29194629
487	1.29233682
488	1.2920866
489	1.29189587
490	1.29179668
491	1.29151285
492	1.29175556
493	1.29176927
494	1.29250169
495	1.292433
496	1.29217815
497	1.29184091
498	1.291461
499	1.2915144
500	1.29138625
501	1.29129
502	1.29179978
503	1.29191577
504	1.29150522
505	1.29250169
506	1.29206979
507	1.29194629
508	1.29125047
509	1.29215682
510	1.292015
511	1.29145491
512	1.29145944
513	1.29152048
514	1.29129767
515	1.29167306
516	1.29211414
517	1.29233682
518	1.29192185
519	1.29207742
520	1.29180133
521	1.29158616
522	1.29059732
523	1.29212785
524	1.29252613
525	1.29239643
526	1.29241014
527	1.29207289
528	1.29175246
529	1.29255354
530	1.29259622
531	1.29270458
532	1.29163194
533	1.29280984
534	1.29232466
535	1.29264355
536	1.29241776
537	1.29244673
538	1.29220414
539	1.29216135
540	1.29209888
541	1.29206836
542	1.29219341
543	1.292343
544	1.29214156
545	1.29167461
546	1.29255354
547	1.29300213
548	1.292758
549	1.29346907
550	1.29364765
551	1.2935164
552	1.2913512
553	1.2925154
554	1.29355454
555	1.29402757
556	1.29400921
557	1.29373455
558	1.29335773
559	1.29316854
560	1.29300833
561	1.29273212
562	1.29272139
563	1.29374981
564	1.29350114
565	1.29351485
566	1.293997
567	1.29378951
568	1.29401839
569	1.29391313
570	1.29357135
571	1.29340041
572	1.29326153
573	1.29350269
574	1.29291523
575	1.29377425
576	1.29378188
577	1.29340649
578	1.29339588
579	1.29316235
580	1.293402
581	1.29273057
582	1.29353774
583	1.2938658
584	1.29385054
585	1.294026
586	1.29359269
587	1.29331958
588	1.29366589
589	1.29375744
590	1.29365826
591	1.29127181
592	1.294403
593	1.29433429
594	1.29405653
595	1.29347062
596	1.28911269
597	1.2942183
598	1.293965
599	1.29485917
600	1.29495835
</Group>
</Session>
