<Session>
Acquisition 1 2016-07-13 16:41:05
<Group>
Detector1
2
281		281	
D1 337:320-600	T636040156528604110	D1 337:320-600 [COR]	T636040156528604112
X	Y	X	Y
320	159.827087	320	512.236267
321	172.829651	321	530.4829
322	127.820984	322	375.13443
323	107.817322	323	304.773438
324	131.821777	324	358.86264
325	146.824585	325	388.420166
326	189.833008	326	487.820068
327	240.843384	327	588.1224
328	154.826111	328	358.434631
329	223.839844	329	502.6488
330	280.851929	330	610.7986
331	319.8606	331	677.6556
332	301.856567	332	622.167847
333	1028.07019	333	2064.31226
334	4127.167	334	8065.48145
335	10812.2217	335	20469.4844
336	21322.63	336	39059.68
337	32262.8516	337	58407.6172
338	43575.125	338	77970.3047
339	44576.0664	339	77678.84
340	41511.31	340	70425.71
341	33915.01	341	56872.6328
342	23202.2832	342	38414.65
343	14554.3037	343	23612.9727
344	7312.32129	344	11632.5938
345	3063.23047	345	4817.663
346	1117.10364	346	1738.00562
347	444.890259	347	681.483765
348	236.842529	348	354.263641
349	159.827087	349	234.839569
350	256.8468	350	370.447418
351	72.8110352	351	103.201683
352	189.833008	352	264.355835
353	105.816956	353	145.594482
354	195.834167	354	266.2027
355	136.8227	355	184.294159
356	139.823242	356	186.281326
357	192.833557	357	253.825256
358	127.820984	358	166.256714
359	25.8029785	359	32.74443
360	130.8216	360	161.917145
361	101.816223	361	126.058868
362	165.828247	362	205.352524
363	95.8151245	363	117.8536
364	169.829041	364	207.465973
365	84.81317	365	102.221657
366	133.822144	366	159.087967
367	199.834961	367	237.407059
368	143.824036	368	170.6393
369	111.818054	369	130.873489
370	103.816589	370	119.907455
371	67.81018	371	78.07907
372	139.823242	372	160.637451
373	39.80536	373	45.4155655
374	114.8186	374	129.996292
375	140.823486	375	159.27626
376	-11.2030029	376	-12.64787
377	100.81604	377	113.059547
378	77.81189	378	86.6066742
379	70.81067	379	78.03069
380	117.819153	380	128.505051
381	108.817505	381	117.79705
382	64.80963	382	69.67962
383	66.81	383	71.71906
384	42.8058472	384	45.9156075
385	54.8079224	385	58.4951324
386	60.80896	386	64.53672
387	92.8145752	387	97.263504
388	74.8114	388	77.39561
389	130.8216	389	134.09166
390	102.816406	390	104.231339
391	47.8067	391	48.2059669
392	106.817139	392	107.124138
393	171.8294	393	171.718628
394	66.81	394	66.55032
395	62.8092651	395	61.88794
396	109.817688	396	107.064659
397	58.8085938	397	57.0119247
398	141.823669	398	136.679077
399	32.80414	399	31.38546
400	132.82196	400	126.166122
401	40.805542	401	38.4658051
402	100.81604	402	94.23257
403	43.80603	403	40.72294
404	94.81494	404	87.7072144
405	64.80963	405	59.8148537
406	64.80963	406	59.69126
407	50.80719	407	46.58306
408	102.816406	408	93.82476
409	58.8085938	409	53.32113
410	56.8082275	410	51.1856232
411	182.8316	411	164.396713
412	101.816223	412	91.47062
413	183.831787	413	164.3069
414	108.817505	414	96.94429
415	145.8244	415	128.727173
416	15.8013306	416	13.8425636
417	-27.2055664	417	-23.8337975
418	51.807373	418	45.406498
419	64.80963	419	56.394043
420	83.81299	420	72.3921051
421	20.8021851	421	18.0010338
422	54.8079224	422	47.44369
423	83.81299	423	72.4016342
424	51.807373	424	44.6064377
425	71.81085	425	61.66432
426	81.81262	426	70.07979
427	104.816772	427	89.9209442
428	137.822876	428	118.282509
429	133.822144	429	114.705284
430	74.8114	430	64.01638
431	19.802002	431	16.9882374
432	89.8140259	432	77.25705
433	24.8028564	433	21.3659115
434	81.81262	434	70.6005249
435	31.8040161	435	27.4336853
436	86.81354	436	74.86967
437	-17.20398	437	-14.8797235
438	2.79919434	438	2.4305408
439	6.79986572	439	5.914398
440	63.80945	440	55.6280174
441	69.8104858	441	61.08114
442	112.818237	442	99.19986
443	33.80432	443	29.81923
444	136.8227	444	120.909019
445	1.79907227	445	1.593394
446	24.8028564	446	22.0210762
447	137.822876	447	122.998558
448	67.81018	448	60.79324
449	84.81317	449	76.08978
450	108.817505	450	97.62779
451	-3.20172119	451	-2.89209151
452	-47.20862	452	-42.749
453	45.8063354	453	41.6065865
454	-25.2052612	454	-23.0500469
455	107.817322	455	98.488884
456	-8.202576	456	-7.51401472
457	134.822327	457	123.999115
458	-5.2020874	458	-4.80277252
459	-56.20996	459	-52.0009422
460	85.8133545	460	79.49631
461	28.8034668	461	26.910614
462	59.8087769	462	56.33296
463	78.81207	463	74.48736
464	95.8151245	464	90.888916
465	23.8026733	465	22.6947212
466	55.8081055	466	53.5624962
467	86.81354	467	83.27637
468	74.8114	468	71.84107
469	29.80365	469	28.8147869
470	5.79968262	470	5.64559031
471	67.81018	471	66.43073
472	107.817322	472	106.278442
473	89.8140259	473	88.9254
474	-26.2053833	474	-26.0890484
475	47.8067	475	47.77502
476	-40.20758	476	-40.40319
477	16.8015137	477	16.9881611
478	123.820251	478	126.086189
479	49.8070679	479	50.9555
480	34.8045044	480	35.79283
481	122.820068	481	127.08255
482	-1.201416	482	-1.25981021
483	66.81	483	69.8238449
484	42.8058472	484	44.8123627
485	25.8029785	485	27.13619
486	-41.2077026	486	-43.56626
487	74.8114	487	79.4987946
488	-29.2058716	488	-31.2190857
489	36.80481	489	39.6411133
490	98.8156738	490	107.231934
491	-63.211	491	-69.0450439
492	43.80603	492	48.191452
493	26.8031616	493	29.6567516
494	11.8006592	494	13.1335649
495	74.8114	495	83.7781143
496	55.8081055	496	62.9006653
497	33.80432	497	38.29611
498	63.80945	498	72.62141
499	1.79907227	499	2.057016
500	38.8051758	500	44.5109825
501	20.8021851	501	24.0373726
502	-18.2041626	502	-21.1790371
503	20.8021851	503	24.4604321
504	24.8028564	504	29.16626
505	58.8085938	505	69.50051
506	-16.2037964	506	-19.2493114
507	-29.2058716	507	-34.93378
508	-23.204895	508	-27.9243317
509	16.8015137	509	20.331358
510	-12.203186	510	-14.8492155
511	-13.2033691	511	-16.1612244
512	5.79968262	512	7.139648
513	32.80414	513	40.69269
514	90.81421	514	113.553444
515	47.8067	515	60.11088
516	46.80652	516	59.1875153
517	39.80536	517	50.70189
518	-15.2036743	518	-19.49524
519	92.8145752	519	119.822128
520	-7.20239258	520	-9.358774
521	-7.20239258	521	-9.448156
522	-31.2061768	522	-41.09709
523	11.8006592	523	15.6473856
524	-40.20758	524	-53.6559677
525	74.8114	525	100.581924
526	43.80603	526	59.32811
527	86.81354	527	118.36039
528	-1.201416	528	-1.648145
529	-38.2072754	529	-52.77212
530	37.8049927	530	52.5943871
531	68.81036	531	96.2977448
532	10.8005371	532	15.2095528
533	4.79956055	533	6.79964256
534	-6.20220947	534	-8.841968
535	-13.2033691	535	-18.9235439
536	22.80249	536	32.870842
537	54.8079224	537	79.55199
538	102.816406	538	150.306091
539	62.8092651	539	92.31687
540	22.80249	540	33.70492
541	9.800354	541	14.5877066
542	63.80945	542	95.73127
543	78.81207	543	118.819077
544	20.8021851	544	31.5555058
545	46.80652	545	71.44734
546	-48.2088	546	-73.93684
547	21.8023071	547	33.68043
548	116.81897	548	181.94368
549	137.822876	549	216.058655
550	69.8104858	550	110.040955
551	63.80945	551	101.158775
552	15.8013306	552	25.18286
553	-21.20459	553	-34.1182632
554	29.80365	554	48.4484367
555	-40.20758	555	-65.75637
556	52.8075562	556	86.9771042
557	0.79888916	557	1.32477963
558	0.79888916	558	1.33398807
559	-75.21277	559	-126.528221
560	106.817139	560	180.962662
561	62.8092651	561	107.335312
562	44.8062134	562	77.1949539
563	60.80896	563	105.734459
564	-27.2055664	564	-47.677784
565	46.80652	565	82.73516
566	15.8013306	566	28.1750183
567	51.807373	567	93.3258
568	75.8115845	568	137.764816
569	84.81317	569	155.300735
570	78.81207	570	145.3944
571	68.81036	571	128.341064
572	40.805542	572	76.89703
573	60.80896	573	115.092987
574	-42.2078857	574	-80.2507
575	45.8063354	575	87.73108
576	32.80414	576	63.28481
577	-19.2042847	577	-37.3474274
578	5.79968262	578	11.3651018
579	39.80536	579	78.47291
580	19.802002	580	39.26676
581	35.8046875	581	71.55661
582	106.817139	582	214.954666
583	44.8062134	583	90.84185
584	55.8081055	584	114.058258
585	6.79986572	585	13.9877
586	50.80719	586	105.188042
587	78.81207	587	164.215118
588	34.8045044	588	73.0586548
589	-0.201293945	589	-0.424437135
590	68.81036	590	145.763687
591	9.800354	591	20.9385471
592	-15.2036743	592	-32.7445831
593	11.8006592	593	25.6003876
594	9.800354	594	21.4116745
595	61.8091431	595	135.861923
596	35.8046875	596	79.21622
597	42.8058472	597	95.4712143
598	4.79956055	598	10.7790737
599	63.80945	599	144.593811
600	39.80536	600	90.98723
</Group>
<Group>
RCQCSignal
1
281	
ExCorr	T636040156528604111
X	Y
320	1.30459332
321	1.30457211
322	1.30410981
323	1.3052175
324	1.30465746
325	1.30493522
326	1.30465913
327	1.30501008
328	1.304862
329	1.30455375
330	1.30498242
331	1.30487728
332	1.30555773
333	1.30552578
334	1.30583858
335	1.30564165
336	1.30562949
337	1.305634
338	1.30531979
339	1.3056066
340	1.30541134
341	1.30499625
342	1.30587053
343	1.3058598
344	1.30449271
345	1.30649614
346	1.30757356
347	1.30222368
348	1.30711722
349	1.30712342
350	1.30767727
351	1.30756426
352	1.30737352
353	1.30752015
354	1.30759335
355	1.30637264
356	1.307404
357	1.30737352
358	1.30696154
359	1.30724549
360	1.30716467
361	1.30704546
362	1.30710053
363	1.30690813
364	1.306777
365	1.30683351
366	1.30699682
367	1.30675554
368	1.30737829
369	1.30736136
370	1.30665493
371	1.30743623
372	1.30710363
373	1.30702257
374	1.30790162
375	1.30713868
376	1.30742693
377	1.3075614
378	1.308744
379	1.30807853
380	1.30764055
381	1.30789232
382	1.3071723
383	1.30815029
384	1.30811214
385	1.30756283
386	1.30774593
387	1.30764675
388	1.30757189
389	1.30673432
390	1.30805564
391	1.30795956
392	1.3079505
393	1.30796576
394	1.30761766
395	1.3079915
396	1.3078618
397	1.30768633
398	1.307836
399	1.30837607
400	1.30877447
401	1.30808473
402	1.30841279
403	1.30851507
404	1.30791831
405	1.30814409
406	1.30809069
407	1.30801916
408	1.30815935
409	1.3080678
410	1.30769563
411	1.30828452
412	1.307311
413	1.308315
414	1.30683184
415	1.308785
416	1.30865383
417	1.30857754
418	1.30796409
419	1.30838537
420	1.30898809
421	1.30796719
422	1.30893922
423	1.30831361
424	1.30928564
425	1.30941534
426	1.30926275
427	1.30845857
428	1.30912542
429	1.30875611
430	1.30895138
431	1.3088522
432	1.30862784
433	1.30885363
434	1.30864763
435	1.30835176
436	1.307749
437	1.30948544
438	1.30982423
439	1.30971432
440	1.30882311
441	1.31018281
442	1.30980277
443	1.30792594
444	1.30790162
445	1.30901384
446	1.30984855
447	1.30964255
448	1.310189
449	1.3094306
450	1.30954957
451	1.3064611
452	1.30900168
453	1.31009436
454	1.30630994
455	1.31103873
456	1.31062078
457	1.31031394
458	1.31022239
459	1.30966711
460	1.30998135
461	1.30967927
462	1.30979514
463	1.30946708
464	1.30884
465	1.30944419
466	1.30807257
467	1.31033683
468	1.31048942
469	1.31017375
470	1.30974793
471	1.30964875
472	1.30975866
473	1.3098104
474	1.30844641
475	1.30992484
476	1.30910707
477	1.31031251
478	1.31028342
479	1.31022239
480	1.3094213
481	1.31028342
482	1.30164385
483	1.30972052
484	1.31123257
485	1.31096721
486	1.30974627
487	1.31068492
488	1.31056428
489	1.3103416
490	1.31015086
491	1.31047583
492	1.30997229
493	1.30993867
494	1.30974936
495	1.3099432
496	1.309757
497	1.30941224
498	1.309722
499	1.30892849
500	1.30998588
501	1.30970216
502	1.310085
503	1.30343676
504	1.31057811
505	1.31065273
506	1.31044364
507	1.30979824
508	1.31015372
509	1.31023622
510	1.31028509
511	1.31014466
512	1.31019044
513	1.31044841
514	1.31019354
515	1.31030941
516	1.31025767
517	1.31001043
518	1.31048656
519	1.31015372
520	1.3101263
521	1.30640769
522	1.30994463
523	1.30979514
524	1.31016135
525	1.31028509
526	1.31053829
527	1.31030035
528	1.31063914
529	1.31094122
530	1.31064963
531	1.31059623
532	1.310085
533	1.31032777
534	1.3102057
535	1.31034923
536	1.30986381
537	1.31009126
538	1.30987
539	1.3101325
540	1.31002116
541	1.31059623
542	1.30992484
543	1.31113338
544	1.31064367
545	1.30928254
546	1.3098731
547	1.31090307
548	1.31061912
549	1.31010032
550	1.31087089
551	1.31043458
552	1.31054
553	1.31050944
554	1.30943346
555	1.3105917
556	1.31030178
557	1.3105154
558	1.31048489
559	1.31019354
560	1.31037211
561	1.30979681
562	1.30985475
563	1.30944586
564	1.31071067
565	1.3107214
566	1.31045127
567	1.30977678
568	1.31093192
569	1.3107307
570	1.31064677
571	1.31031561
572	1.31067562
573	1.31074119
574	1.31053066
575	1.31045294
576	1.31039643
577	1.31028342
578	1.31064677
579	1.31040549
580	1.3103354
581	1.30985475
582	1.31050181
583	1.3111608
584	1.311013
585	1.31070018
586	1.310401
587	1.31071377
588	1.30965185
589	1.31023479
590	1.31058574
591	1.310041
592	1.31008363
593	1.31026363
594	1.31061625
595	1.31104636
596	1.31084037
597	1.3105979
598	1.31173778
599	1.31127691
600	1.311054
</Group>
</Session>
