<Session>
Acquisition 1 2016-07-07 16:46:09
<Group>
Detector1
2
301		301	
D1 313:300-600	T636034834321416556	D1 313:300-600 [COR]	T636034834321416558
X	Y	X	Y
300	120.216919	300	1053.9364
301	106.214539	301	939.444946
302	123.217468	302	1099.84265
303	159.223755	303	1380.94543
304	115.216064	304	969.3102
305	157.22345	305	1300.39807
306	102.213867	306	830.771851
307	108.214905	307	852.988464
308	394.271484	308	3010.54248
309	648.335449	309	4906.768
310	1186.51355	310	8908.376
311	2519.20386	311	18118.2754
312	3812.21313	312	26179.0156
313	5327.82129	313	35414.8828
314	5917.57129	314	38194.62
315	5658.23242	315	34809.6133
316	4292.673	316	25104.0879
317	2726.343	317	15156.7275
318	1218.526	318	6437.408
319	518.301147	319	2607.672
320	257.2423	320	1230.6665
321	167.22522	321	766.309448
322	164.22467	322	719.986145
323	211.2334	323	893.3312
324	145.221313	324	591.4569
325	122.217285	325	483.828766
326	71.20874	326	273.710419
327	197.230774	327	721.067139
328	80.2102051	328	278.1581
329	121.2171	329	407.010681
330	168.2254	330	547.8181
331	91.2120361	331	289.448181
332	112.215576	332	346.4077
333	208.232788	333	626.3904
334	69.2084351	334	202.560638
335	195.230347	335	553.331665
336	210.233215	336	576.1753
337	188.229065	337	509.979523
338	97.21301	338	260.172424
339	259.242737	339	675.6937
340	218.234741	340	553.045044
341	263.24353	341	658.7936
342	285.248	342	705.6199
343	210.233215	343	509.077362
344	275.245972	344	653.6421
345	300.2511	345	706.3584
346	372.266479	346	867.6338
347	368.265625	347	839.2953
348	613.3258	348	1371.0238
349	765.369263	349	1680.34961
350	974.4365	350	2102.35181
351	1044.46094	351	2211.336
352	1142.49683	352	2377.24878
353	1293.55591	353	2657.05029
354	1437.61646	354	2915.00513
355	1713.74414	355	3442.14453
356	1794.78467	356	3573.65186
357	1895.83691	357	3730.77271
358	1741.758	358	3388.3103
359	1755.76514	359	3335.12134
360	1819.79736	360	3366.95337
361	1859.81787	361	3438.024
362	1665.721	362	3084.27319
363	1729.7522	363	3181.00342
364	1666.72144	364	3044.186
365	1758.7666	365	3164.22852
366	1656.71655	366	2939.51733
367	1809.79224	367	3209.09717
368	1784.77954	368	3166.20947
369	1830.803	369	3204.91064
370	1868.82275	370	3226.47461
371	1945.86353	371	3352.76343
372	1973.87842	372	3388.99878
373	1914.84692	373	3268.93066
374	1882.83008	374	3190.77979
375	1879.82837	375	3178.34131
376	1982.8833	376	3348.873
377	1881.82935	377	3158.425
378	1830.803	378	3051.10645
379	1782.77856	379	2936.566
380	1667.72192	380	2720.52734
381	1601.69067	381	2595.591
382	1574.678	382	2534.296
383	1582.68164	383	2540.06055
384	1443.61914	384	2314.91431
385	1276.54907	385	2037.29272
386	1510.64893	386	2398.687
387	1328.57031	387	2082.87476
388	1336.57349	388	2069.97
389	1362.58447	389	2089.968
390	1306.56116	390	1984.67
391	1343.57642	391	2016.34387
392	1281.551	392	1915.57678
393	1358.58276	393	2024.96094
394	1186.51355	394	1764.625
395	1326.56934	395	1953.79907
396	1202.51978	396	1753.95959
397	1133.49341	397	1642.68884
398	1185.51318	398	1707.73743
399	1234.53235	399	1767.591
400	1132.493	400	1609.37708
401	1013.44995	401	1428.8595
402	955.430054	402	1334.94629
403	1124.49011	403	1561.44287
404	962.4324	404	1331.17871
405	882.405762	405	1218.36365
406	979.438232	406	1350.09912
407	883.4061	407	1211.17456
408	836.3911	408	1139.85522
409	782.3744	409	1060.50793
410	640.333252	410	862.483459
411	693.348145	411	932.618958
412	719.3556	412	966.0871
413	775.3723	413	1035.84717
414	680.34436	414	906.153748
415	585.318359	415	774.165161
416	764.3689	416	1002.13831
417	638.332642	417	836.425232
418	610.3251	418	800.874634
419	578.3165	419	752.8864
420	551.309448	420	712.559753
421	600.3224	421	777.530945
422	505.297852	422	655.4055
423	445.283325	423	576.348
424	577.3163	424	745.2883
425	491.294434	425	629.5008
426	472.2898	426	603.6233
427	422.277832	427	540.9198
428	376.267456	428	483.065979
429	333.258057	429	426.717773
430	442.2826	430	565.6701
431	384.269165	431	491.522858
432	387.2699	432	497.386353
433	406.27417	433	523.052551
434	312.25354	434	402.984344
435	359.263672	435	463.443756
436	229.236816	436	295.9729
437	337.2589	437	436.188934
438	247.240356	438	321.2553
439	275.245972	439	358.399841
440	163.224487	440	212.97142
441	327.2567	441	429.3671
442	216.234314	442	284.947723
443	253.241516	443	334.317322
444	162.2243	444	214.572723
445	243.239563	445	322.8707
446	200.231323	446	266.3439
447	148.2218	447	198.236191
448	162.2243	448	217.858658
449	208.232788	449	279.946228
450	193.22998	450	259.54953
451	216.234314	451	291.514069
452	121.2171	452	164.154434
453	162.2243	453	220.721268
454	153.222717	454	209.447968
455	245.239929	455	335.4738
456	185.228516	456	254.2693
457	110.21521	457	152.00499
458	233.23761	458	322.853668
459	168.2254	459	233.383255
460	179.227417	460	249.202332
461	157.22345	461	220.300613
462	99.21338	462	140.058472
463	16.2001953	463	22.9266376
464	113.215759	464	160.817886
465	148.2218	465	211.92
466	120.216919	466	172.755264
467	105.214355	467	151.433838
468	150.222168	468	216.566116
469	147.221619	469	213.790192
470	143.220947	470	209.17662
471	100.213562	471	147.2379
472	83.21069	472	122.7428
473	57.206543	473	84.79417
474	147.221619	474	219.312454
475	81.21039	475	121.593163
476	36.2032471	476	54.4913177
477	196.23053	477	297.398621
478	151.222351	478	230.975342
479	117.216431	479	179.78096
480	22.20105	480	34.20551
481	20.2007446	481	31.3244953
482	73.20911	482	114.250977
483	68.20825	483	106.790321
484	146.221436	484	229.4263
485	73.20911	485	115.4353
486	81.21039	486	128.524689
487	48.20508	487	76.77874
488	68.20825	488	109.361267
489	50.2053833	489	80.99668
490	19.2006226	490	31.2432919
491	25.2015381	491	41.2012978
492	27.2018433	492	44.7623672
493	-32.8070068	493	-54.32222
494	20.2007446	494	33.6789474
495	68.20825	495	114.516815
496	35.203064	496	59.42203
497	66.20795	497	112.351265
498	47.2049561	498	80.52343
499	62.2073364	499	106.443161
500	56.20636	500	96.59306
501	8.198975	501	14.20051
502	14.19989	502	24.75993
503	60.20697	503	105.489952
504	-7.803406	504	-13.7369032
505	-3.80279541	505	-6.73190737
506	116.216248	506	206.80098
507	24.201355	507	43.3881836
508	6.19866943	508	11.1744652
509	20.2007446	509	36.58379
510	-7.803406	510	-14.2285376
511	12.199585	511	22.3784485
512	47.2049561	512	87.14567
513	46.2047729	513	85.9099045
514	-53.8098755	514	-100.912872
515	102.213867	515	192.860474
516	85.21106	516	161.695755
517	66.20795	517	126.273438
518	19.2006226	518	36.89964
519	55.2061768	519	106.607323
520	17.2003174	520	33.42484
521	18.20044	521	35.6501274
522	76.2095947	522	150.017075
523	76.2095947	523	150.89389
524	36.2032471	524	72.1997147
525	81.21039	525	163.250214
526	62.2073364	526	126.059967
527	15.2000122	527	31.03937
528	18.20044	528	37.4116173
529	30.20227	529	62.514328
530	-6.80322266	530	-14.1731348
531	74.20923	531	155.622009
532	100.213562	532	211.420547
533	26.20166	533	55.6675568
534	5.19854736	534	11.1196976
535	24.201355	535	51.96155
536	62.2073364	536	134.369644
537	83.21069	537	180.7866
538	25.2015381	538	55.18184
539	10.19928	539	22.4757919
540	-11.8039551	540	-26.1668
541	22.20105	541	49.60213
542	18.20044	542	40.9310226
543	58.206665	543	131.654312
544	114.215881	544	259.0805
545	-25.80597	545	-58.8827
546	-10.803833	546	-24.7829018
547	-49.8093262	547	-115.169418
548	-21.80542	548	-50.82822
549	20.2007446	549	47.3706131
550	53.20587	550	125.593857
551	39.2036743	551	92.90698
552	-3.80279541	552	-9.073817
553	53.20587	553	128.092331
554	19.2006226	554	46.7065468
555	18.20044	555	44.6039772
556	9.199097	556	22.69335
557	19.2006226	557	47.70471
558	20.2007446	558	50.5537224
559	60.20697	559	151.6192
560	0.1977539	560	0.5018285
561	-32.8070068	561	-83.898056
562	35.203064	562	90.76988
563	15.2000122	563	39.5537262
564	28.2019653	564	74.01455
565	92.21222	565	244.142242
566	76.2095947	566	203.4278
567	-4.80297852	567	-12.9374676
568	68.20825	568	185.652725
569	-45.8087769	569	-125.685112
570	-34.80725	570	-96.28517
571	-2.80267334	571	-7.83572865
572	-13.80426	572	-38.96435
573	62.2073364	573	176.503464
574	30.20227	574	86.01426
575	53.20587	575	152.596985
576	37.20337	576	107.5724
577	25.2015381	577	73.49891
578	57.206543	578	168.236313
579	23.2012329	579	68.5541153
580	81.21039	580	241.214233
581	85.21106	581	255.307022
582	24.201355	582	73.04837
583	-49.8093262	583	-151.33078
584	35.203064	584	107.905579
585	95.21271	585	293.817383
586	43.2042847	586	134.049347
587	-10.803833	587	-33.7366371
588	-28.8063965	588	-90.5769653
589	-10.803833	589	-34.11616
590	-32.8070068	590	-104.051041
591	3.19824219	591	10.2172861
592	12.199585	592	39.32278
593	6.19866943	593	20.14628
594	12.199585	594	39.9562
595	-33.80713	595	-111.4605
596	-15.8045654	596	-52.440094
597	-15.8045654	597	-52.8053436
598	-13.80426	598	-46.4878
599	-70.8121948	599	-240.349731
600	64.20764	600	220.032761
</Group>
<Group>
RCQCSignal
1
301	
ExCorr	T636034834321416557
X	Y
300	1.10690045
301	1.10720873
302	1.10708833
303	1.1057682
304	1.105283
305	1.10510755
306	1.10509992
307	1.105927
308	1.10698438
309	1.10709286
310	1.10613751
311	1.105051
312	1.10530448
313	1.10864925
314	1.10752463
315	1.1077826
316	1.10835
317	1.10957241
318	1.10833192
319	1.10885668
320	1.10836077
321	1.108161
322	1.10712647
323	1.10638332
324	1.10593319
325	1.10590267
326	1.10614228
327	1.10542655
328	1.10472012
329	1.10644889
330	1.10526013
331	1.10479927
332	1.10548449
333	1.10516262
334	1.105747
335	1.10601711
336	1.10672212
337	1.10638475
338	1.10676312
339	1.10701656
340	1.10830593
341	1.10895276
342	1.10841417
343	1.109577
344	1.10822511
345	1.10766506
346	1.10694337
347	1.10998893
348	1.10920477
349	1.10941219
350	1.10862637
351	1.11013079
352	1.109638
353	1.11072755
354	1.111692
355	1.1110189
356	1.10938931
357	1.1090169
358	1.10822654
359	1.10755062
360	1.10895443
361	1.11017823
362	1.10862327
363	1.108556
364	1.10844016
365	1.110259
366	1.11055517
367	1.11031556
368	1.10886288
369	1.10852408
370	1.108573
371	1.1080358
372	1.10920167
373	1.10779309
374	1.10813355
375	1.10891771
376	1.1083653
377	1.10798383
378	1.10848141
379	1.10979366
380	1.10878491
381	1.1079855
382	1.10743308
383	1.10964561
384	1.10969591
385	1.1089375
386	1.10850263
387	1.10848451
388	1.10771227
389	1.10743308
390	1.10710192
391	1.11452079
392	1.112905
393	1.1121664
394	1.1106925
395	1.10974026
396	1.10864472
397	1.10936952
398	1.10962439
399	1.10875916
400	1.10942888
401	1.10914516
402	1.1100316
403	1.11095786
404	1.10932064
405	1.10892081
406	1.10842037
407	1.10931444
408	1.11086035
409	1.10961819
410	1.10938621
411	1.10911155
412	1.10905981
413	1.11005926
414	1.108547
415	1.1077733
416	1.1089375
417	1.10952973
418	1.1079061
419	1.109046
420	1.10936332
421	1.10824633
422	1.10783744
423	1.10734916
424	1.107424
425	1.11288667
426	1.11282253
427	1.111321
428	1.10982561
429	1.11106157
430	1.11062527
431	1.1132834
432	1.11151171
433	1.11062837
434	1.10972047
435	1.10949922
436	1.10779476
437	1.1105535
438	1.11003327
439	1.10949159
440	1.10901546
441	1.10805726
442	1.10836077
443	1.10832572
444	1.10815644
445	1.10766506
446	1.10874391
447	1.10826778
448	1.10922456
449	1.10816407
450	1.10926414
451	1.11013079
452	1.110044
453	1.10916185
454	1.1083014
455	1.11027575
456	1.10916662
457	1.10815334
458	1.10824633
459	1.10755372
460	1.10686231
461	1.1074636
462	1.10827088
463	1.10904288
464	1.10846
465	1.10741472
466	1.10793352
467	1.10752463
468	1.10704708
469	1.10622311
470	1.10705781
471	1.10743928
472	1.10997987
473	1.10956788
474	1.10896039
475	1.108779
476	1.108376
477	1.1086247
478	1.107836
479	1.10834241
480	1.10841274
481	1.10878968
482	1.10915732
483	1.10874081
484	1.10949755
485	1.10887194
486	1.10960436
487	1.108988
488	1.10806632
489	1.10941219
490	1.10805726
491	1.1103735
492	1.11062527
493	1.11009884
494	1.1088109
495	1.10806942
496	1.10908723
497	1.10860038
498	1.10817456
499	1.10920763
500	1.10883689
501	1.10812879
502	1.1085484
503	1.10934043
504	1.11025143
505	1.10964417
506	1.1094687
507	1.1082356
508	1.10912681
509	1.11027431
510	1.10892987
511	1.1086843
512	1.1079824
513	1.1087544
514	1.10785127
515	1.10735989
516	1.10729122
517	1.10953116
518	1.10889339
519	1.11077929
520	1.11098075
521	1.10956788
522	1.11141562
523	1.11239982
524	1.11181092
525	1.111373
526	1.11077166
527	1.10944271
528	1.10928869
529	1.10939384
530	1.109966
531	1.10918021
532	1.10900617
533	1.10809064
534	1.10742688
535	1.10929322
536	1.10861111
537	1.109957
538	1.10906577
539	1.10818219
540	1.10777187
541	1.10731554
542	1.10822654
543	1.10831189
544	1.11154389
545	1.110784
546	1.11064053
547	1.11071682
548	1.11056423
549	1.11070156
550	1.1101172
551	1.11172247
552	1.11009121
553	1.11075354
554	1.109725
555	1.10914826
556	1.109458
557	1.10927033
558	1.10890865
559	1.10996151
560	1.10942125
561	1.10999656
562	1.10993242
563	1.10962725
564	1.10997057
565	1.10974646
566	1.11013246
567	1.11084342
568	1.10994768
569	1.10936022
570	1.1084981
571	1.10857439
572	1.109725
573	1.10884452
574	1.10957241
575	1.10980582
576	1.10876369
577	1.10804653
578	1.10755372
579	1.10878038
580	1.10940766
581	1.10802674
582	1.10804343
583	1.109612
584	1.1085546
585	1.10802817
586	1.10889792
587	1.10914516
588	1.10878491
589	1.10951591
590	1.1101079
591	1.11109066
592	1.11013246
593	1.10914063
594	1.10873914
595	1.10849667
596	1.10847831
597	1.10950065
598	1.1093924
599	1.11021638
600	1.109029
</Group>
</Session>
