<Session>
Acquisition 1 2016-07-07 14:32:19
<Group>
Detector1
2
301		301	
D1 313:300-600	T636034834321412751	D1 313:300-600 [COR]	T636034834321412753
X	Y	X	Y
300	59.8087769	300	533.7118
301	33.80414	301	304.66745
302	56.8082275	302	516.9478
303	11.800293	303	104.198456
304	15.8009644	304	134.995667
305	180.832275	305	1520.24927
306	67.81024	306	557.9765
307	120.820251	307	965.8001
308	356.871582	308	2766.123
309	984.062	309	7562.6333
310	2037.55908	310	15503.377
311	3929.008	311	28642.0117
312	6329.876	312	43986.7422
313	8617.682	313	58129.3242
314	9616.671	314	62887.44
315	9128.674	315	56937.23
316	6857.661	316	40723.0039
317	4429.51074	317	25057.8535
318	2113.60352	318	11354.1816
319	775.9901	319	3972.26245
320	200.836426	320	976.230469
321	200.836426	321	935.1522
322	139.823975	322	622.9573
323	64.80969	323	278.382172
324	87.8139648	324	363.1667
325	40.80536	325	164.057953
326	19.8016968	326	77.29783
327	75.81171	327	281.506226
328	128.821777	328	453.338135
329	67.81024	329	231.394852
330	141.824341	330	468.942352
331	102.816772	331	330.6957
332	16.8011475	332	52.5487747
333	56.8082275	333	172.850616
334	91.8147	334	272.0733
335	11.800293	335	33.904644
336	11.800293	336	32.8219872
337	29.8034058	337	81.92914
338	18.8015137	338	51.1124077
339	26.8029175	339	70.9985
340	106.817505	340	275.176056
341	102.816772	341	261.79953
342	29.8034058	342	75.00376
343	96.81561	343	238.375885
344	96.81561	344	233.796631
345	32.8039551	345	78.28169
346	151.826355	346	358.956024
347	82.81299	347	191.746063
348	103.816956	348	235.260391
349	150.826111	349	335.8855
350	126.821411	350	277.422028
351	115.819275	351	248.937
352	99.81622	352	210.71431
353	72.81116	353	151.957352
354	174.831	354	360.882141
355	85.81354	355	175.085892
356	95.81543	356	193.530792
357	97.8157959	357	195.334427
358	145.825134	358	287.839447
359	147.825562	359	284.7525
360	73.81134	360	138.534317
361	151.826355	361	285.354858
362	103.816956	362	195.2441
363	147.825562	363	276.199066
364	83.81317	364	155.420258
365	86.81378	365	158.799973
366	116.819458	366	210.893112
367	143.824768	367	259.21875
368	148.825745	368	268.036957
369	78.8122559	369	139.871933
370	96.81561	370	169.570038
371	115.819275	371	202.620224
372	84.8133545	372	148.070938
373	51.807312	373	89.8283539
374	100.816406	374	173.62915
375	73.81134	375	126.977173
376	80.81262	376	138.607285
377	59.8087769	377	101.843582
378	26.8029175	378	45.3237267
379	52.8074951	379	88.42093
380	125.821228	380	208.390869
381	105.817322	381	173.960144
382	97.8157959	382	159.705688
383	105.817322	383	172.720779
384	72.81116	384	118.78138
385	87.8139648	385	142.383163
386	65.8098755	386	105.983513
387	74.81152	387	119.002846
388	3.79888916	388	5.959865
389	62.8093262	389	97.67457
390	99.81622	390	153.8654
391	33.80414	391	51.8316
392	97.8157959	392	149.124741
393	104.817139	393	158.995651
394	33.80414	394	51.1247
395	93.81506	395	140.54332
396	-20.20514	396	-29.9549217
397	23.8023682	397	35.09602
398	41.805542	398	61.26302
399	52.8074951	399	77.00708
400	16.8011475	400	24.1701088
401	52.8074951	401	75.41265
402	24.8025513	402	35.1716
403	112.818665	403	159.053146
404	35.8044434	404	50.2172279
405	37.80481	405	52.95418
406	65.8098755	406	92.02283
407	47.80658	407	66.56608
408	98.81604	408	137.108322
409	56.8082275	409	78.29923
410	11.800293	410	16.16702
411	115.819275	411	158.364227
412	134.822937	412	184.104355
413	23.8023682	413	32.3265877
414	59.8087769	414	80.86493
415	27.80304	415	37.30288
416	-13.2039795	416	-17.5910988
417	18.8015137	417	25.0751419
418	36.8046265	418	49.107
419	4.79907227	419	6.345867
420	-7.202942	420	-9.453591
421	44.80609	421	58.8766174
422	70.81079	422	93.03216
423	-40.208374	423	-52.67426
424	-38.20807	424	-49.97653
425	22.8021851	425	29.738842
426	-48.2096558	426	-62.7040176
427	-76.21405	427	-99.24481
428	-22.2054443	428	-28.9551449
429	16.8011475	429	21.8565922
430	20.8018188	430	27.0292435
431	-11.2036133	431	-14.5978479
432	73.81134	432	96.4859543
433	72.81116	433	95.28081
434	53.80768	434	70.54171
435	37.80481	435	49.52541
436	-32.2070923	436	-42.17881
437	78.8122559	437	103.715965
438	-30.2067871	438	-39.919693
439	-40.208374	439	-53.1722374
440	-10.20343	440	-13.5020657
441	36.8046265	441	48.8814049
442	-90.21625	442	-120.542175
443	-3.20227051	443	-4.290313
444	94.81525	444	127.226768
445	-8.203125	445	-11.0317049
446	-18.2047729	446	-24.5731659
447	20.8018188	447	28.2123051
448	34.80432	448	47.4842949
449	-66.2125244	449	-90.31012
450	-12.2037964	450	-16.6433849
451	-27.2062988	451	-37.2282753
452	55.8080444	452	76.6962357
453	-17.20459	453	-23.7426472
454	14.8007813	454	20.5219154
455	31.803772	455	44.23458
456	-21.2052612	456	-29.5622921
457	-26.2061157	457	-36.6392479
458	85.81354	458	120.300728
459	-40.208374	459	-56.5042419
460	7.79962158	460	10.9830542
461	50.80713	461	72.11461
462	3.79888916	462	5.437961
463	-34.2073975	463	-49.11702
464	-72.21344	464	-103.888176
465	44.80609	465	64.83501
466	31.803772	466	46.2913322
467	-84.21533	467	-122.672783
468	-98.21741	468	-143.369354
469	4.79907227	469	7.05787325
470	17.80133	470	26.3490963
471	-20.20514	471	-30.0616512
472	43.80591	472	65.5863647
473	-41.2085571	473	-62.0327377
474	-54.2106323	474	-81.93938
475	28.8032227	475	43.7047844
476	-98.21741	476	-149.9516
477	46.8064575	477	71.86687
478	-6.202759	478	-9.574793
479	-73.21362	479	-113.670547
480	-27.2062988	480	-42.4229774
481	67.81024	481	106.516388
482	-28.20642	482	-44.6471062
483	-37.2078857	483	-59.0350037
484	-55.2108154	484	-87.80338
485	-45.2091675	485	-72.261055
486	-11.2036133	486	-17.9571857
487	-108.218933	487	-174.687042
488	-77.21423	488	-125.493805
489	30.8035889	489	50.4085655
490	-38.20807	490	-62.8774
491	11.800293	491	19.5761871
492	32.8039551	492	54.8191
493	-55.2108154	493	-92.899826
494	-14.2041016	494	-24.0458527
495	78.8122559	495	134.105209
496	-34.2073975	496	-58.4816628
497	-152.22522	497	-261.4599
498	-30.2067871	498	-52.13488
499	-10.20343	499	-17.7058773
500	-60.21161	500	-104.892105
501	0.7984009	501	1.401017
502	-57.21112	502	-100.982452
503	1.798584	503	3.19392562
504	-93.2166748	504	-166.345215
505	-76.21405	505	-136.7426
506	2.798767	506	5.05111027
507	21.802002	507	39.6448021
508	20.8018188	508	38.02173
509	-56.2109375	509	-103.363983
510	11.800293	510	21.8047466
511	19.8016968	511	36.8224449
512	-96.2171	512	-180.016708
513	-13.2039795	513	-24.9192734
514	-10.20343	514	-19.4119568
515	-43.2088623	515	-82.72247
516	-32.2070923	516	-61.8437767
517	62.8093262	517	121.576828
518	-66.2125244	518	-129.042374
519	-38.20807	519	-74.789505
520	-86.21564	520	-169.915375
521	-63.2120361	521	-125.450554
522	-37.2078857	522	-74.40286
523	-59.2114258	523	-119.094513
524	-21.2052612	524	-42.94211
525	-68.21283	525	-139.305
526	-38.20807	526	-78.4943848
527	54.80786	527	113.42662
528	-91.21637	528	-189.654739
529	-76.21405	529	-159.69191
530	-7.202942	530	-15.1583385
531	-80.21472	531	-170.1451
532	-86.21564	532	-184.181458
533	-45.2091675	533	-97.23834
534	-6.202759	534	-13.4085751
535	-47.2095337	535	-102.713684
536	-83.21515	536	-182.107224
537	-6.202759	537	-13.6601467
538	-45.2091675	538	-100.293541
539	-8.203125	539	-18.29029
540	36.8046265	540	82.48312
541	-53.21045	541	-120.202042
542	-87.21576	542	-198.698273
543	-104.218323	543	-238.84166
544	-18.2047729	544	-41.9578552
545	-8.203125	545	-19.0104637
546	-78.2143555	546	-182.383575
547	-38.20807	547	-89.77017
548	-31.20691	548	-73.96896
549	-101.217896	549	-241.590591
550	-5.20263672	550	-12.485858
551	-28.20642	551	-68.08251
552	-18.2047729	552	-44.1129951
553	-87.21576	553	-213.3088
554	-33.2072754	554	-82.07528
555	14.8007813	555	36.80312
556	-32.2070923	556	-80.50855
557	1.798584	557	4.525898
558	-17.20459	558	-43.5470467
559	-115.219971	559	-294.179443
560	-139.223389	560	-358.2879
561	7.79962158	561	20.2486763
562	-21.2052612	562	-55.4694061
563	-57.21112	563	-151.104431
564	24.8025513	564	66.0732956
565	-61.21173	565	-164.450241
566	-1.2019043	566	-3.25939775
567	-4.20245361	567	-11.4872885
568	6.79943848	568	18.7831173
569	-127.22168	569	-354.156616
570	-51.210144	570	-143.625229
571	-34.2073975	571	-97.0597458
572	-2.2020874	572	-6.318143
573	-104.218323	573	-299.853577
574	-56.2109375	574	-162.411072
575	-26.2061157	575	-76.2867661
576	-6.202759	576	-18.194973
577	21.802002	577	64.51813
578	-38.20807	578	-113.907425
579	43.80591	579	131.232224
580	-24.20575	580	-72.91975
581	-46.20935	581	-140.231308
582	-157.225952	582	-481.27
583	-134.222717	583	-413.731354
584	-45.2091675	584	-140.610153
585	-48.2096558	585	-150.867126
586	-78.2143555	586	-246.4824
587	-57.21112	587	-181.430069
588	-111.21936	588	-355.3632
589	-36.2077637	589	-116.27726
590	-18.2047729	590	-58.7086563
591	11.800293	591	38.33859
592	-53.21045	592	-174.351212
593	-138.223267	593	-455.707764
594	-119.22052	594	-396.24823
595	-66.2125244	595	-221.105423
596	-16.2044678	596	-54.46551
597	-127.22168	597	-431.098
598	-40.208374	598	-137.172775
599	-22.2054443	599	-76.4500656
600	-64.21222	600	-223.2269
</Group>
<Group>
RCQCSignal
1
301	
ExCorr	T636034834321412752
X	Y
300	1.08746552
301	1.08657742
302	1.0859381
303	1.08608615
304	1.08839631
305	1.08723819
306	1.09157324
307	1.09052348
308	1.0905143
309	1.09025788
310	1.09148777
311	1.09022284
312	1.09227359
313	1.0925101
314	1.09313273
315	1.09265816
316	1.0915153
317	1.09041667
318	1.089968
319	1.08984435
320	1.09086061
321	1.09059978
322	1.08944762
323	1.08931649
324	1.08912873
325	1.08891976
326	1.08919132
327	1.08837652
328	1.08863282
329	1.08871675
330	1.08853054
331	1.09002745
332	1.09109712
333	1.09260321
334	1.09213936
335	1.09102237
336	1.09048533
337	1.09043491
338	1.08957732
339	1.08925688
340	1.0902549
341	1.08993292
342	1.08951485
343	1.09124672
344	1.08981848
345	1.0919807
346	1.09122384
347	1.09255743
348	1.09417033
349	1.09372175
350	1.0934242
351	1.09352338
352	1.09372473
353	1.09319675
354	1.092028
355	1.09372783
356	1.0936271
357	1.09286416
358	1.09220958
359	1.09217143
360	1.09318459
361	1.09192574
362	1.091503
363	1.09110177
364	1.09175479
365	1.09199893
366	1.09149241
367	1.09236515
368	1.09223545
369	1.093409
370	1.09274971
371	1.09129548
372	1.09082711
373	1.09070659
374	1.09040141
375	1.08988106
376	1.091384
377	1.09208143
378	1.09244764
379	1.09175479
380	1.0920738
381	1.09219122
382	1.09162056
383	1.091056
384	1.09077668
385	1.09151065
386	1.09294808
387	1.09249485
388	1.093499
389	1.09228587
390	1.09095371
391	1.09085155
392	1.09114146
393	1.09281683
394	1.09222639
395	1.09102237
396	1.0907203
397	1.09037232
398	1.09075236
399	1.08863282
400	1.09592819
401	1.09503245
402	1.09371567
403	1.09422529
404	1.09397507
405	1.09308994
406	1.09266889
407	1.09228432
408	1.09109712
409	1.0912559
410	1.09066224
411	1.09106815
412	1.09075534
413	1.09192264
414	1.09202337
415	1.09204936
416	1.09129858
417	1.0901053
418	1.08959568
419	1.09189212
420	1.09247816
421	1.09235454
422	1.0937171
423	1.09408486
424	1.09298313
425	1.09334636
426	1.09350812
427	1.09320438
428	1.09269321
429	1.0935905
430	1.09319675
431	1.09290683
432	1.09207678
433	1.09266579
434	1.09242773
435	1.09252083
436	1.09215462
437	1.09143746
438	1.09140086
439	1.09245217
440	1.093502
441	1.09461439
442	1.093119
443	1.09209514
444	1.09234381
445	1.09330058
446	1.09261239
447	1.09289467
448	1.09184635
449	1.09227824
450	1.09253156
451	1.09371865
452	1.09383464
453	1.09354925
454	1.09264135
455	1.0919807
456	1.09216535
457	1.09313118
458	1.09428632
459	1.09339821
460	1.09292829
461	1.09327459
462	1.09296334
463	1.09309149
464	1.0944587
465	1.0942024
466	1.09385145
467	1.09431982
468	1.09333873
469	1.09230113
470	1.09235454
471	1.09360886
472	1.09358132
473	1.09254825
474	1.09294808
475	1.094094
476	1.09270847
477	1.094294
478	1.09617686
479	1.09489667
480	1.09519732
481	1.09457314
482	1.09356
483	1.09408331
484	1.09464025
485	1.09389877
486	1.09562755
487	1.09425271
488	1.093119
489	1.09372175
490	1.09563065
491	1.09425271
492	1.09364545
493	1.09240031
494	1.09199893
495	1.09332037
496	1.09504771
497	1.09527814
498	1.09526443
499	1.09374917
500	1.09386969
501	1.09373546
502	1.09509957
503	1.0945487
504	1.09524
505	1.09483862
506	1.09390783
507	1.09263217
508	1.0939033
509	1.0934608
510	1.09426343
511	1.09366071
512	1.09327769
513	1.09234846
514	1.09205091
515	1.09136879
516	1.09425879
517	1.093238
518	1.0934639
519	1.09582591
520	1.09545052
521	1.09511638
522	1.09408951
523	1.09505689
524	1.09491193
525	1.09395981
526	1.09566271
527	1.09471655
528	1.09667587
529	1.09591746
530	1.09880149
531	1.09660411
532	1.0952034
533	1.0945549
534	1.09579241
535	1.09468758
536	1.09424353
537	1.09502184
538	1.09466171
539	1.09525526
540	1.09574807
541	1.09517443
542	1.09395671
543	1.09385145
544	1.09397352
545	1.09366369
546	1.09256816
547	1.09308231
548	1.09215772
549	1.09122992
550	1.09189975
551	1.09151673
552	1.0931114
553	1.0933708
554	1.09219122
555	1.09315407
556	1.09489822
557	1.09524
558	1.09639513
559	1.09478986
560	1.09397352
561	1.09341192
562	1.09407723
563	1.09326088
564	1.093502
565	1.09365
566	1.09271765
567	1.09465408
568	1.09363472
569	1.093386
570	1.09332645
571	1.092327
572	1.09172893
573	1.09349585
574	1.0936836
575	1.09341955
576	1.09292674
577	1.09200966
578	1.09255135
579	1.09360421
580	1.09384537
581	1.09396124
582	1.09260476
583	1.09369278
584	1.09252238
585	1.09262919
586	1.09176707
587	1.09215307
588	1.09114909
589	1.090995
590	1.09176242
591	1.09252238
592	1.09205854
593	1.09339666
594	1.09257734
595	1.09442973
596	1.09426188
597	1.0939765
598	1.09511483
599	1.09452283
600	1.093238
</Group>
</Session>
