<Session>
Acquisition 1 2016-07-07 15:01:56
<Group>
Detector1
2
301		301	
D1 313:300-600	T636034834321414135	D1 313:300-600 [COR]	T636034834321414137
X	Y	X	Y
300	32548.2949	300	286654.938
301	32962.07	301	292749.063
302	34007.2227	302	305173.8
303	34846.125	303	303580.469
304	35630.77	304	300676.438
305	36907.21	305	305858.1
306	38420.83	306	313145
307	39694.96	307	313641.375
308	40224.2656	308	308663.875
309	42622.46	309	324529.1
310	43893.63	310	331350.344
311	48409.8945	311	349235.531
312	58277.2852	312	401603.8
313	76610.01	313	512553.031
314	102598.977	314	666744.9
315	131789.063	315	815964.9
316	155286.953	316	911963.938
317	162760.141	317	911011.2
318	151065.9	318	803589.1
319	132330.266	319	670200.9
320	112639.469	320	542291.8
321	103651.641	321	477843.6
322	106149.93	322	467562.656
323	122286.07	323	518869.6
324	149066.453	324	609184.8
325	193175.719	325	766035.9
326	259242.5	326	997649.2
327	351264.125	327	1285085.63
328	491673.656	328	1705931.38
329	688823.75	329	2320582
330	979637.938	330	3195159
331	1382134.75	331	4395387.5
332	1949005	332	6035430.5
333	2592260.5	333	7822067
334	3210217.5	334	9423568
335	3417428.75	335	9708750
336	2940345.75	336	8086324
337	2102388	337	5719337.5
338	1325680.75	338	3564061.75
339	829188.75	339	2170043.75
340	538243.3	340	1371115.25
341	409300.438	341	1030952.63
342	366589.125	342	912831.563
343	381488.438	343	930731.2
344	440887.938	344	1052946.63
345	538323.5	345	1274474.75
346	626563.938	346	1463682.63
347	677670.563	347	1553953.88
348	647311.6	348	1455375.75
349	549945.7	349	1215640
350	420593.625	350	912085
351	303558.844	351	647311.438
352	212403.109	352	444953.656
353	146671.25	353	303377.156
354	98530.27	354	200879.344
355	66595.93	355	134666.7
356	46853.875	356	93856.19
357	36128.41	357	71401.55
358	30469.8828	358	59517.95
359	29045.1836	359	55392.3047
360	31170.3066	360	58003.16
361	37002.9336	361	68833.18
362	47406.1523	362	88317.86
363	63009.1328	363	116546.008
364	88298.16	364	162252.359
365	115162.719	365	208714.688
366	136919.969	366	244853.734
367	155141.484	367	277240
368	159401.1	368	284537.625
369	154381.188	369	272219
370	141736.125	370	246201.563
371	124808.047	371	216257.688
372	112437.945	372	194229.938
373	105422.578	373	180914.516
374	101316.883	374	172737.344
375	100359.609	375	170821.75
376	102259.023	376	173958.672
377	106131.539	377	179519.422
378	112346.906	378	188658.656
379	121271.484	379	201231.188
380	135337.188	380	222015.2
381	157503.6	381	256264.078
382	184376.219	382	297778.656
383	215947.3	383	348781.469
384	255238.031	384	412050.969
385	298991	385	479767.219
386	356352.563	386	569018.9
387	408266.1	387	644324.4
388	464743.125	388	724052.7
389	512146.125	389	788656.25
390	564888.4	390	862015.9
391	601367.563	391	912575.6
392	632804.25	392	954304.8
393	661909.1	393	995289.563
394	683960.2	394	1024766.88
395	708205.75	395	1049728.25
396	738115.9	396	1082956.63
397	772727.3	397	1127424.25
398	818935.25	398	1189194.13
399	866234.25	399	1248439.88
400	919851.8	400	1315085.38
401	988695.563	401	1403303.88
402	1059753.88	402	1490296.63
403	1139232.25	403	1592411.25
404	1231112.75	404	1713202.63
405	1341134.13	405	1862491.13
406	1442577.13	406	1992331.88
407	1561026.75	407	2141639.25
408	1698296.88	408	2328874
409	1827550.13	409	2486000.75
410	1969645	410	2663161.5
411	2104881.75	411	2843081
412	2234615.25	412	3013764.75
413	2356960	413	3168146.5
414	2471965	414	3308079.75
415	2578954.75	415	3420330.75
416	2673279.25	416	3517102.75
417	2760586.5	417	3632289
418	2843228	418	3747510
419	2915776.5	419	3817082
420	2986375.25	420	3885553.5
421	3053057.5	421	3977576.25
422	3115112.5	422	4058807.75
423	3169198.25	423	4115310.75
424	3219255.75	424	4162192.5
425	3261113.75	425	4212017.5
426	3305924.5	426	4259283.5
427	3338129	427	4311559.5
428	3352734	428	4328104.5
429	3366030.5	429	4341548
430	3362067.25	430	4329659
431	3347212.25	431	4318531
432	3320612.25	432	4297734
433	3289002.5	433	4266216.5
434	3242033.25	434	4215759
435	3181499	435	4135104.5
436	3114767.5	436	4042572.5
437	3050719	437	3971719.75
438	2968519.75	438	3880777
439	2897465.5	439	3794918.75
440	2806960.75	440	3684318
441	2728859.5	441	3596107.5
442	2646810	442	3503918
443	2563016.5	443	3403061
444	2486355.25	444	3306537
445	2399770.75	445	3201196.75
446	2317063.5	446	3102527
447	2244006.5	447	3018120.25
448	2160289.5	448	2921950.75
449	2085709	449	2822643.75
450	2008404.63	450	2718006.5
451	1929356	451	2623255.25
452	1854958.75	452	2535612.25
453	1784891.25	453	2447693.25
454	1711251	454	2354343
455	1635099.63	455	2256098.25
456	1564534.88	456	2161042.75
457	1498829.88	457	2078119
458	1427169.38	458	1987524.38
459	1357183.88	459	1894841.88
460	1295631.88	460	1809779.13
461	1235748.88	461	1739993.75
462	1172746.75	462	1666948.75
463	1116752	463	1591446.88
464	1061189.38	464	1515964.63
465	1004003.44	465	1442310.88
466	957066.6	466	1383251.88
467	903691.7	467	1307697.5
468	860949.1	468	1246139.5
469	818175.4	469	1192376
470	777796.063	470	1141340.63
471	739833.063	471	1092750.5
472	702600.4	472	1043808.75
473	666769.6	473	994181.7
474	634981.9	474	951383.25
475	607183.563	475	915087.6
476	575361.6	476	872312.3
477	553277.2	477	845616.9
478	526493.75	478	809588.8
479	502199.1	479	775291
480	482194.563	480	747133.4
481	458293.438	481	714802.6
482	438214.531	482	688488.438
483	417936.469	483	659417.25
484	399475.563	484	632437.75
485	381187.25	485	605947
486	364130.5	486	580907
487	348525.6	487	557375.6
488	332106.625	488	534205.938
489	315454.8	489	511757.563
490	299804.4	490	489514.6
491	285437.375	491	469212.1
492	271626.844	492	448747.344
493	258359.844	493	430295.8
494	245267.672	494	411151.625
495	233427.281	495	393857
496	220505.719	496	374507.469
497	208945.891	497	356530.6
498	198872.688	498	341056.1
499	188682.625	499	324768.344
500	178516.422	500	308653.156
501	170307.641	501	296660.719
502	162425.375	502	285013.375
503	155131.172	503	273434.2
504	148230.828	504	262421.6
505	140666.156	505	250105.1
506	134943.625	506	241014.016
507	128047.477	507	230334.969
508	121679.344	508	220381.234
509	116555.867	509	212496.922
510	111596.156	510	204290.578
511	105076.313	511	193669.578
512	100511.656	512	186468.172
513	97383.8359	513	182030.281
514	91788.03	514	172801.7
515	88017.1953	515	166583.484
516	84514.6953	516	160662.344
517	81033.95	517	155352.375
518	77181.8359	518	149127.219
519	72786.6641	519	141618.547
520	70297.89	520	137746.953
521	67728.23	521	133520.172
522	64704.94	522	128303.945
523	61998.4063	523	123822.039
524	59425.92	524	119590.734
525	57107.668	525	115736.086
526	54665.1	526	111427.141
527	53055.5859	527	108873.313
528	50944.3828	528	105289.375
529	49038.0938	529	102042.641
530	46829.6445	530	98186.6
531	45147.96	531	95282.9844
532	44140.8359	532	93707.42
533	42403.57	533	90413.125
534	40975.47	534	87942.43
535	39426.8	535	85081.2
536	38167.8555	536	82784.11
537	36547.52	537	79834.46
538	35569.32	538	78176.52
539	34805.8359	539	76990.4
540	33810.8633	540	75251.18
541	32687.22	541	73295.59
542	31554.7754	542	71350.48
543	30707.3711	543	69850.5547
544	29753.457	544	68033.38
545	29212.1836	545	67141.52
546	28096.6172	546	64909.07
547	27311.1426	547	63588.89
548	26850.5762	548	63059.7422
549	25915.4941	549	61291.4258
550	25717.4414	550	61158.0977
551	25151.4727	551	60176.7852
552	24316.207	552	58454.4766
553	23928.2734	553	58046.88
554	23217.81	554	56843.4844
555	23079.1465	555	56934.1836
556	22160.8438	556	55064.4336
557	22305.51	557	55828.1523
558	21225.6348	558	53503.83
559	21447.6172	559	54464.19
560	20985.582	560	53655.77
561	19868.8379	561	51233.2734
562	20260.4727	562	52711.6445
563	19849.7578	563	52055.1445
564	19308.55	564	51044.6055
565	19102.7266	565	50947.1055
566	18789.4883	566	50499.2148
567	18803.543	567	51014.7344
568	17969.3379	568	49229.69
569	18159.0547	569	50108.7734
570	17412.2754	570	48405.1641
571	17283.8086	571	48514.5938
572	17697.3223	572	50268.76
573	17247.6777	573	49144.48
574	16840.22	574	48205.9375
575	16901.4375	575	48713.1523
576	16746.89	576	48644.5625
577	16547.1934	577	48425.6172
578	16309.374	578	48151.2773
579	15962.1963	579	47329.58
580	15876.9092	580	47342.21
581	16000.3232	581	48087.05
582	15529.7607	582	47053.34
583	15893.9658	583	48583.49
584	15490.6338	584	47638.9023
585	15084.3232	585	46733.5469
586	15190.6631	586	47405.2969
587	15261.8916	587	47869.5859
588	15167.5889	588	47868.9063
589	14945.8848	589	47371.0977
590	14701.1182	590	46870.8867
591	14937.8594	591	48071.9375
592	14603.8164	592	47372.207
593	14464.3877	593	47284.3242
594	14357.0605	594	47296.1328
595	14329.9785	595	47543.1523
596	14083.2354	596	47039.9766
597	14019.0449	597	47199.6523
598	14036.0957	598	47607.32
599	13899.6914	599	47593.9531
600	13912.7295	600	48004.4961
</Group>
<Group>
RCQCSignal
1
301	
ExCorr	T636034834321414136
X	Y
300	1.10185945
301	1.10264528
302	1.10119557
303	1.10081267
304	1.10191739
305	1.10294735
306	1.10203338
307	1.103277
308	1.10152221
309	1.10043573
310	1.10014272
311	1.10167015
312	1.10143673
313	1.101481
314	1.10000694
315	1.10073018
316	1.10369968
317	1.10205925
318	1.1007241
319	1.10154045
320	1.10137868
321	1.10152829
322	1.10195243
323	1.10274291
324	1.10217988
325	1.1040262
326	1.10483491
327	1.10467017
328	1.10415435
329	1.10276878
330	1.10352564
331	1.10244071
332	1.10202575
333	1.10174036
334	1.10248041
335	1.10340822
336	1.10290766
337	1.101893
338	1.10175562
339	1.10250938
340	1.10255671
341	1.10181367
342	1.10113156
343	1.10127807
344	1.10196769
345	1.10067987
346	1.1044
347	1.10319614
348	1.10281765
349	1.10188532
350	1.10297179
351	1.10221493
352	1.102166
353	1.1030221
354	1.10564363
355	1.10355008
356	1.102723
357	1.10427487
358	1.103689
359	1.10314727
360	1.102598
361	1.10323882
362	1.10184562
363	1.10215843
364	1.101745
365	1.10215545
366	1.101864
367	1.10172355
368	1.10200739
369	1.10051358
370	1.10182893
371	1.10183191
372	1.10244834
373	1.10202265
374	1.10147178
375	1.10153282
376	1.10037315
377	1.09940267
378	1.10009086
379	1.10166109
380	1.10258269
381	1.10355616
382	1.10355616
383	1.10262847
384	1.10225153
385	1.10293663
386	1.10230041
387	1.10115135
388	1.10113609
389	1.1030618
390	1.10203028
391	1.10220277
392	1.10307252
393	1.10242546
394	1.10250175
395	1.102691
396	1.102131
397	1.10192347
398	1.100747
399	1.10149932
400	1.10277188
401	1.10175872
402	1.10289085
403	1.103634
404	1.10258567
405	1.10252166
406	1.10629368
407	1.10857487
408	1.10399568
409	1.1057092
410	1.10514164
411	1.1045022
412	1.10438633
413	1.10326171
414	1.10329986
415	1.10476017
416	1.105073
417	1.10494328
418	1.10299921
419	1.1029
420	1.1020242
421	1.10175717
422	1.10284364
423	1.10377288
424	1.105752
425	1.10403073
426	1.10392547
427	1.10215545
428	1.10373783
429	1.10299015
430	1.10302067
431	1.10372555
432	1.10299313
433	1.10234153
434	1.10137725
435	1.10117424
436	1.10203338
437	1.103251
438	1.10328615
439	1.1030283
440	1.10243464
441	1.10319149
442	1.10329223
443	1.10197842
444	1.10217226
445	1.10219967
446	1.10144889
447	1.10205472
448	1.10132992
449	1.10084772
450	1.100985
451	1.10073018
452	1.09971547
453	1.10046935
454	1.10117126
455	1.10073936
456	1.10231256
457	1.10229576
458	1.10155571
459	1.10054708
460	1.10178614
461	1.10207307
462	1.10069513
463	1.10136962
464	1.10217679
465	1.10216463
466	1.10159087
467	1.10157561
468	1.10263908
469	1.1022805
470	1.10186243
471	1.10160458
472	1.102096
473	1.1030221
474	1.10258877
475	1.101539
476	1.10036254
477	1.09932482
478	1.10040832
479	1.10113454
480	1.10216916
481	1.10235989
482	1.10173738
483	1.1002084
484	1.09959042
485	1.09991384
486	1.10076225
487	1.10449
488	1.10448849
489	1.10327244
490	1.10427189
491	1.1043191
492	1.10624945
493	1.10364771
494	1.102775
495	1.10258567
496	1.1022805
497	1.1025033
498	1.1022805
499	1.10267425
500	1.10213709
501	1.1018151
502	1.1015588
503	1.10274589
504	1.1039896
505	1.104806
506	1.10537815
507	1.10452366
508	1.103956
509	1.1028924
510	1.10453892
511	1.10340822
512	1.10256135
513	1.102897
514	1.10358059
515	1.10397124
516	1.10530639
517	1.1038003
518	1.10294735
519	1.10244989
520	1.10179222
521	1.10244226
522	1.10332882
523	1.10282218
524	1.10178614
525	1.10237062
526	1.104281
527	1.10403681
528	1.10326779
529	1.10351348
530	1.10288322
531	1.10214317
532	1.10210049
533	1.10412836
534	1.10370111
535	1.103689
536	1.10405207
537	1.10397887
538	1.10490668
539	1.10400784
540	1.10335779
541	1.103312
542	1.102218
543	1.10203946
544	1.10268188
545	1.10273218
546	1.1027993
547	1.10303283
548	1.10226381
549	1.1012826
550	1.10192347
551	1.101165
552	1.10185325
553	1.10233545
554	1.10260093
555	1.101864
556	1.101487
557	1.10113919
558	1.100924
559	1.10073638
560	1.10111165
561	1.10084772
562	1.10002065
563	1.10106289
564	1.10191739
565	1.10167634
566	1.102569
567	1.10289848
568	1.10273683
569	1.10302973
570	1.10303283
571	1.10417724
572	1.10275507
573	1.10417569
574	1.10391021
575	1.10436034
576	1.10371637
577	1.10423374
578	1.10323572
579	1.10491276
580	1.10509586
581	1.104632
582	1.10382938
583	1.10288787
584	1.10491276
585	1.10364771
586	1.10250175
587	1.10423374
588	1.10468686
589	1.10541165
590	1.104313
591	1.102987
592	1.10310459
593	1.10272157
594	1.10232174
595	1.10155118
596	1.10114217
597	1.10103846
598	1.10149777
599	1.10051656
600	1.10147333
</Group>
</Session>
