<Session>
Acquisition 1 2016-07-07 14:51:20
<Group>
Detector1
2
301		301	
D1 313:300-600	T636034834321413444	D1 313:300-600 [COR]	T636034834321413446
X	Y	X	Y
300	165.828918	300	1470.42139
301	139.82373	301	1250.94189
302	46.8063354	302	422.981476
303	225.84137	303	1978.95374
304	81.81268	304	695.067444
305	90.81433	305	757.9429
306	167.829346	306	1376.77625
307	230.842468	307	1835.74658
308	307.859558	308	2375.202
309	646.949158	309	4951.93359
310	1228.156	310	9328.308
311	2555.88232	311	18518.0176
312	3934.00879	312	27268.6289
313	5633.92041	313	37923.2344
314	5969.366	314	38989.98
315	5596.873	315	34820.4766
316	4454.53271	316	26361.9766
317	2881.11377	317	16225.4668
318	1225.15479	318	6543.12256
319	603.9366	319	3074.823
320	133.822571	320	647.9808
321	199.835876	321	925.9074
322	115.819092	322	512.999939
323	137.823364	323	588.793457
324	165.828918	324	681.8513
325	64.80957	325	259.126068
326	96.81549	326	375.638824
327	136.823181	327	504.987366
328	116.819275	328	408.067352
329	23.8023071	329	80.69408
330	173.830566	330	571.282532
331	172.830322	331	553.5365
332	107.817566	332	335.49
333	201.836365	333	611.2472
334	269.851	334	796.1488
335	254.847717	335	728.7354
336	445.89325	336	1234.58472
337	404.882874	337	1106.39221
338	573.9279	338	1551.34119
339	578.9294	339	1525.03076
340	641.9477	340	1647.37183
341	716.9705	341	1817.08533
342	525.9146	342	1316.14136
343	604.9368	343	1483.18579
344	636.9462	344	1530.13062
345	735.9765	345	1750.77527
346	783.9919	346	1847.98181
347	734.976135	347	1697.08289
348	924.039368	348	2088.773
349	996.065369	349	2214.16577
350	1126.115	350	2455.76636
351	1221.15308	351	2619.83569
352	1254.167	352	2642.33252
353	1321.19556	353	2750.07275
354	1492.27246	354	3062.802
355	1444.25024	355	2937.85913
356	1614.331	356	3250.843
357	1494.27344	357	2972.96533
358	1473.26367	358	2897.90918
359	1455.25537	359	2792.19556
360	1384.22314	360	2590.40332
361	1290.18213	361	2417.778
362	1287.18091	362	2414.188
363	1208.14771	363	2249.67236
364	1287.18091	364	2380.23022
365	1297.185	365	2366.293
366	1295.18433	366	2327.771
367	1250.16528	367	2244.68262
368	1267.17236	368	2275.0603
369	1357.21118	369	2403.22827
370	1459.25708	370	2549.361
371	1411.23535	371	2458.95459
372	1376.21948	372	2387.523
373	1415.237	373	2438.12842
374	1364.21436	374	2337.2207
375	1518.28467	375	2595.33667
376	1418.23853	376	2421.461
377	1300.18652	377	2204.18066
378	1317.19385	378	2222.64
379	1345.20581	379	2242.41919
380	1323.19629	380	2180.45435
381	1255.16724	381	2052.54175
382	1202.14551	382	1953.11719
383	1197.14331	383	1944.091
384	1098.104	384	1781.86853
385	1035.07983	385	1670.36707
386	1101.10522	386	1767.525
387	1005.06866	387	1592.78479
388	979.059143	388	1533.26965
389	1055.0874	389	1631.36646
390	1022.075	390	1566.56213
391	952.0494	391	1450.68433
392	940.0451	392	1424.84753
393	1013.07172	393	1528.5249
394	883.0251	394	1327.70117
395	894.0289	395	1331.58557
396	807.9997	396	1191.21069
397	963.0534	397	1410.81628
398	921.0384	398	1342.218
399	794.9954	399	1150.22217
400	788.993469	400	1135.71387
401	830.007	401	1181.54675
402	681.9598	402	964.2106
403	671.9567	403	946.984131
404	688.961853	404	963.6016
405	648.949768	405	904.7898
406	675.957947	406	940.850647
407	525.9146	407	729.160461
408	577.929	408	797.2057
409	489.904846	409	669.8075
410	572.9277	410	778.2458
411	528.915344	411	718.6816
412	478.901917	412	649.2721
413	560.924255	413	757.50946
414	584.9311	414	786.4561
415	439.891785	415	587.2702
416	529.9157	416	702.657349
417	459.8969	417	610.1654
418	368.874084	418	488.660339
419	373.8753	419	492.0614
420	417.886169	420	545.60675
421	336.8664	421	440.93396
422	294.856628	422	386.581848
423	427.888733	423	559.2602
424	321.862854	424	419.7299
425	327.8642	425	426.4931
426	370.874573	426	480.817047
427	322.8631	427	419.357483
428	263.84967	428	342.7405
429	241.84491	429	313.77948
430	297.857361	430	385.414917
431	217.839661	431	282.7788
432	240.844666	432	313.485748
433	141.824158	433	185.144562
434	257.848328	434	337.3744
435	175.830933	435	230.0227
436	182.832336	436	238.808548
437	285.854553	437	374.4863
438	210.8382	438	277.4325
439	219.840149	439	289.7712
440	160.827942	440	212.250168
441	178.8316	441	237.200851
442	203.836731	442	271.566223
443	191.83429	443	256.0205
444	105.8172	444	141.466919
445	133.822571	445	179.142548
446	199.835876	446	268.674957
447	80.8125	447	109.215981
448	118.819641	448	161.340912
449	30.8035278	449	41.8054733
450	119.819885	450	162.7198
451	58.80847	451	80.28288
452	151.826111	452	208.295731
453	85.8134155	453	118.1805
454	68.8103	454	95.12572
455	59.8086548	455	82.93986
456	76.81177	456	106.268173
457	115.819092	457	161.105911
458	43.8057861	458	61.1822929
459	51.80725	459	72.47827
460	44.80597	460	62.8293228
461	75.8115845	461	107.263474
462	64.80957	462	92.46421
463	101.816406	463	145.716827
464	21.80194	464	31.30192
465	95.81531	465	138.4032
466	-26.2061157	466	-38.01201
467	28.8031616	467	41.84334
468	5.79919434	468	8.434665
469	58.80847	469	86.11554
470	-9.203308	470	-13.5772982
471	22.802124	471	33.8543663
472	10.8000488	472	16.1407528
473	-9.203308	473	-13.8159628
474	20.8017578	474	31.3668842
475	13.8005371	475	20.9178238
476	18.8014526	476	28.6531487
477	40.8052368	477	62.5836143
478	-0.201843262	478	-0.3113776
479	81.81268	479	126.944366
480	31.80371	480	49.3973274
481	46.8063354	481	73.2971954
482	99.81604	482	157.319733
483	32.803833	483	51.9276276
484	35.8043823	484	56.9014969
485	70.81067	485	113.074821
486	44.80597	486	71.61148
487	-49.20984	487	-79.2212143
488	-47.2095337	488	-76.52889
489	42.805603	489	69.86836
490	37.80475	490	62.2111549
491	-31.20697	491	-51.69067
492	19.8015747	492	33.0204468
493	-27.2062988	493	-45.6073036
494	46.8063354	494	78.83645
495	-19.2049561	495	-32.5593071
496	35.8043823	496	61.0715675
497	-31.20697	497	-53.4652367
498	61.80902	498	106.481941
499	-11.2036743	499	-19.3788929
500	-30.2067871	500	-52.4727859
501	21.80194	501	38.15543
502	-23.2056274	502	-40.85491
503	-26.2061157	503	-46.4326019
504	20.8017578	504	37.07973
505	71.81085	505	128.646271
506	37.80475	506	68.1338348
507	40.8052368	507	73.94659
508	56.8081055	508	103.626717
509	17.80127	509	32.6802063
510	36.8045654	510	67.92416
511	0.798339844	511	1.4790796
512	-13.2039795	512	-24.6113853
513	11.8002319	513	22.1412563
514	22.802124	514	43.1655655
515	7.79956055	515	14.85657
516	-28.2064819	516	-54.02292
517	-5.20263672	517	-10.0421944
518	-97.2172241	518	-188.858459
519	1.798523	519	3.51373529
520	-49.20984	520	-96.78991
521	-7.203003	521	-14.2728386
522	26.8027954	522	53.47346
523	-53.21045	523	-106.8827
524	-68.21283	524	-137.990646
525	-81.21484	525	-165.354111
526	-38.20807	526	-78.53025
527	-18.204834	527	-37.678318
528	93.81494	528	195.56044
529	37.80475	529	79.2702
530	-22.2055054	530	-46.8473549
531	-14.2041626	531	-30.16908
532	-17.20465	532	-36.78443
533	-40.208374	533	-86.40551
534	16.8010864	534	36.3551941
535	-22.2055054	535	-48.2597961
536	19.8015747	536	43.2651558
537	8.799683	537	19.3587456
538	-51.210144	538	-113.63308
539	-33.2072754	539	-73.99685
540	-42.20874	540	-94.59431
541	40.8052368	541	92.1397247
542	102.816589	542	233.928085
543	27.8029785	543	63.5565567
544	-0.201843262	544	-0.464558661
545	-21.2053223	545	-49.0038834
546	40.8052368	546	94.70249
547	-52.2103271	547	-122.195213
548	-20.20514	548	-47.6183052
549	31.80371	549	75.43737
550	-14.2041626	550	-33.9083061
551	59.8086548	551	143.532852
552	-26.2061157	552	-63.25171
553	-55.2108154	553	-134.465286
554	-5.20263672	554	-12.8034477
555	42.805603	555	106.109833
556	-56.2109375	556	-140.091385
557	-124.221191	557	-311.735748
558	4.799011	558	12.1387262
559	107.817566	559	275.0228
560	-21.2053223	560	-54.4770622
561	-2.20214844	561	-5.705005
562	-23.2056274	562	-60.6027031
563	19.8015747	563	52.1493568
564	1.798523	564	4.778006
565	-103.21814	565	-276.411774
566	-37.2079468	566	-100.504478
567	-42.20874	567	-115.062508
568	-57.21112	568	-157.5273
569	-97.2172241	569	-269.6615
570	-57.21112	570	-159.874008
571	-59.2114258	571	-167.227066
572	-34.20746	572	-97.46623
573	26.8027954	573	76.6607361
574	-60.2115479	574	-173.013489
575	0.798339844	575	2.30977535
576	80.8125	576	235.877441
577	-52.2103271	577	-153.726044
578	-101.217834	578	-300.685883
579	38.80493	579	115.87101
580	44.80597	580	134.536423
581	31.80371	581	96.23978
582	-17.20465	582	-52.4004974
583	-17.20465	583	-52.8451271
584	24.80249	584	76.7756958
585	24.80249	585	77.2303848
586	-1.20196533	586	-3.76966619
587	21.80194	587	68.83503
588	-17.20465	588	-54.66712
589	-9.203308	589	-29.4272881
590	-22.2055054	590	-71.39131
591	-47.2095337	591	-153.081345
592	-23.2056274	592	-75.88961
593	-35.20758	593	-115.7586
594	-63.2120361	594	-209.468842
595	-89.216	595	-297.71402
596	-5.20263672	596	-17.4901867
597	17.80127	597	60.3001862
598	-14.2041626	598	-48.475193
599	9.799866	599	33.69439
600	-15.2043457	600	-52.7393074
</Group>
<Group>
RCQCSignal
1
301	
ExCorr	T636034834321413445
X	Y
300	1.09439933
301	1.094613
302	1.09351277
303	1.0944618
304	1.094503
305	1.0951699
306	1.094909
307	1.09618914
308	1.09557724
309	1.09464955
310	1.09341657
311	1.09693837
312	1.0950402
313	1.09480214
314	1.0944283
315	1.09542775
316	1.09526145
317	1.095327
318	1.096357
319	1.095765
320	1.09508133
321	1.09600151
322	1.09583664
323	1.09525537
324	1.09544909
325	1.09497452
326	1.09583056
327	1.09498978
328	1.0967232
329	1.09584892
330	1.09517753
331	1.0946511
332	1.0967232
333	1.09775317
334	1.09693682
335	1.09625328
336	1.09547353
337	1.09696436
338	1.095826
339	1.09532857
340	1.094471
341	1.09504163
342	1.09562767
343	1.0958581
344	1.0955224
345	1.09542465
346	1.0945152
347	1.09557581
348	1.09689415
349	1.09571922
350	1.09681332
351	1.09555137
352	1.09589469
353	1.096087
354	1.09827209
355	1.09702384
356	1.09693384
357	1.09692311
358	1.09602284
359	1.09648371
360	1.09639359
361	1.09513021
362	1.094468
363	1.09480977
364	1.09481585
365	1.09500813
366	1.09637535
367	1.09651113
368	1.09565973
369	1.09590232
370	1.09553146
371	1.095704
372	1.09774554
373	1.09774864
374	1.09612656
375	1.09683466
376	1.09636772
377	1.09693837
378	1.0947746
379	1.096621
380	1.097625
381	1.09799731
382	1.09701312
383	1.09664083
384	1.09661484
385	1.09669268
386	1.0965035
387	1.0965966
388	1.09543991
389	1.09857726
390	1.09718859
391	1.09768307
392	1.09749377
393	1.09867179
394	1.09861684
395	1.0973717
396	1.09683764
397	1.09746945
398	1.09684527
399	1.09723437
400	1.09528279
401	1.09851623
402	1.09695065
403	1.09462821
404	1.097036
405	1.09817743
406	1.09772122
407	1.09696591
408	1.09749842
409	1.10010612
410	1.10004508
411	1.09793782
412	1.09861994
413	1.09811485
414	1.09813929
415	1.09748924
416	1.09646535
417	1.09580159
418	1.0974313
419	1.097036
420	1.09819114
421	1.09661341
422	1.09599388
423	1.09660423
424	1.09628987
425	1.09619379
426	1.09706044
427	1.09599388
428	1.09687126
429	1.096505
430	1.09776843
431	1.09699333
432	1.09676445
433	1.09530258
434	1.09457779
435	1.09404528
436	1.0950402
437	1.0963769
438	1.096122
439	1.09603047
440	1.09644556
441	1.09605026
442	1.0962975
443	1.0963341
444	1.09637988
445	1.09833157
446	1.09695363
447	1.09675074
448	1.0970391
449	1.09773338
450	1.09715807
451	1.09629142
452	1.09570849
453	1.09580314
454	1.09588861
455	1.09521413
456	1.1005441
457	1.09871459
458	1.09837127
459	1.09831166
460	1.09752584
461	1.09675992
462	1.09660578
463	1.09667134
464	1.09665918
465	1.096122
466	1.09764338
467	1.09727407
468	1.09729242
469	1.097027
470	1.09599233
471	1.09590685
472	1.09555435
473	1.095562
474	1.09556055
475	1.09527206
476	1.094677
477	1.09549952
478	1.09686208
479	1.09556055
480	1.099508
481	1.09795153
482	1.09825981
483	1.09660721
484	1.09539568
485	1.09493339
486	1.09874356
487	1.09719932
488	1.09596491
489	1.0965538
490	1.095675
491	1.09595418
492	1.095971
493	1.09649742
494	1.0975548
495	1.09733057
496	1.097564
497	1.09805226
498	1.09728324
499	1.09728777
500	1.09697962
501	1.09666371
502	1.09791338
503	1.09700549
504	1.09645164
505	1.096508
506	1.0954293
507	1.09638143
508	1.09609461
509	1.09526145
510	1.095614
511	1.09771359
512	1.097387
513	1.09870231
514	1.09749842
515	1.096917
516	1.09707272
517	1.09631729
518	1.09699178
519	1.09792864
520	1.09764338
521	1.09682238
522	1.09660268
523	1.09650958
524	1.09606254
525	1.09729242
526	1.09516227
527	1.09463429
528	1.0938561
529	1.095121
530	1.09606552
531	1.09513783
532	1.09430015
533	1.09552848
534	1.09470451
535	1.09588242
536	1.095974
537	1.09618306
538	1.09440386
539	1.09591448
540	1.09574819
541	1.09563828
542	1.09541857
543	1.09661794
544	1.09549034
545	1.09675992
546	1.09774709
547	1.09731686
548	1.0984292
549	1.09807062
550	1.097709
551	1.09781885
552	1.0974282
553	1.097982
554	1.09691858
555	1.09654474
556	1.09818041
557	1.09822774
558	1.09713519
559	1.09581232
560	1.09586716
561	1.09571457
562	1.09587026
563	1.09640586
564	1.09652483
565	1.09717953
566	1.09704828
567	1.09764028
568	1.09721458
569	1.09731686
570	1.09730458
571	1.09741449
572	1.09935081
573	1.09999168
574	1.09973073
575	1.10014892
576	1.0983727
577	1.09754109
578	1.09643483
579	1.09718561
580	1.09743428
581	1.09708488
582	1.09809041
583	1.097561
584	1.09772122
585	1.09809649
586	1.09702992
587	1.09697807
588	1.09722531
589	1.09574509
590	1.0951165
591	1.09466481
592	1.09417045
593	1.09639215
594	1.09584427
595	1.09519279
596	1.09404981
597	1.09434736
598	1.09473038
599	1.0959878
600	1.09566271
</Group>
</Session>
