<Session>
Acquisition 1 2016-07-13 15:12:43
<Group>
Detector1
1
21	
D1 400:390-410	T636040156528598922
X	Y
390	1177.13855
391	1528.23352
392	2024.40979
393	4524.046
394	15028.5635
395	53939.9063
396	123319.344
397	206138.516
398	305311.656
399	374244.938
400	399946.625
401	363382.531
402	282548.063
403	181789.031
404	95653.15
405	37845.87
406	10010.0137
407	2711.735
408	1688.285
409	1341.17981
410	1252.15674
</Group>
<Group>
RCQCSignal
1
21	
ExCorr	T636040156528598923
X	Y
390	1.188719
391	1.18932474
392	1.18854046
393	1.189102
394	1.1890043
395	1.1886977
396	1.1886977
397	1.18884408
398	1.18880141
399	1.18815446
400	1.188394
401	1.18845356
402	1.18814826
403	1.1880461
404	1.18858325
405	1.1883986
406	1.18885934
407	1.18770576
408	1.18908525
409	1.18955827
410	1.18871593
</Group>
</Session>
