<Session>
Acquisition 1 2016-07-13 15:13:36
<Group>
Detector1
1
21	
D1 400:390-410	T636040156528598929
X	Y
390	861.074158
391	820.067261
392	853.072754
393	866.075
394	863.074463
395	936.087646
396	1891.35767
397	4484.01025
398	10151.2979
399	17805.666
400	26334.2285
401	31897.53
402	33246.2852
403	31139.7676
404	25090.85
405	18242.2383
406	11414.0186
407	6376.06348
408	3569.27368
409	1638.26831
410	993.098633
</Group>
<Group>
RCQCSignal
1
21	
ExCorr	T636040156528598930
X	Y
390	1.18885028
391	1.18924844
392	1.18805981
393	1.18885171
394	1.18970776
395	1.19022655
396	1.18901813
397	1.189839
398	1.18862593
399	1.18873429
400	1.18935227
401	1.18930185
402	1.1890974
403	1.18919969
404	1.18867171
405	1.1890471
406	1.18984354
407	1.18860614
408	1.18831623
409	1.18779731
410	1.18780494
</Group>
</Session>
