<Session>
Acquisition 1 2016-07-29 16:21:13
<Group>
Detector1
2
151		151	
D1 364:350-500	T636052100709858440	D1 364:350-500 [COR]	T636052100709858442
X	Y	X	Y
350	1231.15161	350	1021.84625
351	1381.1908	351	1139.49573
352	1484.22021	352	1217.29285
353	1492.22266	353	1214.226
354	1474.21729	354	1189.92224
355	1469.21582	355	1188.55017
356	1695.28735	356	1374.64233
357	2567.65918	357	2069.63745
358	6357.03955	358	5093.19141
359	17584.8867	359	13972.6074
360	39989.4922	360	31514.3555
361	83227.86	361	65817.1953
362	124590.469	362	98861.72
363	160990.188	363	127535.352
364	167612.25	364	132170.469
365	154190.2	365	121477.117
366	119434.164	366	94037.64
367	78768.1953	367	61969.03
368	43300.957	368	34042.37
369	20602.3867	369	16184.1709
370	9081.242	370	7130.486
371	4007.60571	371	3146.85278
372	2429.59	372	1908.491
373	2073.43	373	1629.94043
374	1876.352	374	1477.76453
375	1617.26147	375	1276.25793
376	1708.29175	376	1351.6947
377	1581.25	377	1256.855
378	1526.23291	378	1218.47375
379	1488.22144	379	1182.74011
380	1436.2063	380	1136.3114
381	1499.22473	381	1182.87341
382	1353.18311	382	1064.6012
383	1476.2179	383	1162.10352
384	1399.1958	384	1101.73511
385	1302.16956	385	1025.82007
386	1387.19238	386	1093.30542
387	1329.17664	387	1040.22437
388	1368.18713	388	1062.706
389	1310.17163	389	1016.55444
390	1381.1908	390	1070.176
391	1329.17664	391	1027.94263
392	1336.17847	392	1031.41968
393	1222.14929	393	942.393433
394	1318.17371	394	1016.01563
395	1216.148	395	931.1472
396	1168.13647	396	888.4756
397	1270.16138	397	966.6214
398	1287.16565	398	980.3244
399	1293.16724	399	980.5023
400	1169.13672	400	885.113037
401	1194.14258	401	900.174
402	1230.15137	402	922.925842
403	1306.17065	403	980.355957
404	1102.12146	404	827.0208
405	1140.13	405	853.38855
406	1253.157	406	935.8475
407	1432.20508	407	1069.66089
408	1602.25671	408	1196.31458
409	1897.36	409	1413.8175
410	2170.471	410	1613.54285
411	2969.88184	411	2203.14819
412	3842.476	412	2844.064
413	4953.45264	413	3662.441
414	5753.30859	414	4250.303
415	6583.332	415	4836.045
416	7712.946	416	5634.54834
417	7956.327	417	5822.44531
418	7821.114	418	5729.504
419	7533.673	419	5494.53174
420	6608.365	420	4797.292
421	5551.08	421	4043.73438
422	4569.087	422	3340.26538
423	3577.2793	423	2621.28687
424	2773.76929	424	2036.91772
425	2208.48755	425	1618.53186
426	1673.27991	426	1221.40369
427	1532.23474	427	1121.0636
428	1331.17725	428	976.9184
429	1286.16541	429	943.444153
430	1385.19189	430	1015.58612
431	1278.16333	431	940.575256
432	1218.14844	432	900.222046
433	1202.14453	433	890.805
434	1211.14673	434	900.1384
435	1208.146	435	900.4792
436	1188.14111	436	888.1481
437	1117.12476	437	836.9055
438	1170.137	438	878.7059
439	1105.12207	439	830.9362
440	1078.11621	440	811.769836
441	1139.12976	441	863.784058
442	1084.11755	442	828.1243
443	1129.12744	443	863.0432
444	1166.136	444	892.042
445	1127.12708	445	864.278442
446	1114.12415	446	856.4769
447	1187.14087	447	917.822754
448	1113.1239	448	865.7036
449	1115.12439	449	868.511047
450	1059.11218	450	825.9301
451	1113.1239	451	871.570068
452	1130.12769	452	888.6685
453	1047.10962	453	825.180969
454	1121.12573	454	885.124634
455	1098.12061	455	870.6773
456	1209.14624	456	962.0658
457	1087.11816	457	868.505859
458	1095.11987	458	878.348267
459	1208.146	459	970.5983
460	1220.1488	460	981.7616
461	1113.1239	461	899.488464
462	1059.11218	462	859.7359
463	1096.12012	463	893.601563
464	1135.12878	464	929.33374
465	1143.13062	465	941.3524
466	1156.13367	466	957.7619
467	1079.11646	467	894.5331
468	1103.1217	468	914.9027
469	1065.1134	469	887.7446
470	1126.12683	470	943.2741
471	1166.136	471	982.2803
472	1098.12061	472	930.2463
473	1106.12231	473	939.8315
474	1189.14136	474	1013.2312
475	1147.13159	475	984.9452
476	1118.125	476	967.332031
477	1038.10779	477	903.0491
478	1134.12866	478	992.098938
479	1183.14	479	1039.01563
480	1032.10657	480	909.78595
481	1051.11047	481	929.980042
482	1056.11157	482	939.076538
483	1089.11865	483	970.5852
484	1022.10449	484	913.6318
485	1100.121	485	989.1682
486	1132.12817	486	1023.98169
487	1062.11279	487	964.9301
488	1121.12573	488	1023.34656
489	1157.13391	489	1062.21887
490	1138.12952	490	1050.73608
491	1137.12927	491	1057.30652
492	1101.12122	492	1031.121
493	1056.11157	493	992.9403
494	1098.12061	494	1036.16565
495	1164.1355	495	1104.87756
496	1039.10791	496	991.895447
497	1098.12061	497	1056.51111
498	1033.10669	498	1001.70782
499	1046.10938	499	1017.253
500	1112.12366	500	1084.84583
</Group>
<Group>
RCQCSignal
1
151	
ExCorr	T636052100709858441
X	Y
350	1.26625621
351	1.26662552
352	1.26679945
353	1.26683
354	1.26700842
355	1.26708174
356	1.26703286
357	1.267132
358	1.26728165
359	1.26723123
360	1.26702833
361	1.26699471
362	1.26704967
363	1.26500189
364	1.26670182
365	1.26701307
366	1.266955
367	1.26705885
368	1.26702225
369	1.26723278
370	1.26700389
371	1.26693213
372	1.26642859
373	1.266543
374	1.26524758
375	1.26638889
376	1.2666713
377	1.26660562
378	1.26668191
379	1.26686347
380	1.266926
381	1.26691079
382	1.26697946
383	1.26667428
384	1.2668345
385	1.26690626
386	1.26698864
387	1.26669872
388	1.26697183
389	1.2666713
390	1.26676428
391	1.26681626
392	1.26686347
393	1.26716256
394	1.26663613
395	1.26677346
396	1.26681
397	1.26696265
398	1.26684523
399	1.26877546
400	1.266955
401	1.26665139
402	1.26690161
403	1.26643932
404	1.26677191
405	1.26693833
406	1.266801
407	1.26655686
408	1.26680553
409	1.2665782
410	1.266775
411	1.26670945
412	1.26679635
413	1.26697028
414	1.266836
415	1.26669419
416	1.26635838
417	1.2660532
418	1.26661479
419	1.266653
420	1.26695049
421	1.26697946
422	1.26686656
423	1.26684058
424	1.26700842
425	1.26507056
426	1.26561987
427	1.266775
428	1.26703286
429	1.26694441
430	1.26688337
431	1.26696122
432	1.2663157
433	1.26677811
434	1.26690781
435	1.267007
436	1.26703286
437	1.26710761
438	1.26695812
439	1.2671473
440	1.267161
441	1.267332
442	1.26708019
443	1.2672801
444	1.26725721
445	1.267303
446	1.26717627
447	1.267448
448	1.26739907
449	1.2671901
450	1.26720381
451	1.26739144
452	1.267277
453	1.26700544
454	1.26717174
455	1.26673079
456	1.26725721
457	1.267248
458	1.26739609
459	1.26738691
460	1.26749671
461	1.26757765
462	1.26730752
463	1.26741588
464	1.26756394
465	1.26728308
466	1.26677811
467	1.26685739
468	1.267097
469	1.2672236
470	1.26726639
471	1.26743114
472	1.26747847
473	1.26746321
474	1.26764321
475	1.26757157
476	1.2675364
477	1.26760662
478	1.26752114
479	1.26748455
480	1.26761734
481	1.26746476
482	1.26567638
483	1.26707566
484	1.26744032
485	1.2674861
486	1.2674495
487	1.26768446
488	1.26755774
489	1.2675761
490	1.26752579
491	1.26744032
492	1.26730907
493	1.26725566
494	1.26768744
495	1.26774549
496	1.26786757
497	1.2678324
498	1.26785684
499	1.26791632
500	1.26765239
</Group>
</Session>
