<Session>
Acquisition 1 2016-07-29 16:42:53
<Group>
Detector1
2
176		176	
D1 397:375-550	T636052100709861200	D1 397:375-550 [COR]	T636052100709861202
X	Y	X	Y
375	1213.14722	375	704.64624
376	1172.13733	376	682.5535
377	1135.12878	377	664.068
378	1194.14258	378	701.579468
379	1135.12878	379	663.762
380	1136.129	380	661.5511
381	1132.12817	381	657.4666
382	1138.12952	382	658.982849
383	1139.12976	383	659.871033
384	1267.16052	384	734.210449
385	1164.1355	385	674.992432
386	1181.13953	386	684.662842
387	1214.14746	387	699.205261
388	1244.15479	388	711.3216
389	1402.19666	389	800.4646
390	1822.332	390	1041.66235
391	3496.22217	391	1991.19556
392	11100.3125	392	6306.22
393	28158.1387	393	15981.1768
394	53473.93	394	30323.19
395	83434.27	395	47003.7
396	110206.68	396	61620.2578
397	128066.18	397	71710.28
398	130745.641	398	73261.28
399	118275.953	399	66082.22
400	92365.9141	400	51450.793
401	59739.4648	401	33124.0039
402	34485.6523	402	19021.6074
403	16049.7314	403	8859.549
404	6740.5415	404	3721.32715
405	2897.8396	405	1596.01575
406	2001.40051	406	1099.62061
407	1893.3584	407	1040.08325
408	1630.26575	408	895.4441
409	1724.29724	409	945.0066
410	1643.27	410	898.6403
411	1511.22839	411	824.603943
412	1430.20459	412	778.6522
413	1394.19434	413	758.380737
414	1351.1825	414	734.2322
415	1337.17883	415	722.5536
416	1380.19043	416	741.422058
417	1360.18494	417	731.698853
418	1199.1438	418	646.087036
419	1285.16516	419	689.3552
420	1304.17	420	696.527
421	1179.139	421	631.778259
422	1214.14746	422	652.949341
423	1375.18909	423	741.2626
424	1410.19885	424	761.9225
425	1238.15332	425	666.511963
426	1332.17749	426	714.6473
427	1225.15015	427	659.3402
428	1292.167	428	697.3645
429	1235.15259	429	667.39386
430	1092.11926	430	589.3797
431	1236.15283	431	669.4638
432	1206.14551	432	655.6081
433	1306.17065	433	712.006531
434	1232.15186	434	673.8288
435	1247.15552	435	683.9764
436	1338.17908	436	736.060852
437	1275.1626	437	702.77356
438	1147.13159	438	633.6425
439	1168.13647	439	646.0864
440	1223.14966	440	676.925842
441	1163.13525	441	648.5699
442	1186.14063	442	666.4148
443	1143.13062	443	642.823853
444	1071.11475	444	602.791748
445	1124.12634	445	634.196655
446	1271.16162	446	718.9067
447	1186.14063	447	675.5767
448	1157.13391	448	662.3562
449	1266.16028	449	725.547668
450	1396.195	450	801.0452
451	1563.24438	451	900.662231
452	1831.33533	452	1059.41687
453	2158.46582	453	1251.02808
454	2445.598	454	1420.149
455	2921.85352	455	1703.44019
456	3380.14233	456	1976.47
457	4137.71143	457	2423.12817
458	4433.96533	458	2611.59229
459	4984.484	459	2943.79
460	5073.573	460	3003.0188
461	5213.71729	461	3099.688
462	5037.53662	462	3008.501
463	4782.286	463	2868.60571
464	4066.65332	464	2449.85815
465	3594.2915	465	2177.34521
466	2917.85132	466	1777.65515
467	2485.61768	467	1504.62476
468	1920.36877	468	1171.7478
469	1674.28027	469	1026.96155
470	1492.22266	470	919.7949
471	1349.182	471	836.413757
472	1247.15552	472	777.5041
473	1300.16907	473	812.9282
474	1306.17065	474	818.9731
475	1263.15955	475	798.0324
476	1217.14819	476	774.805359
477	1166.136	477	746.4129
478	1213.14722	478	780.8184
479	1077.116	479	695.9796
480	1137.12927	480	737.552246
481	1098.12061	481	714.7045
482	1088.11841	482	710.7905
483	1186.14063	483	777.4175
484	1129.12744	484	742.406555
485	1079.11646	485	713.747253
486	1002.1004	486	666.69696
487	1178.13879	487	787.50415
488	1137.12927	488	763.485046
489	1049.11011	489	708.514954
490	1081.11682	490	734.2738
491	1034.10693	491	707.2918
492	1032.10657	492	710.773743
493	1170.137	493	809.104553
494	1070.1145	494	742.7545
495	1067.11389	495	745.084045
496	981.096252	496	688.9949
497	1077.116	497	762.4385
498	1042.10864	498	743.2768
499	1057.11169	499	756.166931
500	1090.11877	500	783.4891
501	1162.135	501	838.452759
502	1043.10876	502	756.470642
503	1030.10608	503	749.7749
504	1044.109	504	762.674866
505	1035.10718	505	759.7614
506	1024.10486	506	755.2114
507	1029.106	507	765.1542
508	1096.12012	508	821.6194
509	1071.11475	509	808.2437
510	1088.11841	510	826.2843
511	1053.11084	511	802.09314
512	1044.109	512	797.624756
513	1027.10547	513	790.7985
514	1094.11975	514	849.142
515	1048.10986	515	818.2479
516	1047.10962	516	822.3943
517	1013.10266	517	798.84375
518	1030.10608	518	815.4404
519	1086.11792	519	865.016052
520	1081.11682	520	866.188538
521	1044.109	521	840.873047
522	1044.109	522	845.748962
523	1156.13367	523	943.318054
524	1009.10181	524	829.1021
525	1059.11218	525	874.1403
526	1092.11926	526	905.323547
527	1045.10925	527	872.348633
528	1065.1134	528	895.0747
529	1079.11646	529	912.8945
530	1026.10522	530	873.340942
531	1033.10669	531	883.569336
532	993.098633	532	853.606
533	1033.10669	533	892.5722
534	1066.11365	534	925.8312
535	1161.13477	535	1014.97809
536	1029.106	536	905.505737
537	1059.11218	537	936.8534
538	1078.11621	538	958.6041
539	1055.11133	539	940.9122
540	1038.10779	540	928.6316
541	1097.12036	541	988.4452
542	1019.10382	542	924.692261
543	1052.11072	543	958.903931
544	1074.11536	544	983.2589
545	1045.10925	545	961.429749
546	1089.11865	546	1006.99707
547	1090.11877	547	1014.78229
548	1057.11169	548	988.1059
549	1080.1167	549	1015.45435
550	1062.11279	550	1003.287
</Group>
<Group>
RCQCSignal
1
176	
ExCorr	T636052100709861201
X	Y
375	1.69694519
376	1.69754934
377	1.69730067
378	1.69762719
379	1.6981827
380	1.69783783
381	1.69761658
382	1.69792175
383	1.69774926
384	1.69796908
385	1.69766843
386	1.69903409
387	1.697792
388	1.69763029
389	1.69798279
390	1.69355
391	1.69662166
392	1.69772339
393	1.697992
394	1.69803619
395	1.69802248
396	1.69960475
397	1.69830012
398	1.69828951
399	1.698207
400	1.69830012
401	1.69842374
402	1.69958341
403	1.69833982
404	1.69817507
405	1.69818568
406	1.69824064
407	1.69836271
408	1.698413
409	1.69845116
410	1.6984359
411	1.69850314
412	1.69859469
413	1.69849849
414	1.6986481
415	1.698384
416	1.69851375
417	1.69867551
418	1.69853055
419	1.69862521
420	1.69847107
421	1.69892883
422	1.69853508
423	1.69853365
424	1.69844818
425	1.69866478
426	1.69849551
427	1.69857323
428	1.69929659
429	1.6963501
430	1.69753408
431	1.69791412
432	1.69803619
433	1.69841
434	1.69813538
435	1.698294
436	1.69826663
437	1.69878542
438	1.69878387
439	1.69897759
440	1.7003479
441	1.6997925
442	1.6990844
443	1.69889367
444	1.69890749
445	1.69884026
446	1.69882047
447	1.6968689
448	1.69836581
449	1.6987
450	1.69877923
451	1.69877017
452	1.698967
453	1.69907987
454	1.69916987
455	1.69911647
456	1.70073092
457	1.70506752
458	1.702176
459	1.70036769
460	1.69940186
461	1.69924617
462	1.6989212
463	1.69890749
464	1.6989975
465	1.699089
466	1.69889224
467	1.71104753
468	1.69868159
469	1.69832
470	1.69848323
471	1.6984787
472	1.69866025
473	1.69875181
474	1.69903564
475	1.69906151
476	1.69901276
477	1.699118
478	1.69907069
479	1.69900513
480	1.69910431
481	1.69935763
482	1.69921565
483	1.69919431
484	1.69943547
485	1.699405
486	1.69945681
487	1.69933927
488	1.69959569
489	1.69932556
490	1.6993134
491	1.69936061
492	1.69961393
493	1.69945526
494	1.69971621
495	1.6996063
496	1.69971013
497	1.69958806
498	1.69992065
499	1.69998777
500	1.69689941
501	1.69955754
502	1.69990849
503	1.69983065
504	1.69989467
505	1.69986272
506	1.70005035
507	1.69986117
508	1.69972229
509	1.69955754
510	1.69989467
511	1.699913
512	1.69989777
513	1.69992518
514	1.69958806
515	1.69962919
516	1.69942629
517	1.69946134
518	1.69954228
519	1.69937444
520	1.69931948
521	1.69942021
522	1.69843292
523	1.69851685
524	1.69902492
525	1.69916224
526	1.69954371
527	1.69946742
528	1.69954526
529	1.69946444
530	1.70028532
531	1.7000519
532	1.69952238
533	1.69957578
534	1.69959569
535	1.69954228
536	1.69937289
537	1.69934237
538	1.69947815
539	1.699681
540	1.69958186
541	1.69966578
542	1.69972837
543	1.69970858
544	1.6997788
545	1.69989324
546	1.69973755
547	1.69724727
548	1.69925535
549	1.69871056
550	1.69984591
</Group>
</Session>
