<Session>
Acquisition 1 2016-07-29 16:25:05
<Group>
Detector1
2
101		101	
D1 350-450:420	T636052100709859130	D1 350-450:420 [COR]	T636052100709859132
X	Y	X	Y
350	1192.14209	350	969.104858
351	1217.14819	351	976.4706
352	1172.13733	352	930.074036
353	1262.1593	353	992.372864
354	1268.16077	354	988.1462
355	1316.17322	355	1016.66949
356	1261.159	356	968.0687
357	1289.16614	357	984.5979
358	1442.208	358	1094.14221
359	1673.27991	359	1264.92578
360	2007.403	360	1510.32007
361	2834.80347	361	2113.28125
362	3794.43945	362	2812.4624
363	4959.459	363	3642.09058
364	6514.2417	364	4737.66
365	7297.32227	365	5247.54053
366	7921.27148	366	5620.325
367	7533.673	367	5279.376
368	6665.441	368	4598.39355
369	5539.067	369	3775.65454
370	4457.987	370	2997.4917
371	3288.08081	371	2180.9187
372	2519.63477	372	1663.80176
373	1834.33643	373	1203.20667
374	1507.22717	374	978.137268
375	1398.19543	375	896.5974
376	1311.17188	376	828.7458
377	1181.13953	377	740.5332
378	1181.13953	378	735.6768
379	1299.16882	379	800.715759
380	1212.147	380	743.1364
381	1216.148	381	736.108643
382	1258.15833	382	756.307251
383	1220.1488	383	730.7806
384	1167.13623	384	694.6318
385	1244.15479	385	736.2004
386	1201.14429	386	705.6065
387	1190.1416	387	695.3204
388	1087.11816	388	630.642944
389	1218.14844	389	702.537659
390	1276.16284	390	728.87384
391	1371.188	391	772.9985
392	1351.1825	392	755.681335
393	1285.16516	393	709.7278
394	1290.16638	394	704.6427
395	1302.16956	395	704.8004
396	1326.1759	396	711.419556
397	1306.17065	397	698.2133
398	1254.15723	398	668.955
399	1283.16467	399	686.8027
400	1267.16052	400	680.2786
401	1358.18445	401	729.779
402	1266.16028	402	681.386169
403	1391.19348	403	747.890564
404	1429.20422	404	766.4056
405	1422.20227	405	759.0682
406	1392.19385	406	738.2532
407	1499.22473	407	791.2609
408	1535.23572	408	805.828552
409	1697.28809	409	884.8361
410	1696.28772	410	882.6983
411	1761.31018	411	909.9961
412	2382.56763	412	1229.24866
413	4388.926	413	2256.82275
414	10049.0918	414	5162.931
415	24385.3672	415	12463.3887
416	46140.24	416	23364.3555
417	70788.75	417	35615.4961
418	95451.33	418	47693.27
419	112614.742	419	56046.6641
420	111398.805	420	55612.6328
421	96939.69	421	48437.68
422	74453.59	422	37392.22
423	48456.043	423	24374.748
424	25108.9414	424	12608.9063
425	11175.4795	425	5614.799
426	3933.54688	426	1968.5929
427	1873.351	427	937.5965
428	1374.18884	428	686.1559
429	1198.14355	429	597.5347
430	1218.14844	430	607.235168
431	1160.13452	431	575.4291
432	1239.15356	432	611.771
433	1157.13391	433	568.800537
434	1226.15039	434	598.6242
435	1124.12634	435	543.7619
436	1086.11792	436	520.636536
437	1063.113	437	506.6367
438	1166.136	438	553.474243
439	1126.12683	439	533.244446
440	1108.1228	440	526.6886
441	1056.11157	441	501.123383
442	1106.12231	442	525.3157
443	1144.13086	443	543.242065
444	1141.13025	444	541.1334
445	1135.12878	445	535.8143
446	1046.10938	446	482.122
447	1092.11926	447	490.525482
448	1187.14087	448	521.3949
449	1069.11426	449	462.649475
450	1118.125	450	478.3888
</Group>
<Group>
RCQCSignal
1
101	
ExCorr	T636052100709859131
X	Y
350	1.23014724
351	1.2366308
352	1.24142063
353	1.24484622
354	1.24823678
355	1.25226057
356	1.25327682
357	1.25312126
358	1.2552743
359	1.25363541
360	1.25298238
361	1.25757074
362	1.25760591
363	1.26099491
364	1.264625
365	1.26937819
366	1.27648127
367	1.28152585
368	1.29068589
369	1.29531085
370	1.3015579
371	1.319794
372	1.32617688
373	1.33602965
374	1.35132825
375	1.36851454
376	1.38950479
377	1.40176237
378	1.41215682
379	1.42897081
380	1.43751121
381	1.45949793
382	1.4733578
383	1.48293734
384	1.49647367
385	1.50929737
386	1.52448916
387	1.53680325
388	1.55203938
389	1.56541085
390	1.585243
391	1.60623026
392	1.619678
393	1.64101779
394	1.66013122
395	1.6758312
396	1.690875
397	1.69696808
398	1.70208442
399	1.69794464
400	1.6946944
401	1.69306779
402	1.6902312
403	1.69152367
404	1.69539487
405	1.70216215
406	1.71233845
407	1.71976042
408	1.728281
409	1.7385596
410	1.74103451
411	1.75152206
412	1.75253379
413	1.75748229
414	1.75846946
415	1.76741588
416	1.78255439
417	1.79271233
418	1.80328834
419	1.80767989
420	1.801883
421	1.79770958
422	1.78717935
423	1.781973
424	1.78180516
425	1.77792025
426	1.781503
427	1.7785641
428	1.779112
429	1.77768672
430	1.77574885
431	1.78030217
432	1.78448308
433	1.7878691
434	1.79588461
435	1.80757153
436	1.81955135
437	1.824506
438	1.82761276
439	1.827216
440	1.81841767
441	1.81933165
442	1.8148241
443	1.81230187
444	1.81165183
445	1.81793082
446	1.859295
447	1.90537572
448	1.94538951
449	1.96567631
450	1.97998321
</Group>
</Session>
