<Session>
Acquisition 1 2016-08-04 14:32:56
<Group>
Detector1
2
301		301	
D1 290:300-600	T636059097262978062	D1 290:300-600 [COR]	T636059097262978064
X	Y	X	Y
300	105.814941	300	2774.80786
301	139.820923	301	3714.294
302	100.814087	302	2710.171
303	127.818787	303	3448.66064
304	27.802124	304	750.290466
305	138.82074	305	3753.07617
306	132.819641	306	3583.98584
307	85.81152	307	2294.141
308	57.8068848	308	1535.118
309	104.814758	309	2754.537
310	53.8062744	310	1402.94458
311	61.8075562	311	1600.777
312	207.8335	312	5363.02344
313	70.80902	313	1797.94019
314	79.81055	314	1997.211
315	157.824158	315	3955.72241
316	175.827454	316	4416.66553
317	94.81305	317	2358.432
318	192.830688	318	4760.044
319	112.816162	319	2744.27661
320	62.80774	320	1502.33838
321	131.819458	321	3142.63013
322	109.815613	322	2594.44385
323	156.823975	323	3712.92773
324	182.8288	324	4320.179
325	86.81171	325	2039.2832
326	150.822876	326	3523.24683
327	169.826355	327	3965.158
328	184.829163	328	4316.91943
329	122.817871	329	2844.38721
330	50.8057861	330	1158.325
331	141.821228	331	3231.82373
332	78.81036	332	1791.64075
333	292.8506	333	6709.52441
334	144.821777	334	3343.379
335	304.853149	335	6959.433
336	279.8479	336	6302.33545
337	295.8512	337	6698.835
338	340.86084	338	7743.99463
339	443.884521	339	10048.4268
340	492.896484	340	11131.3945
341	621.9303	341	14046.6982
342	905.016235	342	20492.99
343	1168.11047	343	26346.4922
344	1915.45361	344	43209.3477
345	3221.321	345	72677.3
346	5189.27246	346	117100.008
347	7824.0957	347	175580.234
348	11587.9619	348	257885.859
349	15818.1748	349	347718.844
350	20541.0254	350	447935.375
351	26023.3164	351	562587
352	31395.8828	352	674792.3
353	36625.1172	353	781720.563
354	42017.16	354	889127.2
355	46151.0664	355	977723.25
356	50359.1133	356	1071896
357	52449.81	357	1111712.38
358	52976.41	358	1113405.13
359	52867.2422	359	1102289.5
360	51841.4063	360	1073757.5
361	49116.63	361	1019647.94
362	47438.25	362	989074.3
363	45714.0039	363	947685.938
364	42644.543	364	881753
365	41873.94	365	863804.4
366	41419.1	366	854038.75
367	41583.4844	367	857216.5
368	41536.0859	368	854066.063
369	41944.543	369	865344.5
370	42007.0742	370	864575.7
371	41642.99	371	856501.1
372	42671.78	372	878046.438
373	42916.9063	373	884545.438
374	42522.4922	374	874634.4
375	42358.08	375	874919.6
376	41906.22	376	867930.2
377	41111.5273	377	855276.4
378	40522.6523	378	847669.6
379	39062.8633	379	813393.5
380	37686.13	380	780877.25
381	35795.0039	381	739697.8
382	34111.02	382	703783.6
383	33450.4727	383	689965.5
384	30945.0117	384	638864.438
385	29855.2441	385	615367.2
386	28852.2227	386	595191.9
387	27539.6445	387	565843.4
388	26452.627	388	537989.9
389	25083.3828	389	509738.75
390	25108.5137	390	510806.719
391	23987.8574	391	486165.4
392	24071.27	392	487503.781
393	23051.32	393	465140.1
394	22194.3242	394	451918.344
395	22336.9785	395	449272.344
396	21711.1348	396	432653.156
397	21167.7266	397	422131.2
398	20705.7266	398	413158.281
399	19652.3262	399	391073.6
400	19374.2012	400	384027.438
401	19446.4922	401	384170.781
402	17866.37	402	351054.75
403	17125.6719	403	336792.625
404	16678.0938	404	327908.531
405	15920.5146	405	312655
406	15014.5811	406	294042.844
407	14349.53	407	281311.531
408	13579.2666	408	265382.031
409	12819.1484	409	250306.766
410	12391.0059	410	241698.422
411	11585.957	411	224954.359
412	11075.7246	412	215139.6
413	10564.543	413	205128.969
414	10240.8213	414	198735.641
415	9563.379	415	184002.156
416	9089.425	416	174249.313
417	9213.671	417	176558.781
418	8510.319	418	163550.953
419	8143.65332	419	155607.6
420	8059.505	420	153526.875
421	7583.68945	421	144940.1
422	6957.68555	422	133518.5
423	7018.78027	423	135192.3
424	6509.01367	424	125264.422
425	6248.64258	425	119916.844
426	5807.044	426	111080.383
427	5691.89453	427	109410.914
428	5496.64648	428	105969.609
429	5195.2793	429	99942.07
430	4950.995	430	95490.05
431	4674.6875	431	90644.26
432	4551.55469	432	88300.16
433	4099.0957	433	79607.1953
434	4076.07349	434	79463.89
435	3730.75171	435	73084.98
436	3534.57983	436	69225.35
437	3378.44849	437	66353.1
438	3270.36035	438	64266.4336
439	3136.25415	439	61715.9336
440	2829.02466	440	55749.04
441	2721.949	441	54143.5625
442	2670.91382	442	53514.6367
443	2532.82129	443	50807.41
444	2216.62329	444	44471.65
445	2160.59033	445	43395.96
446	2042.523	446	41089.7656
447	1973.48486	447	39971.832
448	1863.426	448	37803.35
449	1798.39258	449	36685.457
450	1750.36816	450	35766.9023
451	1686.33643	451	34613.36
452	1594.29248	452	32825.0859
453	1414.21118	453	29193.2266
454	1419.21338	454	29530.96
455	1366.19043	455	28431.9023
456	1497.2478	456	31290.584
457	1245.14063	457	26119.8281
458	1241.139	458	26128.6
459	1228.13391	459	25822.3535
460	1190.119	460	25158.0957
461	1075.07556	461	22827.0039
462	915.019531	462	19486.5
463	835.9938	463	17870.13
464	800.9828	464	17198.9648
465	734.962769	465	15850.3623
466	642.936157	466	13937.126
467	692.950439	467	15042.4473
468	717.957642	468	15595.623
469	591.9221	469	12904.2705
470	687.949	470	15105.3789
471	496.897461	471	10945.5977
472	613.9281	472	13609.9023
473	546.9103	473	12183.2764
474	530.9061	474	11854.3359
475	469.890869	475	10583.5615
476	437.883057	476	9939.128
477	450.88623	477	10290.3184
478	467.890259	478	10744.1025
479	362.865723	479	8373.941
480	345.861938	480	7993.639
481	377.869141	481	8768.236
482	361.865479	482	8419.463
483	379.869629	483	8877.406
484	284.848877	484	6679.369
485	437.883057	485	10356.208
486	279.8479	486	6649.75342
487	303.8529	487	7246.579
488	246.841187	488	5923.649
489	366.8667	489	8867.053
490	292.8506	490	7144.789
491	195.831238	491	4792.563
492	211.83429	492	5217.45947
493	230.838013	493	5704.41748
494	214.8349	494	5320.89258
495	152.823242	495	3795.53931
496	220.83606	496	5523.683
497	234.8388	497	5921.166
498	43.8046265	498	1112.53357
499	107.815308	499	2744.4978
500	110.815796	500	2849.09937
501	129.819092	501	3345.158
502	271.8462	502	7030.18652
503	157.824158	503	4088.694
504	81.81085	504	2132.008
505	101.81427	505	2663.17944
506	150.822876	506	3959.30176
507	171.826721	507	4550.45264
508	100.814087	508	2695.54761
509	92.8127441	509	2500.96118
510	181.828613	510	4932.7
511	156.823975	511	4262.193
512	91.81256	512	2504.32568
513	133.819824	513	3684.89917
514	82.8110352	514	2291.97974
515	59.80725	515	1664.6875
516	189.830078	516	5324.238
517	30.8026123	517	866.4998
518	57.8068848	518	1630.99121
519	83.81122	519	2382.454
520	61.8075562	520	1765.56592
521	68.8087158	521	1978.03027
522	120.817566	522	3490.14355
523	91.81256	523	2671.00244
524	73.80951	524	2169.14819
525	125.81842	525	3711.7583
526	29.80243	526	881.193054
527	24.8016357	527	737.043945
528	77.81018	528	2333.081
529	75.8098755	529	2287.6438
530	7.799011	530	237.0153
531	51.80591	531	1580.71777
532	89.8121948	532	2753.35767
533	90.81238	533	2802.75366
534	61.8075562	534	1912.85669
535	43.8046265	535	1364.78674
536	-60.2108765	536	-1888.91846
537	24.8016357	537	781.2471
538	8.799194	538	279.133179
539	25.8018188	539	820.702942
540	17.8005981	540	567.6836
541	110.815796	541	3563.13818
542	10.7994995	542	349.511444
543	-14.2042847	543	-462.439178
544	74.80969	544	2448.15332
545	23.8015137	545	780.9092
546	45.8049927	546	1511.37378
547	41.80432	547	1384.25684
548	1.7980957	548	59.9635353
549	90.81238	549	3051.573
550	72.80939	550	2455.334
551	-32.20691	551	-1091.48743
552	-18.204834	552	-621.4381
553	103.814575	553	3554.65576
554	83.81122	554	2893.68555
555	24.8016357	555	862.790955
556	15.800293	556	553.601868
557	103.814575	557	3662.12476
558	81.81085	558	2905.2
559	14.80011	559	528.8699
560	9.799316	560	351.7425
561	35.8034058	561	1299.34058
562	50.8057861	562	1857.157
563	18.80072	563	689.6551
564	38.803833	564	1430.37756
565	6.798889	565	252.633362
566	4.798584	566	179.647781
567	21.8012085	567	822.4035
568	32.8029175	568	1250.63965
569	36.8035278	569	1414.56714
570	11.7996216	570	455.699829
571	-59.2107544	571	-2308.43286
572	45.8049927	572	1801.85046
573	-32.20691	573	-1270.542
574	81.81085	574	3237.27124
575	23.8015137	575	948.2102
576	18.80072	576	755.752258
577	-17.2047119	577	-695.8604
578	8.799194	578	356.716858
579	21.8012085	579	890.6624
580	26.80194	580	1101.131
581	5.798706	581	239.39946
582	22.80133	582	945.952637
583	-18.204834	583	-761.102844
584	21.8012085	584	919.119568
585	-17.2047119	585	-727.3986
586	-31.2067261	586	-1325.36926
587	42.8045044	587	1824.25659
588	62.80774	588	2690.03247
589	-7.203247	589	-309.919647
590	30.8026123	590	1333.49487
591	68.8087158	591	3000.10278
592	95.81323	592	4210.273
593	39.8040161	593	1760.37231
594	-16.20459	594	-723.908264
595	-89.21478	595	-3984.57642
596	-16.20459	596	-726.3658
597	62.80774	597	2843.71265
598	-8.203369	598	-373.378265
599	15.800293	599	726.5337
600	-20.20514	600	-934.202
</Group>
<Group>
RCQCSignal
1
301	
ExCorr	T636059097262978063
X	Y
300	0.0737618
301	0.07374654
302	0.07379537
303	0.07366871
304	0.0737938359
305	0.07358327
306	0.07364582
307	0.07377706
308	0.07371449
309	0.0737572238
310	0.0736031
311	0.07379537
312	0.0737618
313	0.0738090947
314	0.07372212
315	0.07378926
316	0.07381063
317	0.0738503
318	0.07372517
319	0.0737572238
320	0.073931165
321	0.0736504
322	0.07378926
323	0.0736504
324	0.07381215
325	0.07376789
326	0.07369771
327	0.0737495944
328	0.07373891
329	0.0734291449
330	0.07363819
331	0.07360921
332	0.0737206
333	0.07373128
334	0.0737495944
335	0.07373891
336	0.07389455
337	0.07374043
338	0.0737358555
339	0.07375874
340	0.0736916
341	0.07378469
342	0.0736946538
343	0.07383352
344	0.0736702457
345	0.0736855045
346	0.07369619
347	0.07365345
348	0.07381367
349	0.07383656
350	0.07353138
351	0.07374806
352	0.0737526342
353	0.0736855045
354	0.0737343356
355	0.07381978
356	0.07364277
357	0.07351918
358	0.07370686
359	0.07368093
360	0.0735512152
361	0.07363667
362	0.07357106
363	0.0737526342
364	0.07370382
365	0.07382741
366	0.07381215
367	0.07377706
368	0.07391133
369	0.07361836
370	0.07374654
371	0.07379537
372	0.0737618
373	0.07370228
374	0.07391439
375	0.07381826
376	0.07383198
377	0.07383352
378	0.0737572238
379	0.07377095
380	0.0738075748
381	0.0737999454
382	0.07370991
383	0.0737572238
384	0.07371754
385	0.07387624
386	0.07385335
387	0.07361225
388	0.07382435
389	0.07378621
390	0.07360921
391	0.0737526342
392	0.0736702457
393	0.0738792941
394	0.07315297
395	0.07357258
396	0.07376943
397	0.07376637
398	0.073774
399	0.0737572238
400	0.07382893
401	0.073741965
402	0.07380452
403	0.0737434849
404	0.07376485
405	0.0736732855
406	0.07370228
407	0.07361836
408	0.07384115
409	0.0737450048
410	0.07365956
411	0.07383961
412	0.07364736
413	0.0736076757
414	0.07357869
415	0.07378621
416	0.07362599
417	0.07376637
418	0.0736641362
419	0.07376332
420	0.0736641362
421	0.0736778751
422	0.07363362
423	0.07352986
424	0.07376332
425	0.07370839
426	0.0736855045
427	0.0735649541
428	0.07358632
429	0.07370686
430	0.0734764561
431	0.07335896
432	0.07359699
433	0.0737450048
434	0.07368856
435	0.0735481754
436	0.07378163
437	0.073741965
438	0.0738670751
439	0.07387013
440	0.07387013
441	0.07370991
442	0.07370228
443	0.0736732855
444	0.07371908
445	0.0738167241
446	0.0738792941
447	0.07381367
448	0.0741295442
449	0.0738167241
450	0.07378469
451	0.07376332
452	0.07384419
453	0.07379689
454	0.0733543858
455	0.0736321
456	0.07361073
457	0.07363362
458	0.0736702457
459	0.07388387
460	0.0736076757
461	0.07360158
462	0.07370076
463	0.07374806
464	0.0737373754
465	0.07382893
466	0.07386098
467	0.0738090947
468	0.07381215
469	0.07391744
470	0.07375874
471	0.0739449039
472	0.07389607
473	0.0737572238
474	0.07380452
475	0.07372365
476	0.07370991
477	0.07371602
478	0.0736702457
479	0.07358936
480	0.0737618
481	0.0737328
482	0.07379841
483	0.07371908
484	0.07371449
485	0.07351918
486	0.0736061558
487	0.0736778751
488	0.0735588446
489	0.07345203
490	0.0731788948
491	0.07346883
492	0.07351307
493	0.07356038
494	0.0736855045
495	0.07391439
496	0.07382283
497	0.07381063
498	0.07384878
499	0.07389761
500	0.0733803138
501	0.07361225
502	0.073741965
503	0.07387776
504	0.07370686
505	0.07378774
506	0.07387624
507	0.07382589
508	0.07371145
509	0.0736229345
510	0.0736076757
511	0.0736931339
512	0.07364736
513	0.07352681
514	0.07372365
515	0.0737434849
516	0.0736153051
517	0.07369008
518	0.07376332
519	0.07365193
520	0.073729746
521	0.07364888
522	0.0736717656
523	0.0736916
524	0.0734794959
525	0.07353749
526	0.07370839
527	0.07384115
528	0.07368397
529	0.07370076
530	0.07366262
531	0.07371449
532	0.07371145
533	0.07359853
534	0.073774
535	0.0737618
536	0.07373128
537	0.07381978
538	0.0736870244
539	0.07371449
540	0.07374654
541	0.0736717656
542	0.07371754
543	0.0736076757
544	0.07355275
545	0.07373128
546	0.073679395
547	0.07381063
548	0.0736778751
549	0.07351918
550	0.07365651
551	0.0736946538
552	0.0735619
553	0.07373891
554	0.07352681
555	0.07352986
556	0.0735573247
557	0.07351003
558	0.07346883
559	0.07345966
560	0.07357869
561	0.07335133
562	0.07339557
563	0.0736137852
564	0.0737282261
565	0.07367482
566	0.07365499
567	0.07378315
568	0.07368093
569	0.07351766
570	0.07359547
571	0.07357716
572	0.07358936
573	0.07362751
574	0.07364888
575	0.0736321
576	0.07344746
577	0.0734215155
578	0.07367482
579	0.07361988
580	0.07371602
581	0.073729746
582	0.073741965
583	0.0736656561
584	0.07353749
585	0.07365193
586	0.07364125
587	0.0736916
588	0.0736321
589	0.07370076
590	0.07364736
591	0.07363667
592	0.07357106
593	0.07360921
594	0.073377274
595	0.0736321
596	0.0736031
597	0.0734199956
598	0.07358327
599	0.07339557
600	0.0735496953
</Group>
</Session>
