<Session>
Acquisition 1 2016-08-05 11:33:37
<Group>
Detector1
2
301		301	
D1 310:300-600	T636059838318915066	D1 310:300-600 [COR]	T636059838318915068
X	Y	X	Y
300	300.049438	300	4735.691
301	360.061646	301	5754.281
302	421.074829	302	6807.90869
303	397.06958	303	6437.72
304	393.068726	304	6381.545
305	374.0647	305	6067.76025
306	316.0526	306	5116.255
307	511.0957	307	8209.436
308	453.082031	308	7221.52148
309	546.104248	309	8622.773
310	506.094482	310	7907.245
311	496.092041	311	7720.374
312	483.089	312	7492.36572
313	585.114	313	8955.233
314	519.097656	314	7800.92334
315	600.1178	315	9047.01
316	764.162842	316	11530.2979
317	907.206543	317	13568.1025
318	1199.30835	318	17754.3867
319	1784.56372	319	26073.7285
320	2808.1748	320	40377.8
321	4389.53027	321	62726.418
322	6885.6875	322	97697.875
323	9559.449	323	135907.969
324	13458.9521	324	191329.859
325	17658.5781	325	248825.75
326	21673.89	326	303672.25
327	26234.3125	327	367242.8
328	30037.1738	328	420858.156
329	32915.6328	329	455063.063
330	37177.9922	330	507215.25
331	40759.2852	331	555499.063
332	45726.74	332	622150.8
333	53628.94	333	736734.938
334	66959.54	334	927671.6
335	86488.56	335	1183094.25
336	113975.781	336	1541145
337	145287.3	337	1972758.25
338	181573.969	338	2477203
339	211168.641	339	2867624.25
340	236321.688	340	3196843
341	248106.516	341	3363791.5
342	250519.188	342	3401907.5
343	243621.734	343	3300222.5
344	234889.578	344	3176914.25
345	230516.125	345	3114186
346	229197.719	346	3101681
347	234836.125	347	3158534.5
348	242058.422	348	3233760.25
349	253512.734	349	3342629.5
350	267977.6	350	3492018.5
351	286223.656	351	3713423.75
352	299842.656	352	3862745
353	317990.281	353	4060057.25
354	329613.656	354	4179398.25
355	341469.719	355	4338304
356	349962.156	356	4459422.5
357	352345.1	357	4459107.5
358	347130.125	358	4369385.5
359	337620.5	359	4215274
360	325474.7	360	4026236
361	308395.469	361	3829186.25
362	290485.031	362	3622035.25
363	275760.5	363	3436915
364	262054.047	364	3247254.75
365	252459.625	365	3124515.75
366	247577.891	366	3060952.5
367	243818.109	367	3012074.25
368	244349.5	368	3011432.5
369	246543.9	369	3040946.75
370	247812.25	370	3053429.75
371	249421.516	371	3073687.75
372	249462.516	372	3076099.75
373	252069.375	373	3110219.25
374	250786.281	374	3097094.75
375	249274.344	375	3085285.75
376	244240.266	376	3034057.5
377	241397.125	377	3007292.25
378	235723.016	378	2951995.5
379	229951.656	379	2866146.25
380	222005.469	380	2755394.75
381	214299.469	381	2651308.75
382	204337.719	382	2523041
383	196698.4	383	2429694.25
384	186463.3	384	2301543
385	177636.516	385	2194830.25
386	170704.281	386	2110317
387	164130.938	387	2013403.88
388	157093.531	388	1913140.75
389	153016.5	389	1861253.38
390	148431.734	390	1801674.5
391	144607.8	391	1752269.38
392	142139.7	392	1720330
393	138731.859	393	1676767.13
394	136120.719	394	1644176.63
395	133377.4	395	1601333
396	130229.07	396	1552072.25
397	128022.523	397	1527864.88
398	124122.9	398	1481666
399	120250.9	399	1432439.25
400	116264.18	400	1382634.38
401	112768.555	401	1331868.25
402	108652.875	402	1278352.13
403	104843.9	403	1234637.25
404	101076.609	404	1189735.5
405	95496.23	405	1120669.75
406	90610.4844	406	1061478.5
407	87037.08	407	1019603.13
408	82701.5156	408	966586.2
409	79301.4141	409	927702.438
410	75197.95	410	875768.6
411	71400.1641	411	830498.563
412	68463.9844	412	794850.563
413	65508.25	413	759223.563
414	62693.0039	414	726003
415	59539.2578	415	684939.6
416	57977.8	416	657182.938
417	55250.7266	417	630997.4
418	52737.3867	418	604774.4
419	50751.67	419	579662.063
420	49212.15	420	559927.75
421	47369.1836	421	540846.063
422	45100.9961	422	516819.938
423	43182.875	423	495619.7
424	41550.8828	424	478491.4
425	38920.4375	425	446226.438
426	37702.98	426	430622.75
427	35987.1445	427	411908.75
428	34602.2148	428	397512.156
429	32745.4941	429	375827.063
430	31434.9316	430	360824.625
431	29368.12	431	338204.156
432	28098.6719	432	324504
433	27023.6133	433	313184.063
434	25041.0469	434	291363.125
435	23994.7852	435	279719.531
436	22320.82	436	260806.328
437	21481.0352	437	251752.141
438	20402.377	438	239694.188
439	19420.34	439	228496.813
440	18344.1348	440	216970.469
441	17647.5371	441	209420.531
442	16766.3887	442	200608.172
443	15929.541	443	190324.875
444	14853.085	444	178069.922
445	14039.626	445	168838.234
446	13501.0713	446	162339.3
447	12558.4883	447	151726.75
448	12384.0293	448	150612.469
449	11531.877	449	140527.063
450	11010.6309	450	134338.391
451	10887.3447	451	133263.5
452	9808.967	452	120663.117
453	9732.808	453	119912.547
454	9045.423	454	111902.711
455	8729.819	455	108151.367
456	8497.387	456	105793.2
457	7888.30566	457	98500.9141
458	7117.043	458	89358.0547
459	7220.205	459	90687.05
460	6685.38867	460	84035.91
461	6371.93652	461	80454.0859
462	6278.80566	462	79665.57
463	5598.90527	463	71509.3047
464	5434.701	464	69625.88
465	5209.43066	465	67078
466	4635.787	466	59967.1133
467	4514.659	467	58451.1367
468	4382.52344	468	56797.9453
469	4119.26367	469	53708.4766
470	4059.2063	470	53105.832
471	3719.89575	471	48959.62
472	3600.79224	472	47716.18
473	3315.55542	473	44062.1523
474	3235.492	474	43108.5234
475	3031.336	475	40729.99
476	2837.19531	476	38455.48
477	2649.06616	477	36050.375
478	2602.035	478	35565.73
479	2441.93213	479	33528.0156
480	2445.93457	480	33695.375
481	2320.858	481	32102.9531
482	2158.763	482	29951.29
483	2118.74023	483	29514.5547
484	2040.697	484	28525.7168
485	1929.63745	485	27080.9121
486	1847.59521	486	26085.8926
487	1706.52563	487	24196.6426
488	1678.51245	488	23902.4473
489	1664.50562	489	23840.0723
490	1420.39673	490	20459.0879
491	1368.375	491	19861.2129
492	1263.33289	492	18480.9727
493	1281.34	493	18801.74
494	1216.31482	494	17912.6055
495	1041.2511	495	15453.7344
496	1155.29187	496	17216.2617
497	1006.23914	497	15118.3838
498	957.2228	498	14506.9395
499	990.233765	499	15039.1885
500	851.188965	500	12971.1055
501	887.2002	501	13583.76
502	828.1819	502	12764.19
503	758.161133	503	11727.2354
504	770.1647	504	11945.1025
505	712.1481	505	11120.7217
506	783.168457	506	12267.9424
507	677.1383	507	10709.7539
508	714.14856	508	11371.249
509	654.1321	509	10479.8564
510	512.095947	510	8257.991
511	554.1062	511	8961.631
512	484.089233	512	7846.683
513	528.099854	513	8627.024
514	502.0935	514	8264.469
515	526.099365	515	8711.895
516	413.07312	516	6889.855
517	437.0785	517	7313.05469
518	399.070068	518	6695.581
519	272.043945	519	4594.53174
520	351.0598	520	5964.051
521	335.056519	521	5720.92
522	446.080444	522	7660.32959
523	380.065918	523	6571.306
524	308.051025	524	5366.8374
525	282.0459	525	4932.41553
526	318.05304	526	5594.611
527	349.059326	527	6179.56934
528	244.038635	528	4345.118
529	224.034973	529	4018.7334
530	197.03009	530	3558.22144
531	238.037537	531	4318.654
532	190.02887	532	3468.131
533	279.045349	533	5110.85
534	147.021484	534	2726.906
535	124.0177	535	2314.455
536	205.031555	536	3831.64453
537	226.035339	537	4239.975
538	271.043762	538	5116.296
539	172.025757	539	3266.51147
540	186.028137	540	3535.57251
541	219.034058	541	4186.17236
542	201.030823	542	3870.74072
543	206.031677	543	3988.40625
544	154.022644	544	2991.28857
545	107.014954	545	2088.6748
546	117.016541	546	2294.68042
547	150.021973	547	2955.766
548	139.020142	548	2754.056
549	185.028015	549	3682.988
550	160.023682	550	3203.70166
551	175.026245	551	3524.54224
552	192.029236	552	3887.992
553	165.024536	553	3358.208
554	104.014465	554	2126.601
555	132.018982	555	2719.16138
556	115.016235	556	2388.87866
557	189.028687	557	3948.42627
558	108.015076	558	2270.03564
559	95.01306	559	2008.76453
560	92.01257	560	1956.31921
561	79.01056	561	1694.14758
562	107.014954	562	2312.86646
563	161.023865	563	3504.86572
564	61.0078125	564	1335.18372
565	112.015747	565	2472.87256
566	145.021118	566	3227.57324
567	91.01239	567	2041.61975
568	26.0026855	568	588.512756
569	98.01349	569	2233.805
570	74.0097656	570	1694.822
571	119.016846	571	2751.50659
572	173.025879	572	4035.909
573	176.026428	573	4119.7666
574	143.020813	574	3357.48169
575	44.00531	575	1042.37463
576	166.024719	576	3964.56763
577	145.021118	577	3472.71948
578	97.01337	578	2334.057
579	36.00415	579	872.9332
580	66.0085449	580	1611.0011
581	50.0061646	581	1227.36255
582	158.023315	582	3895.51416
583	57.0072021	583	1413.27515
584	67.00873	584	1674.02393
585	110.015442	585	2755.57837
586	68.00885	586	1714.30469
587	133.019165	587	3364.50269
588	44.00531	588	1119.24292
589	87.01178	589	2219.24463
590	130.018677	590	3335.74
591	93.01276	591	2403.377
592	130.018677	592	3380.9375
593	99.01367	593	2594.62744
594	17.0014038	594	448.8804
595	106.014771	595	2810.30713
596	103.014282	596	2741.74683
597	68.00885	597	1820.20593
598	85.0114746	598	2291.59058
599	77.0102539	599	2091.81
600	39.0045776	600	1067.475
</Group>
<Group>
RCQCSignal
1
301	
ExCorr	T636059838318915067
X	Y
300	0.126552463
301	0.12658298
302	0.12670505
303	0.126595169
304	0.126665384
305	0.126640946
306	0.126766086
307	0.126802713
308	0.1268256
309	0.126766086
310	0.12683931
311	0.126819491
312	0.126729459
313	0.126445651
314	0.1267676
315	0.126683682
316	0.126886636
317	0.12683475
318	0.126946151
319	0.126804233
320	0.127001077
321	0.126882046
322	0.126875937
323	0.126651645
324	0.126694351
325	0.126990378
326	0.126883566
327	0.1270209
328	0.126930863
329	0.127019376
330	0.1270743
331	0.12709415
332	0.127196372
333	0.126978189
334	0.126903415
335	0.127075851
336	0.12708804
337	0.126978189
338	0.126795083
339	0.12696749
340	0.127039224
341	0.1269263
342	0.126895785
343	0.126943082
344	0.126882046
345	0.127071261
346	0.1268973
347	0.126898825
348	0.1269736
349	0.127115518
350	0.127066672
351	0.1268973
352	0.127062112
353	0.127197921
354	0.127069741
355	0.127110928
356	0.127025485
357	0.127149075
358	0.127085
359	0.127060592
360	0.127168924
361	0.127133816
362	0.127034634
363	0.126677573
364	0.126996487
365	0.127069741
366	0.127117038
367	0.127126187
368	0.12733829
369	0.127153665
370	0.127204
371	0.127184182
372	0.1271033
373	0.127129257
374	0.127124667
375	0.12721011
376	0.127112448
377	0.127319992
378	0.127222329
379	0.127263516
380	0.127240628
381	0.127289474
382	0.1271857
383	0.127181113
384	0.127323031
385	0.127260476
386	0.127258956
387	0.127318442
388	0.1273093
389	0.127295554
390	0.1273978
391	0.127381027
392	0.1272971
393	0.127367288
394	0.12734136
395	0.127275735
396	0.127371877
397	0.127284884
398	0.12734288
399	0.127234519
400	0.127071261
401	0.127370328
402	0.127278775
403	0.127170444
404	0.127233
405	0.127312362
406	0.127229959
407	0.12721926
408	0.127500027
409	0.127104819
410	0.127396286
411	0.127278775
412	0.127240628
413	0.12734136
414	0.1273261
415	0.127432913
416	0.128583431
417	0.127811313
418	0.127477139
419	0.127429843
420	0.127355069
421	0.127353549
422	0.12733373
423	0.1274268
424	0.127292514
425	0.1274024
426	0.127434433
427	0.1275748
428	0.127519876
429	0.127571762
430	0.127489358
431	0.1275504
432	0.127664834
433	0.127609909
434	0.127493948
435	0.127626687
436	0.127706021
437	0.127609909
438	0.12758702
439	0.127577871
440	0.12708956
441	0.1275855
442	0.127446622
443	0.127727389
444	0.1273917
445	0.1273093
446	0.127637357
447	0.127783865
448	0.127689242
449	0.12759921
450	0.127606839
451	0.127730459
452	0.1276282
453	0.1276801
454	0.127405435
455	0.127725869
456	0.12759465
457	0.127736568
458	0.127554983
459	0.12771672
460	0.127825052
461	0.1278098
462	0.127739608
463	0.1274558
464	0.127619058
465	0.127689242
466	0.127812862
467	0.1277915
468	0.127751827
469	0.127625167
470	0.127829641
471	0.127796054
472	0.127654165
473	0.127669424
474	0.12772131
475	0.127616018
476	0.12746495
477	0.127658725
478	0.127803683
479	0.12772283
480	0.127788424
481	0.127725869
482	0.127796054
483	0.127707571
484	0.127690762
485	0.127937973
486	0.1279212
487	0.12797001
488	0.128006637
489	0.127995968
490	0.127995968
491	0.127918124
492	0.1278098
493	0.127925754
494	0.12796545
495	0.127725869
496	0.127951711
497	0.127907455
498	0.127796054
499	0.127899826
500	0.12784338
501	0.127930343
502	0.127771646
503	0.127771646
504	0.127886087
505	0.127631277
506	0.1278449
507	0.127648056
508	0.1278159
509	0.127869308
510	0.127869308
511	0.127878457
512	0.12797612
513	0.127982229
514	0.128009677
515	0.127997488
516	0.127826571
517	0.127936453
518	0.12809056
519	0.128011227
520	0.1280173
521	0.128041744
522	0.1279746
523	0.128038675
524	0.127994418
525	0.12809971
526	0.127941012
527	0.127995968
528	0.128134817
529	0.128028
530	0.128005117
531	0.1280173
532	0.127858639
533	0.128066152
534	0.127115518
535	0.1271613
536	0.127811313
537	0.128008157
538	0.127875417
539	0.1275092
540	0.127783865
541	0.127988338
542	0.127950191
543	0.127831161
544	0.127982229
545	0.127986789
546	0.128018856
547	0.12809819
548	0.128073782
549	0.1281623
550	0.128118038
551	0.128070712
552	0.128070712
553	0.128121078
554	0.12821722
555	0.128243148
556	0.128134817
557	0.128194332
558	0.128192812
559	0.128212631
560	0.128272146
561	0.128198892
562	0.1281867
563	0.128108889
564	0.128232479
565	0.128053933
566	0.127941012
567	0.128124148
568	0.128168374
569	0.128029525
570	0.128165334
571	0.128127187
572	0.128154665
573	0.128153116
574	0.128192812
575	0.127876937
576	0.127673984
577	0.128057
578	0.128192812
579	0.12809819
580	0.1281394
581	0.128064632
582	0.1281516
583	0.128282815
584	0.128148556
585	0.128378958
586	0.128124148
587	0.12821874
588	0.128037155
589	0.128383547
590	0.128327072
591	0.128307253
592	0.128382
593	0.128284365
594	0.128205
595	0.128105819
596	0.128005117
597	0.128255367
598	0.128298074
599	0.128301144
600	0.1283103
</Group>
</Session>
