<Session>
Acquisition 1 2016-08-05 14:11:43
<Group>
Detector1
2
301		301	
D1 325:300-600	T636059838318922685	D1 325:300-600 [COR]	T636059838318922687
X	Y	X	Y
300	1162.90625	300	10926.666
301	1270.94861	301	12094.03
302	1152.90247	302	11114.6426
303	1318.96826	303	12806.85
304	1347.98022	304	13042.4189
305	1282.95349	305	12398.6143
306	1433.0166	306	13823.9688
307	1469.03247	307	14064.293
308	1576.08081	308	14973.1689
309	1643.11255	309	15495.47
310	1948.26733	310	18162.2949
311	2170.39185	311	20139.8574
312	2917.88354	312	26970.7
313	3811.61768	313	34677.3477
314	5431.355	314	48663.52
315	8012.20557	315	72118.31
316	11828.3359	316	106805.023
317	17953.46	317	160514.453
318	26709.78	318	236446.109
319	40722.0156	319	355095.5
320	65585.57	320	563398.9
321	112468.641	321	961490.4
322	189015.3	322	1601298
323	296823.1	323	2513296.5
324	421550.2	324	3572619.75
325	541527.6	325	4558144
326	626504.8	326	5239505.5
327	678923.5	327	5680108
328	722122.5	328	6040012
329	751319.25	329	6205829
330	772906.938	330	6304449
331	782091.9	331	6371590
332	787881.9	332	6413479.5
333	793693.8	333	6512235
334	811807.9	334	6709287.5
335	847393.9	335	6926285.5
336	897579.8	336	7263612.5
337	964847.3	337	7828108
338	1036934.25	338	8438761
339	1090223.38	339	8838348
340	1115062	340	9023183
341	1112902.38	341	9005371
342	1083098.88	342	8784885
343	1043606.31	343	8443072
344	991527.3	344	8013111.5
345	949773.938	345	7673378
346	917278.7	346	7413923
347	885135.25	347	7110250.5
348	859995.4	348	6864563
349	845397.8	349	6670168.5
350	825782.563	350	6460280.5
351	815415	351	6321488.5
352	813758.8	352	6267712
353	809260.3	353	6190149
354	813662.3	354	6172301
355	818837.438	355	6223247.5
356	815516.25	356	6214382
357	806665.8	357	6110726.5
358	789611.5	358	5944110
359	762383.938	359	5686635
360	727337.9	360	5384779
361	683230.563	361	5091785.5
362	647134.563	362	4828510.5
363	605500.4	363	4496699.5
364	572012	364	4236755.5
365	541215.563	365	4003071.5
366	515438.281	366	3813722.5
367	495832.969	367	3664256.75
368	479754.281	368	3544828.75
369	468677.5	369	3459059.5
370	457744.7	370	3373883.25
371	450280.8	371	3321808.5
372	440244.3	372	3251334
373	432179.4	373	3190818.75
374	421981.1	374	3116845.25
375	413830.438	375	3067035.5
376	403545.8	376	3002835.75
377	392718.625	377	2934697.5
378	379586.8	378	2845057.75
379	367499	379	2743766
380	353076.3	380	2623882.5
381	335987.031	381	2489144.5
382	320571.25	382	2369096
383	304417.3	383	2251820.5
384	290147.625	384	2145971.75
385	272867.156	385	2019426.5
386	258896.7	386	1916408.75
387	245927.4	387	1807591.88
388	233553.344	388	1703648.63
389	224523.766	389	1635667.75
390	217501.109	390	1582368.63
391	209297.156	391	1524556.63
392	202355.2	392	1471017
393	196847.891	393	1427701.88
394	190727.344	394	1380623.75
395	185220.359	395	1331972.88
396	181375.4	396	1294876.75
397	175170.172	397	1251779.75
398	169913.1	398	1214600.75
399	163563.938	399	1166161.38
400	158435.7	400	1127582.13
401	152823.9	401	1082498.5
402	145807.469	402	1027517.06
403	139568.016	403	983370.3
404	133401.063	404	939719.5
405	126982.141	405	892904.7
406	121104.266	406	849791.9
407	115045.992	407	806461.438
408	109658.5	408	768889.2
409	103941.852	409	726993.063
410	98895.8	410	690704.938
411	94266.5547	411	656756.438
412	88830.13	412	618100.75
413	84940.5547	413	589875
414	81578.54	414	566328.5
415	77195.87	415	533127.25
416	73389.4141	416	503864.781
417	70784.75	417	486084.844
418	67634.99	418	465315.2
419	64779.0078	419	444008.8
420	62495.7969	420	426723.063
421	59357.3242	421	407569.75
422	57846.4961	422	397786.031
423	55181.15	423	380181.844
424	52702.1836	424	363991.938
425	50833.66	425	349828.625
426	47701.49	426	327053
427	45889.34	427	315813.719
428	43445.2422	428	299967.625
429	41738.51	429	287824.969
430	39940.62	430	275108.875
431	36837.43	431	254885.4
432	35711.12	432	247772.469
433	33654.6	433	239178.781
434	31575.7773	434	224412.422
435	30127.6563	435	214148.281
436	28073.4316	436	199442.922
437	27521.2871	437	195691.6
438	25598.8184	438	182297.2
439	24379.5586	439	173799.4
440	22791.8516	440	162483.109
441	21818.375	441	157136.625
442	20832.0313	442	150712.047
443	19579.7949	443	141670.359
444	18437.29	444	133372.453
445	18264.63	445	132420.469
446	17134.47	446	124612.156
447	16304.5762	447	119249.531
448	15501.9082	448	114435.578
449	14741.5	449	108679.523
450	14291.127	450	105401.4
451	13594.082	451	100719.813
452	12586.2969	452	93565.36
453	12045.8887	453	89714.99
454	11550.6465	454	86245.14
455	11346.1484	455	84947.45
456	10586.3711	456	79658.9141
457	10305.7441	457	77813.18
458	9472.975	458	71767.71
459	8854.752	459	67177.63
460	8638.34	460	65671.54
461	7958.112	461	60791.9063
462	7721.70557	462	59223.7734
463	7434.228	463	57246.42
464	6985.51465	464	53978.79
465	6537.84326	465	50915.9727
466	6446.71143	466	50368.1953
467	6004.09473	467	46974.0977
468	5735.73975	468	44898.46
469	5449.37744	469	42859.6836
470	4966.803	470	39245.7578
471	4930.762	471	39029.2148
472	4617.4165	472	36968.5742
473	4315.10156	473	34607.11
474	4115.904	474	33102.3242
475	3966.76123	475	32152.1543
476	3805.6123	476	31067
477	3654.477	477	29984.3945
478	3507.34961	478	28999.69
479	3405.26416	479	28197.5352
480	3079.004	480	25604.8262
481	3118.034	481	26014.3281
482	3080.00464	482	25814.54
483	2862.84351	483	24067.2656
484	2785.78833	484	23489.916
485	2537.61938	485	21523.4355
486	2606.66528	486	22263.082
487	2513.60376	487	21521.082
488	2356.504	488	20281.8555
489	1978.28369	489	17127.56
490	2028.31128	490	17651.8633
491	2005.29834	491	17577.5566
492	1866.22388	492	16500.0977
493	1720.1499	493	15256.3867
494	1632.10718	494	14550.9092
495	1817.19849	495	16254.3223
496	1574.08008	496	14175.3311
497	1477.03589	497	13407.3545
498	1458.02759	498	13328.12
499	1446.02222	499	13264.3057
500	1247.93945	500	11475.6563
501	1216.92712	501	11265.6895
502	1154.9032	502	10740.5205
503	1132.8949	503	10570.73
504	1179.91272	504	11046.1123
505	1070.872	505	10073.3311
506	1017.853	506	9627.786
507	955.831543	507	9116.045
508	942.827148	508	9057.588
509	822.7881	509	7962.10938
510	947.828857	510	9229.072
511	941.8268	511	9196.441
512	961.8336	512	9422.908
513	762.769653	513	7529.07959
514	763.7699	514	7596.839
515	734.7612	515	7320.775
516	735.7616	516	7371.5957
517	703.7522	517	7075.239
518	778.774536	518	7866.97559
519	640.7344	519	6513.26172
520	737.7622	520	7562.223
521	603.724243	521	6209.073
522	578.7175	522	5992.11963
523	588.7202	523	6128.866
524	523.703247	524	5491.33
525	507.699219	525	5354.36426
526	573.7162	526	6077.184
527	596.7223	527	6353.79932
528	445.684082	528	4783.24463
529	471.69043	529	5092.962
530	565.7141	530	6145.37451
531	453.686035	531	4956.04
532	506.698975	532	5554.42041
533	462.688232	533	5100.35059
534	501.697754	534	5560.254
535	426.679565	535	4760.74
536	517.7018	536	5813.45557
537	393.672	537	4444.277
538	412.6764	538	4681.623
539	460.687744	539	5244.008
540	324.656738	540	3706.52734
541	374.667725	541	4304.616
542	366.6659	542	4248.16357
543	452.6858	543	5263.82568
544	400.673584	544	4679.874
545	384.669922	545	4514.81445
546	428.680054	546	5051.98535
547	306.652954	547	3636.29
548	362.665039	548	4325.217
549	368.666382	549	4419.93066
550	270.6455	550	3266.40479
551	324.656738	551	3938.18042
552	294.6504	552	3593.39526
553	309.653564	553	3794.95117
554	372.667236	554	4595.14551
555	299.6515	555	3724.71631
556	312.654175	556	3912.11743
557	313.654419	557	3950.05469
558	335.65918	558	4251.774
559	366.6659	559	4678.28174
560	344.661133	560	4421.763
561	221.6358	561	2865.85669
562	304.6526	562	3970.83228
563	273.646118	563	3598.74268
564	319.655762	564	4224.341
565	223.636169	565	2978.46338
566	238.6391	566	3197.84863
567	293.650269	567	3973.409
568	190.629944	568	2602.19336
569	242.6399	569	3328.18
570	257.642883	570	3555.64746
571	243.640137	571	3393.08154
572	221.6358	572	3118.436
573	328.6576	573	4636.678
574	249.6413	574	3535.22729
575	205.632751	575	2931.54565
576	256.6427	576	3680.47974
577	251.641724	577	3630.08472
578	241.639709	578	3504.23071
579	283.6482	579	4142.85
580	328.6576	580	4836.53467
581	296.650879	581	4401.20752
582	366.6659	582	5453.46729
583	292.650024	583	4378.94873
584	306.652954	584	4618.98975
585	306.652954	585	4642.127
586	343.6609	586	5223.72852
587	168.625854	587	2573.61743
588	287.649048	588	4412.08
589	260.6435	589	4021.40723
590	245.6405	590	3804.03174
591	236.638733	591	3692.58887
592	267.6449	592	4206.476
593	185.628967	593	2934.39722
594	205.632751	594	3275.359
595	272.645935	595	4354.465
596	248.641113	596	3984.65576
597	217.63501	597	3513.86279
598	233.638123	598	3800.81567
599	178.627686	599	2934.983
600	221.6358	600	3668.81177
</Group>
<Group>
RCQCSignal
1
301	
ExCorr	T636059838318922686
X	Y
300	0.187925816
301	0.187938035
302	0.187851042
303	0.186871409
304	0.187892258
305	0.187915146
306	0.188054
307	0.188070774
308	0.188101292
309	0.187631309
310	0.187928885
311	0.188023478
312	0.187980741
313	0.1880494
314	0.187965482
315	0.187570274
316	0.187443644
317	0.187565714
318	0.187672526
319	0.187826633
320	0.187925816
321	0.18749398
322	0.187849522
323	0.18799448
324	0.18787089
325	0.187936515
326	0.187921256
327	0.187884629
328	0.187968552
329	0.187945664
330	0.187893778
331	0.187957853
332	0.187947184
333	0.187945664
334	0.188061625
335	0.188008219
336	0.187725931
337	0.18786478
338	0.187910557
339	0.188017368
340	0.18774271
341	0.188003629
342	0.187814415
343	0.187906
344	0.187721342
345	0.187841892
346	0.187828153
347	0.187832743
348	0.18786785
349	0.187793076
350	0.18710795
351	0.1877366
352	0.187877
353	0.187695414
354	0.1877656
355	0.187844962
356	0.187780857
357	0.187785447
358	0.187852591
359	0.188015848
360	0.187844962
361	0.187251359
362	0.187672526
363	0.1879426
364	0.187826633
365	0.187965482
366	0.187777817
367	0.18786785
368	0.187764078
369	0.187857151
370	0.187986851
371	0.187817484
372	0.187608421
373	0.187822044
374	0.187899888
375	0.187806785
376	0.187596232
377	0.187640488
378	0.187916666
379	0.187820524
380	0.187861741
381	0.1879197
382	0.187855631
383	0.18774882
384	0.187843412
385	0.187825114
386	0.187887669
387	0.187848
388	0.187898368
389	0.1878953
390	0.187902927
391	0.187327653
392	0.18736124
393	0.1876359
394	0.187844962
395	0.187848
396	0.187973112
397	0.187921256
398	0.18798992
399	0.187927336
400	0.1877076
401	0.1877473
402	0.187855631
403	0.187896818
404	0.187944144
405	0.187831223
406	0.187774748
407	0.187947184
408	0.187881559
409	0.187939554
410	0.187799156
411	0.187852591
412	0.187680155
413	0.18787393
414	0.187764078
415	0.187655747
416	0.187671
417	0.187912077
418	0.187844962
419	0.1877183
420	0.1876069
421	0.187210172
422	0.1875825
423	0.187657267
424	0.187629789
425	0.187637419
426	0.187667936
427	0.187571824
428	0.187568754
429	0.187701523
430	0.187817484
431	0.187671
432	0.187855631
433	0.18396306
434	0.184521526
435	0.185040325
436	0.1856797
437	0.185937583
438	0.186076432
439	0.186142027
440	0.186402977
441	0.185844481
442	0.186332792
443	0.186454862
444	0.186644047
445	0.186680675
446	0.186557084
447	0.186604381
448	0.185971141
449	0.186453313
450	0.1866166
451	0.186546415
452	0.186702043
453	0.186720371
454	0.18661201
455	0.186840892
456	0.186631858
457	0.186752409
458	0.186877519
459	0.1869233
460	0.186842442
461	0.186755449
462	0.186811924
463	0.186885148
464	0.187048435
465	0.1866349
466	0.187074363
467	0.186950773
468	0.18698281
469	0.187036216
470	0.187104881
471	0.187852591
472	0.186782926
473	0.187020957
474	0.187051475
475	0.187016368
476	0.187091142
477	0.1871827
478	0.186773777
479	0.187219322
480	0.187143028
481	0.187202543
482	0.187017918
483	0.187074363
484	0.187133878
485	0.187141508
486	0.186943144
487	0.187349021
488	0.187231541
489	0.1871888
490	0.187277317
491	0.187249839
492	0.186946183
493	0.187100321
494	0.18686685
495	0.187352091
496	0.187178135
497	0.187161356
498	0.187303245
499	0.187204063
500	0.1872895
501	0.187045366
502	0.1871934
503	0.187249839
504	0.1873002
505	0.187306315
506	0.187165916
507	0.187136918
508	0.187280357
509	0.187147617
510	0.187210172
511	0.18724528
512	0.187185764
513	0.1872468
514	0.187271208
515	0.188063145
516	0.1881257
517	0.188226432
518	0.188073844
519	0.188017368
520	0.187570274
521	0.187922776
522	0.187634379
523	0.187988371
524	0.18800211
525	0.187782377
526	0.187820524
527	0.188131809
528	0.1879243
529	0.188032627
530	0.18812418
531	0.187957853
532	0.188185215
533	0.188108921
534	0.188063145
535	0.188025
536	0.188038737
537	0.188029587
538	0.188098252
539	0.188037217
540	0.188054
541	0.188215733
542	0.187979221
543	0.188133329
544	0.1881257
545	0.188151658
546	0.188316464
547	0.1881547
548	0.188070774
549	0.188108921
550	0.187878519
551	0.187951773
552	0.187965482
553	0.188069254
554	0.187944144
555	0.187855631
556	0.188028067
557	0.187967032
558	0.188021958
559	0.187814415
560	0.187927336
561	0.187933445
562	0.187906
563	0.1874421
564	0.187735081
565	0.187643528
566	0.187848
567	0.187776268
568	0.187861741
569	0.188058585
570	0.1880067
571	0.188029587
572	0.187817484
573	0.187944144
574	0.18786478
575	0.187834263
576	0.187939554
577	0.187921256
578	0.188012809
579	0.187983811
580	0.18786937
581	0.187292576
582	0.187773228
583	0.187893778
584	0.187893778
585	0.187780857
586	0.187832743
587	0.187848
588	0.187690824
589	0.1876176
590	0.187944144
591	0.187825114
592	0.187777817
593	0.187996
594	0.18786785
595	0.187970072
596	0.187934965
597	0.187950224
598	0.187938035
599	0.1875062
600	0.187536716
</Group>
</Session>
