<Session>
Acquisition 1 2016-08-05 14:18:52
<Group>
Detector1
2
301		301	
D1 340:300-600	T636059838318923376	D1 340:300-600 [COR]	T636059838318923378
X	Y	X	Y
300	187.829834	300	1227.19751
301	284.84845	301	1885.505
302	195.8313	302	1312.3623
303	283.848267	303	1905.96643
304	215.835022	304	1451.38184
305	201.8324	305	1356.66907
306	275.846619	306	1852.50757
307	187.829834	307	1252.35571
308	247.841125	308	1638.672
309	305.852783	309	2000.52075
310	296.8509	310	1923.13208
311	203.832764	311	1315.27661
312	253.842285	312	1631.53027
313	173.827271	313	1100.186
314	242.840149	314	1512.32861
315	319.8556	315	1997.83569
316	294.850464	316	1846.58655
317	344.860962	317	2141.674
318	364.865234	318	2244.89771
319	467.888672	319	2839.27686
320	656.937256	320	3933.93872
321	1043.05872	321	6188.795
322	1488.23584	322	8767.693
323	2065.52441	323	12171.82
324	2919.07324	324	17206.6465
325	4168.13867	325	24410.7285
326	5518.6416	326	32077.3379
327	6575.07031	327	38237.8164
328	8647.522	328	50446.2773
329	10778.9668	329	61921.26
330	14179.9355	330	80340.5547
331	19088.9473	331	108030.266
332	25627.0586	332	145008.8
333	34783.52	333	198253.922
334	46503.08	334	267026.125
335	61941.8	335	351878.281
336	81304.9453	336	456516.875
337	109700.156	337	617850.1
338	148783.875	338	841040
339	176947.375	339	996766.3
340	169684.938	340	954716.438
341	136311.563	341	766432.2
342	109571.344	342	617232.8
343	98582.4141	343	554271.4
344	91854.55	344	515464.219
345	89772.78	345	503726.938
346	90467.29	346	507915.719
347	94101.26	347	525073.563
348	101730.289	348	564116.6
349	110403.57	349	605034.25
350	119117.523	350	644690.1
351	129180.734	351	696389.8
352	138920.766	352	746659
353	147577.484	353	784630.25
354	157169.734	354	828245.8
355	165605.859	355	875173.25
356	170529.3	356	903288.7
357	172370.625	357	910001.938
358	172369.6	358	905132.8
359	169079.688	359	878372.563
360	164480.156	360	846548.4
361	155497	361	803033.7
362	147861.8	362	766067.25
363	141111.578	363	728765.5
364	134369.422	364	691236.3
365	130118.883	365	669358.9
366	128830.773	366	662395.563
367	128000.6	367	657669.3
368	128701.469	368	661680.5
369	129285.422	369	676016.3
370	130650.641	370	678989.75
371	132621.125	371	688736.75
372	135634.3	372	701635
373	137659.172	373	712516.438
374	138089.953	374	715662.25
375	137971.719	375	714748.3
376	137901.8	376	716338.9
377	136557.219	377	712267.938
378	134689.984	378	705343.75
379	129834.547	379	676813.6
380	125984.766	380	653931.4
381	120864.188	381	625233.9
382	117091.953	382	604088.6
383	112982.914	383	583130.8
384	107936.945	384	557120.75
385	102502	385	529333.6
386	100244.367	386	518121.3
387	97631.81	387	500685.9
388	93465.35	388	476069.6
389	91312.64	389	464490.344
390	89625.14	390	455273
391	85792.95	391	437323.5
392	85826.53	392	434699.063
393	84483.6641	393	427382.9
394	82809.66	394	418471.719
395	81057.94	395	406860.031
396	80710.3047	396	400631.563
397	78134.34	397	387948.8
398	76076.56	398	378083.438
399	74681.49	399	369795.063
400	72575.41	400	358569.6
401	70371.81	401	345968.6
402	67392.625	402	329894.438
403	65424.37	403	320329.7
404	62985.9141	404	308572.781
405	60015.17	405	293504.563
406	57585.418	406	280845.6
407	55722.16	407	272329.2
408	53453.2	408	260685.125
409	51647.0547	409	251134.109
410	48871.9023	410	237180.734
411	47318.8125	411	229127.813
412	45677.3828	412	220670.266
413	43506.8	413	210043.484
414	41567.09	414	200559.141
415	39812.6172	415	190937.75
416	37969.07	416	180950.953
417	36899.94	417	176189.078
418	35358.625	418	169049.25
419	34324.293	419	163494.234
420	33041.4961	420	156565.969
421	31276.93	421	148801.875
422	30308.8457	422	144535.3
423	29654.8418	423	141874.781
424	28316.916	424	135796.672
425	26794.33	425	128056.672
426	25892.46	426	123286.711
427	24644.9922	427	117744.281
428	23271.2285	428	111587.414
429	22629.1953	429	108445.5
430	21690.91	430	103913.82
431	20789.96	431	100161.977
432	19702.41	432	95074.64
433	18398.2637	433	89215.51
434	18277.8047	434	88739.16
435	17294.17	435	84174.22
436	16400.0332	436	80126.14
437	16051.8564	437	78591.79
438	15095.7451	438	74062.41
439	14407.6182	439	70802.57
440	13535.0576	440	66850.16
441	13114.8789	441	65222.793
442	12362.8564	442	61713.8477
443	11497.67	443	57462.6758
444	11131.79	444	55649.3672
445	10630.6279	445	53260.8047
446	10244.7676	446	51420.98
447	9703.611	447	49032.02
448	9206.601	448	46773.4023
449	8884.973	449	45220.5234
450	8624.47949	450	43958.0625
451	8141.60059	451	41645.01
452	7666.782	452	39367.0977
453	7200.02148	453	37048.38
454	6792.39258	454	35027.7422
455	6737.31055	455	34857.27
456	6506.97168	456	33781.6
457	5973.22949	457	31165.8027
458	5891.12	458	30847.64
459	5505.625	459	28879.06
460	5337.419	460	28045.7734
461	4974.992	461	26256.584
462	4883.88965	462	25893.3457
463	4712.701	463	25086.4473
464	4432.4043	464	23690.92
465	4334.30371	465	23303.5664
466	3865.85229	466	20901.7559
467	3793.78638	467	20534.6016
468	3664.67163	468	19841.4
469	3503.533	469	19068.52
470	3223.304	470	17633.2031
471	3246.32227	471	17845.32
472	3003.135	472	16620.832
473	2968.10913	473	16473.3613
474	2744.94946	474	15275.5469
475	2657.89	475	14912.77
476	2541.81274	476	14357.9688
477	2464.763	477	14012.8857
478	2302.66235	478	13162.0146
479	2293.65674	479	13158.84
480	2147.5708	480	12442.5674
481	1926.44873	481	11142.5645
482	1942.45728	482	11269.0293
483	1855.41162	483	10802.91
484	1779.373	484	10397.208
485	1664.31689	485	9760.62
486	1525.25244	486	9005.71
487	1598.28564	487	9491.777
488	1526.25269	488	9110.128
489	1340.17261	489	8035.825
490	1377.188	490	8310.757
491	1368.18408	491	8309.66
492	1377.188	492	8420.943
493	1274.14575	493	7821.393
494	1129.08984	494	6985.55469
495	1068.06763	495	6637.304
496	1000.04382	496	6236.32666
497	1012.048	497	6376.177
498	974.0349	498	6174.274
499	847.993652	499	5390.205
500	876.002563	500	5581.651
501	860.9978	501	5515.681
502	731.9586	502	4716.581
503	833.989258	503	5405.499
504	757.9662	504	4922.576
505	837.9906	505	5467.3833
506	635.9315	506	4169.434
507	696.9485	507	4608.382
508	604.9232	508	4029.465
509	617.926636	509	4141.07959
510	635.9315	510	4293.19873
511	482.892334	511	3267.87964
512	640.932861	512	4350.89355
513	558.911255	513	3823.78564
514	518.9011	514	3578.44751
515	345.861084	515	2398.186
516	500.896729	516	3495.78125
517	408.875	517	2865.07642
518	456.8861	518	3214.45923
519	374.867432	519	2658.7793
520	360.86438	520	2570.62671
521	353.8628	521	2547.94775
522	368.8661	522	2667.38184
523	393.871582	523	2858.52563
524	337.859375	524	2474.06641
525	320.855835	525	2353.78
526	466.888428	526	3441.363
527	303.8523	527	2254.26416
528	271.845825	528	2030.05261
529	326.857056	529	2456.6062
530	288.849243	530	2189.26685
531	368.8661	531	2803.45483
532	290.84967	532	2221.66162
533	288.849243	533	2216.95557
534	235.8388	534	1819.37317
535	208.833679	535	1621.152
536	171.826965	536	1343.48914
537	233.83844	537	1837.26
538	216.8352	538	1713.255
539	215.835022	539	1711.42053
540	255.842712	540	2033.87769
541	217.835388	541	1744.29175
542	247.841125	542	1999.62366
543	143.822021	543	1164.98987
544	132.820129	544	1082.67932
545	316.85498	545	2600.26343
546	139.821289	546	1150.39111
547	113.816895	547	942.585
548	135.820618	548	1129.5564
549	172.827087	549	1443.53638
550	78.81116	550	661.8882
551	167.826233	551	1417.3595
552	169.8266	552	1441.13367
553	207.8335	553	1773.11475
554	104.815369	554	899.6024
555	107.815918	555	932.2894
556	162.825317	556	1418.09753
557	87.81262	557	769.5279
558	84.81213	558	747.354858
559	170.826782	559	1515.96008
560	76.81085	560	686.9365
561	167.826233	561	1510.97107
562	102.815063	562	932.3403
563	83.81195	563	765.045
564	169.8266	564	1559.61829
565	82.81177	565	766.204163
566	81.8116455	566	762.4468
567	103.815247	567	977.447144
568	104.815369	568	998.1238
569	96.81409	569	925.479248
570	109.816223	570	1055.48389
571	52.8070679	571	512.3951
572	33.80414	572	330.728424
573	30.80371	573	302.455872
574	62.8085938	574	618.8812
575	55.8074951	575	553.182251
576	140.821472	576	1404.86035
577	66.8092651	577	670.530151
578	31.803833	578	320.857178
579	191.830566	579	1949.30115
580	109.816223	580	1123.91309
581	64.8089	581	666.296
582	71.81006	582	742.4245
583	28.8034058	583	300.409149
584	95.8139	584	1004.83234
585	107.815918	585	1134.5802
586	124.818726	586	1319.84607
587	53.80719	587	571.3242
588	105.815552	588	1127.6
589	57.8078	589	618.9586
590	103.815247	590	1118.992
591	-12.2026367	591	-132.435654
592	36.8045654	592	402.278839
593	87.81262	593	965.938049
594	-61.20935	594	-678.100342
595	47.8062744	595	531.5305
596	74.8104858	596	834.340332
597	55.8074951	597	627.544067
598	7.800293	598	88.32142
599	31.803833	599	363.130341
600	84.81213	600	975.7152
</Group>
<Group>
RCQCSignal
1
301	
ExCorr	T636059838318923377
X	Y
300	0.229678288
301	0.229606584
302	0.229659989
303	0.229647771
304	0.229754582
305	0.229605064
306	0.229568437
307	0.229501292
308	0.229693547
309	0.22990717
310	0.229818687
311	0.229788169
312	0.229745433
313	0.229721025
314	0.2298202
315	0.229716435
316	0.229673728
317	0.229483
318	0.229476884
319	0.229376182
320	0.229103044
321	0.229585215
322	0.229568437
323	0.229565367
324	0.2295547
325	0.229551658
326	0.22978206
327	0.229707286
328	0.229042009
329	0.229659989
330	0.229885831
331	0.229946867
332	0.22978054
333	0.229933128
334	0.23003383
335	0.229891911
336	0.229934648
337	0.229989573
338	0.22991024
339	0.229956016
340	0.229473814
341	0.229937688
342	0.229818687
343	0.2297851
344	0.2297485
345	0.229852244
346	0.229798838
347	0.229806468
348	0.229821727
349	0.22977291
350	0.2298492
351	0.2294433
352	0.228808537
353	0.229489073
354	0.229704246
355	0.2295837
356	0.229577586
357	0.228993163
358	0.228864983
359	0.229418889
360	0.229632512
361	0.229644731
362	0.229693547
363	0.229678288
364	0.229826316
365	0.229679838
366	0.229646251
367	0.229640141
368	0.229331926
369	0.225343212
370	0.226580724
371	0.226739421
372	0.227624431
373	0.227685466
374	0.227584764
375	0.2283416
376	0.228378221
377	0.228465214
378	0.2285705
379	0.228610173
380	0.228581175
381	0.228715464
382	0.228691027
383	0.228680357
384	0.228750542
385	0.228756651
386	0.228680357
387	0.228805467
388	0.228684947
389	0.228687987
390	0.228706285
391	0.227494732
392	0.228536919
393	0.228622362
394	0.228674248
395	0.228720024
396	0.229757652
397	0.229853764
398	0.229797319
399	0.229960576
400	0.229791209
401	0.229885831
402	0.229832426
403	0.229791209
404	0.229664579
405	0.229518071
406	0.229602
407	0.229098454
408	0.229563847
409	0.229740873
410	0.229682878
411	0.229699656
412	0.229728654
413	0.229667619
414	0.2295898
415	0.22965084
416	0.2297668
417	0.229675248
418	0.2297195
419	0.229563847
420	0.229745433
421	0.229621843
422	0.229879722
423	0.2296661
424	0.229647771
425	0.229617253
426	0.22965388
427	0.229623362
428	0.22952877
429	0.229539439
430	0.229493663
431	0.229057267
432	0.229545549
433	0.229132012
434	0.229556218
435	0.2296554
436	0.229455516
437	0.229487553
438	0.22953485
439	0.229483
440	0.228654429
441	0.2287231
442	0.229499772
443	0.229408219
444	0.22952418
445	0.229580626
446	0.229722545
447	0.229542479
448	0.229647771
449	0.22952877
450	0.229490623
451	0.229635581
452	0.2297134
453	0.229679838
454	0.229624882
455	0.22977747
456	0.229885831
457	0.229673728
458	0.22978206
459	0.229760692
460	0.229734764
461	0.229722545
462	0.229670659
463	0.229751542
464	0.2298141
465	0.229746953
466	0.229739323
467	0.22964932
468	0.229745433
469	0.229698136
470	0.229673728
471	0.229879722
472	0.229632512
473	0.229669139
474	0.2297378
475	0.229600474
476	0.22978358
477	0.229574546
478	0.229603514
479	0.229647771
480	0.228277519
481	0.229486033
482	0.229615733
483	0.229553178
484	0.2294967
485	0.230014011
486	0.229812577
487	0.229544029
488	0.229435667
489	0.229698136
490	0.22952722
491	0.229669139
492	0.229727134
493	0.229739323
494	0.228845164
495	0.229177788
496	0.229716435
497	0.2291656
498	0.229550108
499	0.2295898
500	0.229710355
501	0.229711875
502	0.229598954
503	0.229087785
504	0.229454
505	0.229502812
506	0.2294784
507	0.229391441
508	0.229544029
509	0.229661509
510	0.229470775
511	0.229606584
512	0.2295791
513	0.2295898
514	0.229547068
515	0.22965388
516	0.229518071
517	0.2295074
518	0.229490623
519	0.229009941
520	0.229373112
521	0.228114262
522	0.2283233
523	0.229168639
524	0.228781059
525	0.229425
526	0.229388371
527	0.229467735
528	0.22952722
529	0.229566917
530	0.22914423
531	0.229591325
532	0.229511961
533	0.229602
534	0.229609624
535	0.229670659
536	0.229508922
537	0.229603514
538	0.229519591
539	0.2294067
540	0.229516551
541	0.229505882
542	0.2294067
543	0.229516551
544	0.229084715
545	0.228687987
546	0.2292373
547	0.228956535
548	0.229203746
549	0.229464665
550	0.229450926
551	0.229423478
552	0.229571477
553	0.229597434
554	0.229467735
555	0.229495183
556	0.229576066
557	0.229565367
558	0.2296951
559	0.229484513
560	0.2291076
561	0.229383811
562	0.22953029
563	0.229502812
564	0.229588255
565	0.229547068
566	0.229545549
567	0.229341075
568	0.2288589
569	0.2293243
570	0.229418889
571	0.229350224
572	0.229547068
573	0.229495183
574	0.229455516
575	0.229585215
576	0.229598954
577	0.229545549
578	0.229678288
579	0.229624882
580	0.229573
581	0.229696617
582	0.229566917
583	0.2290893
584	0.229344115
585	0.229566917
586	0.229466185
587	0.229469255
588	0.229592845
589	0.229757652
590	0.229481444
591	0.229502812
592	0.229466185
593	0.229598954
594	0.229553178
595	0.229467735
596	0.229501292
597	0.229344115
598	0.229473814
599	0.2293136
600	0.229322776
</Group>
</Session>
