<Session>
Acquisition 1 2016-08-04 12:51:15
<Group>
Detector1
2
301		301	
D1 337:300-600	T636059097262971133	D1 337:300-600 [COR]	T636059097262971135
X	Y	X	Y
300	183.0279	300	1322.12878
301	100.013794	301	731.975647
302	169.025452	302	1252.41553
303	142.020752	303	1053.96045
304	288.047668	304	2141.968
305	250.040283	305	1857.26685
306	259.042	306	1921.07874
307	272.0445	307	2006.5448
308	191.0293	308	1396.77161
309	117.0166	309	847.2414
310	222.034973	310	1591.31018
311	271.0443	311	1935.96973
312	213.033325	312	1514.193
313	207.032227	313	1449.59668
314	266.043335	314	1833.16907
315	286.0473	315	1976.60938
316	340.058228	316	2355.92236
317	320.054077	317	2195.52759
318	300.050049	318	2038.85913
319	330.056152	319	2211.71045
320	297.049438	320	1961.8905
321	238.037964	321	1561.58777
322	315.0531	322	2051.86157
323	340.058228	323	2214.55786
324	410.073364	324	2674.60474
325	355.0614	325	2298.194
326	295.049072	326	1898.18762
327	357.0619	327	2300.75146
328	435.0791	328	2799.48413
329	427.077271	329	2715.035
330	374.065552	330	2347.87817
331	399.070923	331	2502.16235
332	468.08667	332	2930.27661
333	532.1022	333	3359.17285
334	584.115234	334	3717.56372
335	813.1797	335	5116.77539
336	887.202637	336	5516.355
337	1012.244	337	6316.845
338	1146.29187	338	7172.221
339	1352.37244	339	8434.285
340	1795.57458	340	11191.9463
341	2219.80469	341	13823.8369
342	3129.41943	342	19495.9844
343	4559.7207	343	28371.39
344	7721.04639	344	47937.4141
345	13333.6416	345	82852.75
346	21439.9219	346	133174.109
347	33725.23	347	208154.2
348	48239.74	348	295970.1
349	65017.01	349	394341.969
350	82145.61	350	492170.7
351	104192.664	351	620431.9
352	125996.836	352	746645
353	147444.281	353	867084.4
354	167374.672	354	976158.563
355	184786.547	355	1079482.5
356	197968.344	356	1159205.38
357	207968.516	357	1210720.75
358	211133.859	358	1221781
359	210055.219	359	1205585.13
360	204772.859	360	1166003.38
361	196448.344	361	1121966.88
362	188088.859	362	1078273.5
363	177911.734	363	1016424.63
364	170286.766	364	969598.25
365	162846.984	365	926822.1
366	161410.969	366	917765.9
367	159960.9	367	910235.7
368	160235.609	368	909968.3
369	161147.578	369	915027.3
370	163217.938	370	926072.063
371	165855.688	371	940841.5
372	167615.641	372	951306
373	167122.344	373	948719.4
374	167214.375	374	950330
375	165273.641	375	942350.2
376	164060.172	376	938199.1
377	160960.625	377	924071.563
378	155642.141	378	900188.563
379	153139.719	379	879915.2
380	148224.109	380	847351
381	141710.063	381	808416.5
382	135136.672	382	768423.563
383	129354.961	383	736159.2
384	122739.359	384	698701.1
385	116771.289	385	664746.1
386	111186.656	386	633171.2
387	106956.8	387	604611.9
388	102208.867	388	573983.938
389	100162.586	389	561696.75
390	96612.93	390	541170.4
391	94851.27	391	530149.563
392	92295.54	392	515056.563
393	90170.83	393	502764.2
394	88611.9844	394	493348.438
395	86782.93	395	480177.781
396	85193.61	396	468288.469
397	82267.62	397	452492.656
398	80381.93	398	442360.781
399	77783.8	399	426753.8
400	75993.23	400	415687.25
401	73348.66	401	399593.6
402	70233.82	402	381154.219
403	67966.38	403	368620.9
404	64206.4961	404	348110.7
405	61245.1641	405	331227.344
406	59244.93	406	319597.656
407	55293.375	407	298300.844
408	53321.8	408	287745.4
409	51047.875	409	274789.5
410	48144.8164	410	258455.984
411	45931.7852	411	246289.875
412	43832.73	412	234440.734
413	41595.3867	413	222099.7
414	39451.7852	414	210655.469
415	38322.88	415	203493.734
416	36451.6758	416	192430.516
417	34941.7227	417	184664.063
418	33365.7734	418	176768.016
419	32087.2539	419	169003.8
420	31641.36	420	165998.453
421	30003.06	421	157852.438
422	28688.1816	422	151560.156
423	27283.1426	423	144484.453
424	25724.6855	424	137468.656
425	24465.2031	425	132600.4
426	23894.3672	426	128235.367
427	22445.4668	427	120426.18
428	21387.6914	428	114917.109
429	20576.1777	429	110395.914
430	19558.96	430	104697.109
431	18579.0938	431	99740.3
432	17265.207	432	92982.39
433	16376.0957	433	88492.41
434	15987.7871	434	86580.58
435	14992.5684	435	81414.64
436	14087.8135	436	76871.02
437	13518.1631	437	73844.02
438	12683.8623	438	69469.79
439	12201.5957	439	67094.01
440	11255.2451	440	61809.8164
441	10883.37	441	59569.17
442	10084.585	442	55518.1367
443	9867.12	443	54403.2773
444	9339.033	444	51575.2
445	8966.299	445	49614.7852
446	8511.44	446	47199.9
447	8074.655	447	45053.52
448	7763.11768	448	43574.9336
449	7573.80029	449	42560.8477
450	7038.94434	450	39628.62
451	6666.38135	451	37675.7148
452	6547.207	452	37152.3125
453	5934.35645	453	33744.6328
454	5489.786	454	31265.78
455	5467.759	455	31282.5254
456	5175.40674	456	29718.7656
457	5077.292	457	29255.64
458	4573.73535	458	26470.1816
459	4417.57275	459	25608.8984
460	4217.372	460	24557.0371
461	3945.11133	461	23005.7188
462	3681.87354	462	21564.96
463	3630.829	463	21359.07
464	3414.64648	464	20187.541
465	3333.58	465	19823.4043
466	3130.42041	466	18679.4414
467	2830.19922	467	16905.5566
468	2750.143	468	16445.6016
469	2636.06543	469	15843.3535
470	2433.93457	470	14696.7471
471	2341.87744	471	14228.04
472	2240.817	472	13711.499
473	2009.68616	473	12303.68
474	1980.67053	474	12169.4785
475	1975.66785	475	12230.3486
476	1844.59924	476	11505.7988
477	1818.586	477	11408.6348
478	1609.485	478	10156.2383
479	1791.57263	479	11352.17
480	1711.53333	480	10894.666
481	1346.37	481	8595.77051
482	1413.39807	482	9065.983
483	1400.39246	483	9006.947
484	1324.36108	484	8545.355
485	1233.325	485	8000.32031
486	1143.29077	486	7464.2417
487	1034.25171	487	6782.79248
488	1086.27	488	7154.97949
489	943.2208	489	6243.21875
490	1026.2489	490	6833.181
491	892.2042	491	5984.02539
492	851.1913	492	5752.765
493	945.221436	493	6444.805
494	731.1554	494	4981.30469
495	799.1754	495	5472.23047
496	636.129	496	4383.622
497	775.1682	497	5381.70947
498	639.129761	498	4474.5957
499	675.139648	499	4737.57275
500	653.133545	500	4599.751
501	636.129	501	4501.11133
502	548.1061	502	3899.92236
503	466.086182	503	3320.68677
504	558.108643	504	3999.05273
505	563.109863	505	4053.747
506	480.089478	506	3471.89648
507	499.094116	507	3640.38965
508	478.0891	508	3516.88
509	424.076538	509	3139.034
510	344.059082	510	2563.55518
511	434.078857	511	3245.01465
512	413.0741	512	3096.99219
513	314.052917	513	2371.80176
514	354.061279	514	2697.43359
515	353.061035	515	2705.48828
516	306.05127	516	2358.68848
517	372.065063	517	2878.559
518	377.066162	518	2929.911
519	320.054077	519	2500.95239
520	338.057861	520	2657.38721
521	325.055176	521	2569.67
522	317.053528	522	2518.81836
523	285.047058	523	2283.006
524	367.063965	524	2958.42358
525	185.028259	525	1497.85986
526	226.0357	526	1840.68225
527	250.040283	527	2048.40015
528	303.050659	528	2498.91235
529	190.029114	529	1577.02063
530	278.045715	530	2324.469
531	190.029114	531	1595.80066
532	201.031128	532	1696.845
533	187.028625	533	1585.76624
534	226.0357	534	1927.2113
535	181.027527	535	1552.08972
536	193.029663	536	1666.70154
537	167.025085	537	1451.306
538	174.0263	538	1519.97632
539	200.030945	539	1751.50891
540	158.0235	540	1387.6239
541	124.017761	541	1098.25928
542	126.018066	542	1122.082
543	129.018555	543	1153.91479
544	189.028992	544	1696.98108
545	103.014282	545	929.676331
546	121.017273	546	1098.17468
547	165.024719	547	1505.22644
548	147.0216	548	1347.5415
549	87.01172	549	802.3268
550	135.019592	550	1251.37048
551	204.031677	551	1910.20215
552	61.00769	552	572.153442
553	60.0075073	553	565.5
554	90.01221	554	853.207642
555	150.022156	555	1432.66284
556	194.029846	556	1865.55176
557	60.0075073	557	582.2301
558	122.017395	558	1190.58948
559	140.020447	559	1372.87671
560	115.016235	560	1133.714
561	36.0039063	561	357.468323
562	178.026978	562	1781.67383
563	123.017578	563	1239.44189
564	69.00891	564	699.783264
565	112.015747	565	1147.26221
566	70.0090942	566	720.2341
567	52.0062866	567	540.9541
568	34.0036	568	357.155121
569	61.00769	569	643.269531
570	138.020081	570	1463.38916
571	159.023682	571	1701.871
572	68.00879	572	734.661438
573	21.001709	573	227.7585
574	-4.001892	574	-43.5218239
575	47.0055542	575	516.454
576	145.0213	576	1598.49023
577	-17.0036621	577	-188.45192
578	42.00482	578	468.176361
579	74.0097046	579	830.54834
580	107.014954	580	1210.87134
581	50.00598	581	567.8992
582	-18.0037842	582	-205.416321
583	164.024536	583	1885.02136
584	61.00769	584	706.982239
585	90.01221	585	1046.90808
586	58.0072021	586	676.345642
587	99.01367	587	1159.51489
588	117.0166	588	1378.086
589	60.0075073	589	709.677551
590	87.01172	590	1034.5658
591	92.01251	591	1101.32068
592	66.0084839	592	795.8128
593	106.014771	593	1288.60291
594	39.0043335	594	477.368317
595	50.00598	595	613.2424
596	59.0073853	596	726.0614
597	116.016418	597	1437.83191
598	47.0055542	598	586.9013
599	83.01111	599	1043.99976
600	41.00464	600	519.9662
</Group>
<Group>
RCQCSignal
1
301	
ExCorr	T636059097262971134
X	Y
300	0.213734925
301	0.213660181
302	0.213709
303	0.213786811
304	0.213765442
305	0.213777661
306	0.213890582
307	0.213452637
308	0.213699847
309	0.2136907
310	0.213739514
311	0.213586926
312	0.213750184
313	0.213649482
314	0.213710517
315	0.213637292
316	0.213615924
317	0.213750184
318	0.213782251
319	0.2137151
320	0.213722736
321	0.213640332
322	0.213660181
323	0.2137273
324	0.213452637
325	0.213696778
326	0.213599145
327	0.213306159
328	0.213651
329	0.2135213
330	0.213504523
331	0.21354419
332	0.213692218
333	0.213586926
334	0.213533521
335	0.21354267
336	0.213637292
337	0.213565558
338	0.213709
339	0.213699847
340	0.213120013
341	0.213599145
342	0.213805139
343	0.213631183
344	0.213655591
345	0.213551819
346	0.2137044
347	0.2137563
348	0.213712037
349	0.213605225
350	0.213623554
351	0.2137151
352	0.213518262
353	0.213469446
354	0.21354574
355	0.213686109
356	0.213675439
357	0.213657111
358	0.213676959
359	0.213655591
360	0.213553369
361	0.213647962
362	0.213577777
363	0.213617444
364	0.213637292
365	0.213593036
366	0.213658631
367	0.213336676
368	0.213611335
369	0.213503
370	0.213530481
371	0.213571668
372	0.213460267
373	0.213591516
374	0.213525891
375	0.213452637
376	0.2134389
377	0.213562518
378	0.212932318
379	0.213394672
380	0.213536561
381	0.213387042
382	0.213480115
383	0.213380933
384	0.213400751
385	0.2135076
386	0.21354726
387	0.213567078
388	0.213406861
389	0.213429749
390	0.213394672
391	0.213466376
392	0.213408381
393	0.21341601
394	0.213551819
395	0.213475525
396	0.213472486
397	0.213483155
398	0.213513672
399	0.21353811
400	0.21354419
401	0.213445008
402	0.21329549
403	0.213435858
404	0.213516742
405	0.21353963
406	0.213570148
407	0.213535041
408	0.213454157
409	0.213519782
410	0.213635743
411	0.21341908
412	0.213493854
413	0.213654071
414	0.213452637
415	0.213406861
416	0.21341449
417	0.2134969
418	0.21329242
419	0.213600665
420	0.213499963
421	0.213635743
422	0.213493854
423	0.213472486
424	0.21203813
425	0.208319515
426	0.20963636
427	0.210376441
428	0.210753322
429	0.210947126
430	0.211319447
431	0.211499482
432	0.211615473
433	0.211551368
434	0.211743623
435	0.21178332
436	0.211383522
437	0.211629182
438	0.211548328
439	0.211009681
440	0.2115834
441	0.2138204
442	0.214107245
443	0.2139501
444	0.213770032
445	0.213869214
446	0.213927209
447	0.213878363
448	0.213857
449	0.213886
450	0.2137624
451	0.213837177
452	0.213864654
453	0.213840216
454	0.21392262
455	0.213788331
456	0.213840216
457	0.213976026
458	0.2139028
459	0.213898212
460	0.213300049
461	0.213911951
462	0.213899732
463	0.213901252
464	0.213768512
465	0.213721216
466	0.214177459
467	0.214105725
468	0.214018762
469	0.214012653
470	0.214087427
471	0.214000434
472	0.213695258
473	0.214220166
474	0.214090466
475	0.214107245
476	0.214099616
477	0.214061469
478	0.213986725
479	0.213928729
480	0.213776141
481	0.213907361
482	0.21367237
483	0.213805139
484	0.213828027
485	0.213957727
486	0.213837177
487	0.213864654
488	0.21391958
489	0.214088947
490	0.214029431
491	0.213980615
492	0.213841736
493	0.212807178
494	0.213817328
495	0.213995874
496	0.213882953
497	0.213966876
498	0.2138387
499	0.213976026
500	0.213829547
501	0.213977545
502	0.213934839
503	0.21442616
504	0.2139745
505	0.214006543
506	0.214055389
507	0.213954657
508	0.213858545
509	0.213931769
510	0.21391958
511	0.213852435
512	0.213869214
513	0.213988245
514	0.213782251
515	0.213806659
516	0.2138448
517	0.213869214
518	0.2137914
519	0.213864654
520	0.2138631
521	0.213771552
522	0.213828027
523	0.213655591
524	0.213864654
525	0.213907361
526	0.213623554
527	0.213806659
528	0.2138677
529	0.213910431
530	0.213742554
531	0.213788331
532	0.213696778
533	0.213841736
534	0.213750184
535	0.213953137
536	0.213831067
537	0.2136083
538	0.213625073
539	0.213741034
540	0.213785291
541	0.213513672
542	0.213870734
543	0.213870734
544	0.214015692
545	0.213957727
546	0.213843286
547	0.213882953
548	0.213976026
549	0.213855475
550	0.21392414
551	0.2129308
552	0.213722736
553	0.213857
554	0.213774621
555	0.213803589
556	0.213960767
557	0.213327527
558	0.21342364
559	0.213701367
560	0.213870734
561	0.214009613
562	0.213982135
563	0.213930249
564	0.213927209
565	0.213354975
566	0.213947028
567	0.2135854
568	0.213480115
569	0.213910431
570	0.213972986
571	0.213948578
572	0.213901252
573	0.213783771
574	0.213898212
575	0.2131078
576	0.213805139
577	0.213872284
578	0.213896692
579	0.213927209
580	0.213646442
581	0.213943988
582	0.214026392
583	0.213908881
584	0.21354574
585	0.213705957
586	0.214110315
587	0.214066058
588	0.213745624
589	0.214018762
590	0.21404013
591	0.2141088
592	0.21404013
593	0.213782251
594	0.213786811
595	0.2140508
596	0.214023322
597	0.2140981
598	0.2141088
599	0.214195758
600	0.214058429
</Group>
</Session>
