<Session>
Acquisition 1 2016-08-04 14:40:31
<Group>
Detector1
2
301		301	
D1 280:300-600	T636059097262979769	D1 280:300-600 [COR]	T636059097262979771
X	Y	X	Y
300	92.01373	300	3700.504
301	69.00983	301	2815.80444
302	6.999878	302	288.442383
303	-15.003479	303	-619.880249
304	59.00818	304	2438.253
305	123.019165	305	5082.17139
306	127.0199	306	5236.409
307	84.01239	307	3443.96875
308	81.01184	308	3294.89282
309	112.017212	309	4510.622
310	62.008667	310	2471.0293
311	60.00836	311	2384.239
312	133.020935	312	5249.79541
313	36.0044556	313	1402.12732
314	76.01099	314	2908.931
315	61.0084839	315	2338.93921
316	47.0062256	316	1813.131
317	94.0141	317	3591.50586
318	63.00885	318	2388.193
319	92.01373	319	3441.36353
320	116.017944	320	4253.50928
321	50.0067139	321	1818.339
322	86.0126953	322	3105.12769
323	73.0105	323	2628.74268
324	115.017761	324	4152.225
325	80.01172	325	2866.52368
326	122.018982	326	4355.518
327	82.0120239	327	2930.13477
328	95.01428	328	3395.79
329	48.0063477	329	1692.30066
330	102.015442	330	3551.845
331	114.017578	331	3957.04785
332	117.018066	332	4068.75635
333	68.00964	333	2381.58032
334	153.0246	334	5391.435
335	118.01825	335	4112.3335
336	155.024963	336	5354.468
337	195.032471	337	6749.83838
338	218.036987	338	7567.758
339	251.043579	339	8678.022
340	250.0434	340	8620.666
341	467.0923	341	16108.2119
342	590.124146	342	20399.89
343	811.188965	343	27980.6113
344	1313.3728	344	45394.7
345	2053.7356	345	70688.67
346	3437.70752	346	118523.492
347	5369.70459	347	183936.891
348	7551.857	348	258149.938
349	10224.0117	349	345311.781
350	13681.7969	350	453821.375
351	16875.0273	351	558362.938
352	20459.9336	352	674923.4
353	24444.3945	353	799091.438
354	27642.498	354	897051.5
355	30452.2012	355	987821.9
356	32564.7949	356	1057570.38
357	35261.4336	357	1140103.25
358	34906.9023	358	1120586.5
359	35352.0859	359	1125802.88
360	34098.22	360	1079408.13
361	33187.9766	361	1052909.63
362	31920.5547	362	1015054.56
363	29511.4336	363	935883.4
364	28253.998	364	892675.063
365	27816.4863	365	877273.563
366	27524.832	366	868981.9
367	26858.1133	367	844558.938
368	27317.668	368	860717.438
369	27138.668	369	855958.4
370	27941.2	370	880275.25
371	27848.67	371	873146.3
372	28169.51	372	886946
373	28246.959	373	888678.3
374	28605.043	374	903915.6
375	28256.01	375	894920.938
376	27840.623	376	883044.938
377	27076.32	377	862969.063
378	26737.4512	378	857885.75
379	26072.85	379	835050.7
380	25071.5879	380	797396.8
381	24388.1113	381	772910.7
382	22800.3945	382	719132.4
383	21647.1035	383	683611.2
384	20880.7344	384	656878.5
385	19924.6953	385	627829.8
386	19139.5137	386	603978.563
387	18045.2852	387	566708.1
388	17449.082	388	541748.563
389	17007.4961	389	527365.1
390	16378.3027	390	508167.7
391	15732.1328	391	487382.625
392	15626.7852	392	483782.25
393	15081.0293	393	465372.7
394	14729.9316	394	455409.375
395	14441.0449	395	441377.969
396	14451.0762	396	439852.1
397	14112.0566	397	430981.438
398	13606.58	398	413689.969
399	13339.8223	399	404979.063
400	12626.8633	400	382327.5
401	12592.7734	401	380888.938
402	11872.9043	402	356994.156
403	11431.8086	403	343452.9
404	10866.4629	404	327004.063
405	10596.8438	405	317973.5
406	9854.213	406	294809.156
407	9355.18	407	279122.656
408	8762.014	408	261416.422
409	8462.453	409	252109.375
410	8250.066	410	245205.219
411	7695.097	411	228975.391
412	7399.606	412	219696.234
413	7010.987	413	207596.766
414	6659.45264	414	197804.391
415	6340.98975	415	186363.016
416	6149.72168	416	180266.156
417	5907.39258	417	173002.719
418	5802.25342	418	170701.516
419	5379.717	419	157462.016
420	5165.458	420	150810.2
421	4884.13232	421	142631.188
422	4771.006	422	140123.578
423	4620.842	423	136343.688
424	4354.562	424	128706.57
425	4155.3623	425	122031.258
426	4019.23	426	117725.445
427	3736.96777	427	109462.469
428	3661.901	428	107537.688
429	3520.77783	429	103317.6
430	3161.483	430	92957.7
431	3218.528	431	94699.09
432	2988.34985	432	88480.34
433	2736.167	433	81178.12
434	2646.10474	434	78667.45
435	2427.96045	435	72498.5156
436	2336.90332	436	69872.4
437	2217.83081	437	66625.43
438	1999.70532	438	60234.1875
439	2060.7395	439	61951.9375
440	1876.63867	440	56532.22
441	1695.54639	441	51517.8672
442	1624.51172	442	49732.7227
443	1585.49341	443	48530.1328
444	1517.46167	444	46406.7148
445	1578.49	445	48536.63
446	1404.41138	446	43259.543
447	1313.3728	447	40684.56
448	1415.41626	448	44160.2773
449	1161.31177	449	36314.28
450	1012.25647	450	31668.832
451	1129.29956	451	35499.9961
452	1054.27161	452	33218.2266
453	956.236938	453	30210.1875
454	998.2516	454	31591.0664
455	969.241333	455	30807.8145
456	935.229736	456	29888.2383
457	804.186768	457	25911.1836
458	735.1655	458	23717.959
459	704.1564	459	22739.1563
460	680.1494	460	21956.7
461	518.1051	461	16807.17
462	678.1488	462	22138.4785
463	621.1327	463	20286.2461
464	572.119263	464	18797.7188
465	609.1293	465	20128.1719
466	439.085449	466	14612.7568
467	440.0857	467	14587.5361
468	420.0808	468	14035.85
469	492.0985	469	16439.1543
470	429.083	470	14397.9482
471	287.051025	471	9695.704
472	369.06897	472	12529.5684
473	396.0752	473	13496.6621
474	292.052124	474	9980.919
475	334.061157	475	11487.8691
476	342.063	476	11866.0107
477	313.056641	477	10931.2412
478	300.053833	478	10532.3809
479	224.038147	479	7913.49463
480	253.044	480	8947.924
481	229.039185	481	8145.77637
482	190.031555	482	6776.239
483	200.033447	483	7132.88135
484	269.047241	484	9637.671
485	317.0575	485	11460.4307
486	105.015991	486	3810.082
487	146.023315	487	5335.694
488	120.018616	488	4400.38525
489	150.024048	489	5521.19434
490	158.025513	490	5872.03369
491	66.00934	491	2467.821
492	181.029846	492	6792.332
493	143.022766	493	5382.48926
494	176.02887	494	6682.8877
495	137.021667	495	5214.515
496	112.017212	496	4287.071
497	170.027771	497	6574.36572
498	84.01239	498	3271.27
499	81.01184	499	3159.893
500	123.019165	500	4820.67773
501	53.0072021	501	2088.46436
502	65.0091553	502	2570.907
503	23.00238	503	914.3336
504	171.027954	504	6822.536
505	97.01459	505	3875.139
506	107.016357	506	4293.21045
507	11.0004883	507	445.5809
508	-43.00763	508	-1758.79578
509	81.01184	509	3335.89355
510	69.00983	510	2857.19019
511	80.01172	511	3313.43945
512	116.017944	512	4829.77051
513	49.00653	513	2056.24365
514	92.01373	514	3893.3313
515	41.00525	515	1745.11731
516	4.99957275	516	214.023651
517	80.01172	517	3457.25781
518	52.00702	518	2250.06
519	38.00476	519	1640.45471
520	57.0078735	520	2483.68115
521	63.00885	521	2761.949
522	50.0067139	522	2212.75537
523	6.999878	523	310.7898
524	61.0084839	524	2734.9
525	9.000183	525	405.113159
526	62.008667	526	2802.662
527	46.0060425	527	2092.43872
528	-51.00879	528	-2337.56885
529	101.01532	529	4670.26465
530	45.00586	530	2086.05469
531	2.99926758	531	140.324432
532	55.0075073	532	2575.54248
533	-13.0031738	533	-612.1879
534	-55.00934	534	-2603.36719
535	23.00238	535	1094.05066
536	39.0048828	536	1865.4635
537	4.99957275	537	240.91011
538	70.01001	538	3383.19214
539	5.999695	539	290.65918
540	-10.0027466	540	-486.0228
541	-42.0075073	541	-2056.346
542	-9.00262451	542	-442.321228
543	10.0003052	543	498.4307
544	45.00586	544	2244.20386
545	-24.0048218	545	-1204.04578
546	-24.0048218	546	-1208.659
547	-34.0063477	547	-1721.09058
548	11.0004883	548	558.7666
549	14.0009155	549	715.783447
550	-46.0080566	550	-2374.435
551	70.01001	551	3626.04761
552	67.00952	552	3495.59839
553	29.0032959	553	1520.665
554	30.003479	554	1580.27649
555	31.0036011	555	1645.43933
556	-44.00775	556	-2354.09839
557	-0.00122070313	557	-0.06556105
558	23.00238	558	1243.60461
559	16.0012817	559	869.114258
560	17.0014038	560	929.4786
561	-33.0061646	561	-1824.71313
562	-7.00231934	562	-389.113068
563	71.01019	563	3980.70166
564	-67.01105	564	-3783.97534
565	-60.01007	565	-3412.17627
566	3.99938965	566	228.972763
567	25.0026855	567	1443.63684
568	-14.0033569	568	-815.5964
569	51.0068359	569	2987.11743
570	-31.00586	570	-1822.97852
571	11.0004883	571	652.623352
572	-103.015991	572	-6181.914
573	-48.00836	573	-2884.79858
574	18.0015869	574	1086.29065
575	10.0003052	575	607.5878
576	-3.001709	576	-183.416626
577	-13.0031738	577	-801.5435
578	22.0021973	578	1362.58191
579	-12.0030518	579	-749.546448
580	91.01355	580	5705.76855
581	-72.01178	581	-4544.86426
582	-74.0120239	582	-4693.63574
583	-75.012146	583	-4781.56445
584	66.00934	584	4250.928
585	50.0067139	585	3227.06177
586	-8.002441	586	-517.2131
587	72.0103149	587	4679.947
588	-37.0067749	588	-2419.06519
589	29.0032959	589	1904.13855
590	20.0018921	590	1325.11169
591	-39.00708	591	-2596.98584
592	-2.00152588	592	-134.335114
593	52.00702	593	3516.24268
594	8	594	543.2105
595	1.99908447	595	136.256088
596	-58.0097656	596	-3960.208
597	-43.00763	597	-2959.80054
598	-26.005127	598	-1800.71191
599	-42.0075073	599	-2935.63818
600	14.0009155	600	1001.15796
</Group>
<Group>
RCQCSignal
1
301	
ExCorr	T636059097262979770
X	Y
300	0.04655648
301	0.04647561
302	0.0466022566
303	0.0465686843
304	0.0466526076
305	0.04661294
306	0.04666177
307	0.0465747938
308	0.0465900525
309	0.0465961471
310	0.0466175154
311	0.04656411
312	0.04668466
313	0.0465839431
314	0.04666329
315	0.0466968641
316	0.0465290174
317	0.04654733
318	0.0464786664
319	0.04643593
320	0.0466907546
321	0.04674264
322	0.04674416
323	0.04687997
324	0.04676705
325	0.0468204543
326	0.04668618
327	0.0466526076
328	0.046646513
329	0.0466968641
330	0.04667703
331	0.0467853621
332	0.0466571972
333	0.0466953442
334	0.0467777327
335	0.04676401
336	0.0466388837
337	0.04669992
338	0.0467197523
339	0.04675638
340	0.04672586
341	0.0467762128
342	0.04672738
343	0.04673349
344	0.04654274
345	0.0467533246
346	0.0466907546
347	0.04670755
348	0.0465168133
349	0.0465183333
350	0.0467945263
351	0.0466419235
352	0.04651528
353	0.04657022
354	0.04654122
355	0.0466678664
356	0.0467212722
357	0.0466526076
358	0.0467106029
359	0.0466968641
360	0.0465839431
361	0.0466419235
362	0.04669381
363	0.0466694
364	0.0466907546
365	0.04674416
366	0.0466648266
367	0.0468174145
368	0.0466907546
369	0.04661294
370	0.04663583
371	0.0468601361
372	0.04666177
373	0.0467380658
374	0.04657174
375	0.0466007367
376	0.0466678664
377	0.0466510877
378	0.04654733
379	0.04642678
380	0.0465457961
381	0.04658089
382	0.0466739759
383	0.0466327742
384	0.04682962
385	0.0467777327
386	0.04673349
387	0.0466190353
388	0.046811305
389	0.0468097851
390	0.0467197523
391	0.0467044935
392	0.0466510877
393	0.04676401
394	0.04663583
395	0.0468662456
396	0.04675179
397	0.0466266647
398	0.0468677655
399	0.0467991
400	0.0467838421
401	0.04662209
402	0.04668618
403	0.04672586
404	0.0466510877
405	0.0466739759
406	0.04670144
407	0.04682351
408	0.0468204543
409	0.0467868969
410	0.0467945263
411	0.0466388837
412	0.0466404036
413	0.046722807
414	0.046533592
415	0.0467579
416	0.046609886
417	0.046722807
418	0.04657937
419	0.04661294
420	0.0465244427
421	0.0466754958
422	0.04657174
423	0.0464634076
424	0.04649087
425	0.0466251448
426	0.04658089
427	0.0467304364
428	0.0467624739
429	0.0467716381
430	0.0466541424
431	0.0467975661
432	0.04667855
433	0.04672738
434	0.0467746779
435	0.04670755
436	0.0467823073
437	0.0466678664
438	0.046648033
439	0.0468051955
440	0.0467762128
441	0.0467106029
442	0.04669229
443	0.04673653
444	0.04681436
445	0.0466739759
446	0.0467060134
447	0.0467182323
448	0.0466587171
449	0.04661294
450	0.0466495678
451	0.04662209
452	0.0467090681
453	0.0466754958
454	0.0466877148
455	0.0466663465
456	0.0465961471
457	0.0464054123
458	0.046533592
459	0.04656563
460	0.0466571972
461	0.0466327742
462	0.0465397
463	0.046722807
464	0.046646513
465	0.0466419235
466	0.04657022
467	0.0467899367
468	0.04645119
469	0.04669381
470	0.0467197523
471	0.0466800854
472	0.0467090681
473	0.0466739759
474	0.04667703
475	0.04674112
476	0.04668618
477	0.0466388837
478	0.0466510877
479	0.0465397
480	0.0466678664
481	0.0465671644
482	0.0466114059
483	0.04676705
484	0.0467090681
485	0.04656411
486	0.0466648266
487	0.04654885
488	0.04660531
489	0.0466953442
490	0.0465091839
491	0.0465534255
492	0.0467121229
493	0.04675638
494	0.0465320721
495	0.04669381
496	0.0467029735
497	0.0465900525
498	0.0466266647
499	0.0466831252
500	0.0466037765
501	0.0466022566
502	0.04667855
503	0.0466083661
504	0.046609886
505	0.046773158
506	0.0467945263
507	0.046722807
508	0.0466510877
509	0.04663583
510	0.04668618
511	0.04681588
512	0.0467106029
513	0.0467090681
514	0.0466800854
515	0.04668618
516	0.0466877148
517	0.0464389846
518	0.04656411
519	0.04695169
520	0.0467945263
521	0.0467533246
522	0.04655648
523	0.0467395857
524	0.04662972
525	0.0466541424
526	0.0466754958
527	0.0467029735
528	0.0466678664
529	0.04656411
530	0.04675179
531	0.046535112
532	0.0467182323
533	0.0467029735
534	0.04669992
535	0.0467716381
536	0.04681588
537	0.0467121229
538	0.04682351
539	0.046849452
540	0.0468540266
541	0.0468418226
542	0.0470035747
543	0.04654122
544	0.04672586
545	0.04668466
546	0.0467380658
547	0.0467456952
548	0.04682351
549	0.0467762128
550	0.0465885177
551	0.04667703
552	0.0465961471
553	0.04661446
554	0.0466556624
555	0.0466541424
556	0.04663735
557	0.04673653
558	0.0467121229
559	0.0467823073
560	0.0467624739
561	0.046609886
562	0.04673501
563	0.0466282
564	0.0465885177
565	0.04660531
566	0.04662209
567	0.04666177
568	0.0466877148
569	0.0467060134
570	0.0467945263
571	0.0468036756
572	0.0466953442
573	0.0467899367
574	0.04674875
575	0.04673501
576	0.0467716381
577	0.0466327742
578	0.04668466
579	0.04662209
580	0.0467624739
581	0.04668618
582	0.0466968641
583	0.0467685834
584	0.0466007367
585	0.0467090681
586	0.0468418226
587	0.0467777327
588	0.04669992
589	0.0467533246
590	0.0465854779
591	0.0466800854
592	0.0466266647
593	0.0466083661
594	0.0467304364
595	0.0467044935
596	0.0467807874
597	0.04675638
598	0.0468189344
599	0.0467472151
600	0.0460346267
</Group>
</Session>
