<Session>
Acquisition 1 2016-08-04 13:49:34
<Group>
Detector1
2
300		300	
D1 337:300-600	T636059838318907669	D1 337:300-600 [COR]	T636059838318907671
X	Y	X	Y
300	160.82605	300	1116.35474
301	208.835327	301	1465.562
302	233.840332	302	1662.17468
303	225.838684	303	1608.20789
304	216.836914	304	1547.18591
305	186.831	305	1331.75867
306	176.8291	306	1259.35376
307	229.839539	307	1623.45874
308	292.8526	308	2052.98047
309	202.8341	309	1408.0824
310	281.850281	310	1937.13855
311	237.841125	311	1627.69275
312	224.8385	312	1533.30347
313	232.840149	313	1563.019
314	255.844788	314	1690.581
315	215.836731	315	1430.07227
316	223.838318	316	1486.83655
317	248.843445	317	1638.58057
318	220.8377	318	1442.378
319	252.844177	319	1627.62036
320	322.8592	320	2045.78418
321	291.852478	321	1838.3269
322	244.84259	322	1532.74121
323	323.859436	323	2024.138
324	332.8614	324	2079.09839
325	268.8476	325	1669.36841
326	267.847351	326	1652.82739
327	441.88678	327	2724.596
328	381.8725	328	2355.08472
329	305.8554	329	1865.567
330	375.871155	330	2260.688
331	372.870422	331	2240.961
332	474.894958	332	2850.46875
333	580.9228	333	3516.92944
334	654.9434	334	4004.796
335	751.9722	335	4535.28564
336	934.0313	336	5569.674
337	909.022766	337	5439.32861
338	1210.13354	338	7261.224
339	1299.16992	339	7770.52051
340	1613.3103	340	9622.864
341	2119.57837	341	12659.8574
342	2958.13477	342	17684.9941
343	4470.493	343	26665.4434
344	7228.14746	344	43007.2578
345	12411.123	345	73858.96
346	20597.373	346	122699.836
347	31481.5977	347	186985.156
348	44576.8438	348	262482.719
349	60879.37	349	354140.938
350	78705.1953	350	451866.063
351	98998.73	351	565202.5
352	120607.375	352	685059.4
353	141496.953	353	797534.438
354	161032.031	354	900009.2
355	179144.547	355	1003252.75
356	191645.453	356	1075780.88
357	202984.922	357	1132632.5
358	204813.266	358	1135351.75
359	204524.641	359	1126003.5
360	198973.266	360	1085980.5
361	191403.313	361	1047681.94
362	182566.625	362	1003196.88
363	172943.063	363	947108.563
364	166666.531	364	909577.2
365	159810.281	365	873059
366	158415.375	366	864172.563
367	157776.391	367	861009.1
368	157428.547	368	856785.563
369	159414.8	369	866745.2
370	162432.844	370	883001.25
371	164128.578	371	892376.1
372	164986.484	372	896449.1
373	164235.031	373	893696.4
374	164129.609	374	893504.7
375	164019.016	375	895776.6
376	160616.828	376	879909.563
377	157802.2	377	868044.6
378	155048.984	378	857093.3
379	150791.078	379	829577.4
380	146635.688	380	803334.3
381	138567.609	381	756983.4
382	133021.156	382	724728.4
383	128243.211	383	699178.5
384	121267.25	384	661062.2
385	116109.469	385	632898.938
386	109571.578	386	597839.1
387	106177.617	387	575290.75
388	100674.109	388	541291.9
389	98604.96	389	529549.7
390	95173.5859	390	510386.156
391	93120.9844	391	498503.4
392	91336.0859	392	487946.031
393	88515.38	393	472381.156
394	87668.46	394	467716.156
395	86312.87	395	457482.781
396	83515.3359	396	439835.375
397	81396.35	397	429761.6
398	79910.34	398	420502.7
399	77052.4	399	404776.4
400	74116.91	400	388208.625
401	71879.125	401	374983.6
402	69267.12	402	359463.063
403	66394.97	403	344592.75
404	63188.1953	404	327935.531
405	60880.3828	405	315318.8
406	58155.7227	406	300564.656
407	54808.61	407	283069.7
408	52397.5273	408	270481.625
409	49649.2	409	255727.1
410	47136.61	410	244924.891
411	44398.2344	411	228645.844
412	42585.2539	412	218254.734
413	40851.58	413	208999.188
414	38882.6367	414	198772.547
415	36957.7969	415	187883.938
416	35310.68	416	178422.578
417	34401.2227	417	174056.266
418	32795.22	418	166110.219
419	31360.8223	419	158217.656
420	30473.2129	420	153020.656
421	28958	421	145976.422
422	28022.54	422	141713.266
423	26690.0625	423	135306.672
424	25315.72	424	128694.8
425	24447.2734	425	123765.883
426	23460.4043	426	118270.57
427	22076.9043	427	111695.43
428	21286.36	428	108002.1
429	20090.2363	429	101927.281
430	19038.9668	430	96521.97
431	18082.2734	431	91975.0156
432	16708.2871	432	85285.9844
433	16403.2324	433	84030.875
434	15233.3535	434	78287.49
435	14683.626	435	75708.6641
436	13376.7607	436	69141.08
437	12866.3438	437	66671.8
438	12397.0859	438	64402.59
439	11739.3984	439	61242.52
440	11023.6592	440	57485.5547
441	10480.4082	441	55023.3477
442	9937.216	442	52607.3047
443	9437.17	443	49963.4766
444	9139.571	444	48408.7266
445	8406.171	445	44713.24
446	7969.38867	446	42428.73
447	7931.32227	447	42453.48
448	7474.548	448	40244.64
449	6826.52051	449	36811.8125
450	6792.469	450	36680.9766
451	6242.667	451	33840.1836
452	5816.08643	452	31685.7813
453	5836.113	453	31841.38
454	5485.66162	454	29992.7031
455	5239.35938	455	28731.0566
456	4854.91162	456	26753.5879
457	4462.485	457	24682.707
458	4334.35254	458	24130.293
459	4329.347	459	24113.6758
460	4051.071	460	22581.49
461	3645.696	461	20414.7949
462	3464.53882	462	19482.1914
463	3417.49927	463	19300.34
464	3219.337	464	18262.9551
465	2983.15356	465	17021.3535
466	2761.992	466	15854.6748
467	2747.98218	467	15779.2
468	2588.87231	468	14875.73
469	2518.82568	469	14546.6094
470	2436.77222	470	14160.792
471	2339.71069	471	13663.1768
472	2257.66016	472	13255.1934
473	1996.50854	473	11759.5469
474	1944.47974	474	11481.8906
475	1796.40137	475	10686.9336
476	1659.33252	476	9948.182
477	1756.38086	477	10583.626
478	1638.32251	478	9931.977
479	1580.29468	479	9614.644
480	1467.24268	480	8959.772
481	1487.25171	481	9116.539
482	1388.20776	482	8539.371
483	1304.17188	483	8051.80566
484	1301.17065	484	8051.50537
485	1255.15161	485	7820.647
486	1146.10864	486	7180.78564
487	1153.11133	487	7262.486
488	997.0533	488	6306.127
489	989.0505	489	6290.56152
490	968.043152	490	6193.87939
491	859.006165	491	5538.347
492	852.003845	492	5532.525
493	828.9964	493	5401.49365
494	780.981262	494	5113.45654
495	706.9587	495	4659.552
496	708.9593	496	4692.475
497	660.9451	497	4418.97
498	652.942932	498	4398.15869
499	697.956	499	4705.54053
500	531.9096	500	3598.66968
501	556.9163	501	3786.02783
502	472.89447	502	3235.9165
503	538.911438	503	3698.72485
504	448.8886	504	3088.87036
505	597.9274	505	4134.137
506	380.872253	506	2646.07349
507	490.8991	507	3439.89648
508	489.898865	508	3458.93555
509	405.8781	509	2885.29663
510	351.865662	510	2517.86035
511	391.874817	511	2819.23853
512	363.868347	512	2619.259
513	318.858337	513	2313.89722
514	302.8548	514	2219.12329
515	274.848816	515	2021.81433
516	384.87323	516	2845.64746
517	226.838928	517	1684.096
518	279.8499	518	2089.00635
519	293.852844	519	2204.4082
520	298.853943	520	2254.48828
521	304.8553	521	2312.27515
522	166.827209	522	1271.97131
523	296.853455	523	2278.96729
524	216.836914	524	1676.59644
525	222.838074	525	1730.33984
526	165.826965	526	1294.00183
527	163.8266	527	1289.93469
528	215.836731	528	1709.72827
529	209.83551	529	1672.0238
530	172.828308	530	1385.5603
531	69.80975	531	562.4843
532	292.8526	532	2370.18652
533	219.837524	533	1789.182
534	78.81128	534	644.1364
535	249.843567	535	2055.7063
536	88.81299	536	735.8937
537	127.819946	537	1064.81116
538	64.8089	538	544.9176
539	151.824341	539	1276.57288
540	195.832764	540	1650.81
541	84.81232	541	719.833
542	120.818665	542	1032.35217
543	169.827759	543	1457.43018
544	59.8080444	544	515.4206
545	147.823608	545	1280.93835
546	79.81146	546	695.006958
547	152.824524	547	1337.90808
548	152.824524	548	1345.27039
549	132.820862	549	1175.02063
550	87.81287	550	781.090332
551	113.817444	551	1018.14459
552	81.81183	552	735.87146
553	100.815125	553	912.465759
554	155.825134	554	1418.77515
555	131.820679	555	1208.94885
556	135.821411	556	1255.76685
557	79.81146	557	742.3056
558	97.8145752	558	914.719849
559	70.80994	559	666.295837
560	160.82605	560	1521.94531
561	70.80994	561	675.022949
562	62.8085327	562	605.0577
563	16.8010254	563	162.4633
564	66.8092651	564	650.671265
565	37.8043823	565	370.70105
566	96.81439	566	955.8271
567	-8.202881	567	-81.80795
568	16.8010254	568	168.9942
569	-7.202759	569	-72.8926849
570	31.8034058	570	323.7499
571	86.81268	571	891.8407
572	22.802002	572	236.537567
573	66.8092651	573	695.0908
574	29.8031	574	311.13385
575	14.80072	575	155.4382
576	91.81354	576	970.561157
577	112.817261	577	1199.78418
578	93.8139	578	1003.63757
579	28.8029175	579	310.432617
580	34.803894	580	377.620575
581	28.8029175	581	314.065216
582	67.80939	582	742.8611
583	77.8111	583	858.7023
584	39.80475	584	442.056427
585	63.8087158	585	711.4988
586	73.8104248	586	826.9948
587	60.8082275	587	684.3902
588	59.8080444	588	676.068
589	19.8015137	589	225.0015
590	11.8002319	590	134.8035
591	35.8040771	591	412.169128
592	109.816711	592	1272.24976
593	53.8070679	593	627.726135
594	78.81128	594	924.8608
595	29.8031	595	351.098083
596	32.80359	596	387.659668
597	34.803894	597	414.061584
598	78.81128	598	944.4572
599	16.8010254	599	203.70636
</Group>
<Group>
RCQCSignal
1
300	
ExCorr	T636059838318907674
X	Y
300	0.22242631
301	0.222823039
302	0.222772673
303	0.222797111
304	0.2227803
305	0.2227666
306	0.2227269
307	0.2228917
308	0.2228917
309	0.2228734
310	0.222882554
311	0.222919181
312	0.222783372
313	0.222845927
314	0.222852036
315	0.22280626
316	0.222798631
317	0.2226796
318	0.222412571
319	0.222472087
320	0.2227666
321	0.2225072
322	0.222282872
323	0.222694859
324	0.222888663
325	0.222758964
326	0.222691819
327	0.222914591
328	0.222908482
329	0.222543791
330	0.2228093
331	0.2227803
332	0.222870335
333	0.222723857
334	0.222253874
335	0.222787932
336	0.222760484
337	0.222728446
338	0.222845927
339	0.222829148
340	0.222710118
341	0.222707078
342	0.222798631
343	0.222850516
344	0.222945109
345	0.222981736
346	0.222832188
347	0.2221257
348	0.2226796
349	0.222716227
350	0.22293292
351	0.222903922
352	0.222758964
353	0.222723857
354	0.222836778
355	0.2229024
356	0.2228917
357	0.222914591
358	0.22305955
359	0.222733
360	0.222795561
361	0.2229207
362	0.222821519
363	0.222849
364	0.222893223
365	0.222517863
366	0.222697929
367	0.222453788
368	0.2228963
369	0.222972587
370	0.222868815
371	0.222826079
372	0.222969517
373	0.222824559
374	0.222916111
375	0.222845927
376	0.22280167
377	0.2228856
378	0.222786412
379	0.222871885
380	0.222823039
381	0.222832188
382	0.22280778
383	0.222736076
384	0.222845927
385	0.222980216
386	0.222882554
387	0.222816929
388	0.222897813
389	0.222865775
390	0.222894773
391	0.222876444
392	0.222923741
393	0.222972587
394	0.222856626
395	0.222852036
396	0.22280474
397	0.222394273
398	0.223294541
399	0.2230153
400	0.223013774
401	0.2228963
402	0.22305344
403	0.223039731
404	0.22305803
405	0.222977147
406	0.222919181
407	0.223051921
408	0.223141953
409	0.223149583
410	0.2207173
411	0.222212687
412	0.222800151
413	0.222986326
414	0.2229497
415	0.222903922
416	0.222964957
417	0.223004624
418	0.223096177
419	0.222997
420	0.22305651
421	0.222969517
422	0.223030552
423	0.222997
424	0.222893223
425	0.223025993
426	0.223170951
427	0.223096177
428	0.22318469
429	0.223077878
430	0.223123655
431	0.223222837
432	0.223270133
433	0.223152623
434	0.223123655
435	0.223051921
436	0.223154172
437	0.223093137
438	0.223033622
439	0.222414091
440	0.222818449
441	0.222914591
442	0.222652152
443	0.22281082
444	0.222888663
445	0.222488865
446	0.222827628
447	0.222948179
448	0.222946629
449	0.222890183
450	0.222853556
451	0.222942069
452	0.222758964
453	0.222870335
454	0.222835258
455	0.2230504
456	0.222830668
457	0.222908482
458	0.222363755
459	0.222624674
460	0.222813889
461	0.222765043
462	0.222791
463	0.2228093
464	0.2227803
465	0.222739115
466	0.222638413
467	0.222725376
468	0.222729966
469	0.222723857
470	0.2224492
471	0.222641453
472	0.222713187
473	0.222662821
474	0.222765043
475	0.222795561
476	0.222751334
477	0.222855076
478	0.222739115
479	0.22280167
480	0.222839817
481	0.222792521
482	0.22280626
483	0.222734526
484	0.222969517
485	0.222746745
486	0.222826079
487	0.222693339
488	0.2227803
489	0.22280167
490	0.222728446
491	0.2225972
492	0.222566679
493	0.2226903
494	0.222485825
495	0.2223195
496	0.22268112
497	0.222185209
498	0.222256944
499	0.222713187
500	0.222585008
501	0.2227147
502	0.222453788
503	0.222589567
504	0.222812369
505	0.22282
506	0.222816929
507	0.222707078
508	0.222812369
509	0.222757414
510	0.2227437
511	0.222217247
512	0.222754374
513	0.222699448
514	0.222278282
515	0.222725376
516	0.222900853
517	0.222871885
518	0.222542271
519	0.222771153
520	0.222849
521	0.22280474
522	0.22280167
523	0.222899333
524	0.22292681
525	0.223006144
526	0.22293137
527	0.222455308
528	0.222627714
529	0.222784892
530	0.222888663
531	0.222816929
532	0.222865775
533	0.222777262
534	0.222981736
535	0.222945109
536	0.222826079
537	0.22280319
538	0.221910551
539	0.222586527
540	0.222697929
541	0.222778782
542	0.222868815
543	0.2228917
544	0.222942069
545	0.222832188
546	0.222841367
547	0.222841367
548	0.222797111
549	0.2229024
550	0.222897813
551	0.222853556
552	0.222839817
553	0.222668931
554	0.22255297
555	0.222627714
556	0.222501084
557	0.222545341
558	0.222688749
559	0.22267656
560	0.222768113
561	0.222893223
562	0.22230117
563	0.222900853
564	0.222740635
565	0.222845927
566	0.222939
567	0.222765043
568	0.222922221
569	0.222871885
570	0.222864255
571	0.222879514
572	0.222745225
573	0.2228383
574	0.222824559
575	0.2229497
576	0.22293596
577	0.222887143
578	0.222845927
579	0.222746745
580	0.22280319
581	0.222826079
582	0.222905442
583	0.222758964
584	0.222829148
585	0.222910032
586	0.222812369
587	0.222734526
588	0.22268723
589	0.222751334
590	0.222774222
591	0.222617045
592	0.222742155
593	0.2227376
594	0.222963437
595	0.222823039
596	0.222842887
597	0.223030552
598	0.223077878
599	0.22218065
</Group>
</Session>
