<Session>
Acquisition 1 2016-07-22 11:03:17
<Group>
Detector1
2
301		301	
D1 337:300-600	T636047810573597512	D1 337:300-600 [COR]	T636047810573597514
X	Y	X	Y
300	186.844482	300	1331.46082
301	166.839111	301	1199.88611
302	82.81726	302	601.025452
303	24.8031	303	174.641235
304	127.828735	304	872.7925
305	59.8116455	305	401.703369
306	133.830322	306	882.9536
307	144.833252	307	927.345459
308	190.845581	308	1186.02588
309	202.848877	309	1249.56824
310	143.833008	310	877.076233
311	97.8210449	311	570.6447
312	-14.2060547	312	-79.140976
313	144.833252	313	783.6733
314	53.81018	314	282.3736
315	28.8040771	315	144.097549
316	116.825928	316	555.852356
317	140.832153	317	637.7091
318	84.81775	318	364.545227
319	96.8208	319	396.129333
320	91.81958	320	357.4163
321	95.82056	321	357.101624
322	139.831909	322	498.357666
323	151.835083	323	521.385864
324	101.822144	324	336.5038
325	229.856323	325	738.516663
326	193.846313	326	605.2635
327	166.839111	327	494.828674
328	242.859985	328	682.6465
329	443.920776	329	1210.23486
330	558.959351	330	1476.991
331	2094.726	331	5389.072
332	7249.746	332	18154.13
333	19146.8828	333	46714.8477
334	40947.5547	334	97257.22
335	70443.07	335	162057.563
336	100842.281	336	224474.063
337	118554.7	337	260819.766
338	117792.727	338	256120.328
339	99224.875	339	210275.625
340	67718.0547	340	139586.313
341	38579.2461	341	78577.35
342	15714.1367	342	31629.707
343	4851.28467	343	9559.938
344	988.1261	344	1909.06152
345	440.919922	345	842.7652
346	358.894165	346	679.139954
347	284.87207	347	528.445862
348	234.857666	348	427.111847
349	252.8628	349	451.745575
350	74.81531	350	131.267944
351	154.835815	351	266.9607
352	250.862183	352	425.0542
353	72.81482	353	121.9376
354	174.841187	354	288.492859
355	275.8694	355	450.6591
356	171.840454	356	277.8497
357	158.836914	357	253.83046
358	312.880249	358	493.745
359	283.8717	359	437.154877
360	287.872925	360	432.449158
361	226.855469	361	340.913
362	226.855469	362	340.9159
363	246.861084	363	368.7222
364	119.82666	364	177.70871
365	168.8396	365	246.976624
366	223.854614	366	322.9772
367	219.853516	367	316.8285
368	224.854858	368	323.781372
369	251.862549	369	357.902924
370	224.854858	370	315.381226
371	204.849365	371	286.467682
372	262.865723	372	366.693542
373	199.848022	373	276.911316
374	312.880249	374	430.4318
375	170.840088	375	234.782745
376	293.874634	376	403.060883
377	182.843384	377	249.516266
378	252.8628	378	342.285858
379	174.841187	379	234.1144
380	240.859375	380	319.34375
381	307.878784	381	405.1056
382	143.833008	382	187.78508
383	276.869751	383	361.3008
384	247.861328	384	323.1621
385	261.865356	385	339.631775
386	173.840942	386	224.251328
387	334.886841	387	426.5866
388	210.851074	388	265.100281
389	336.887451	389	419.3915
390	311.88	390	384.41806
391	198.847778	391	243.762589
392	253.863037	392	309.510437
393	353.892578	393	429.987122
394	177.842041	394	215.3697
395	200.848267	395	240.594711
396	132.830078	396	157.427979
397	144.833252	397	170.6288
398	144.833252	398	169.682755
399	180.842773	399	210.367538
400	183.843628	400	212.406479
401	230.856567	401	264.653259
402	212.851563	402	241.865936
403	171.840454	403	194.46991
404	115.825684	404	130.195755
405	200.848267	405	225.2397
406	336.887451	406	377.042236
407	64.81287	407	72.246
408	104.822876	408	116.212486
409	144.833252	409	159.517136
410	91.81958	410	100.652412
411	31.80481	411	34.75084
412	232.857178	412	253.97673
413	81.81702	413	89.01385
414	225.855225	414	244.217331
415	194.84668	415	209.017212
416	168.8396	416	179.780167
417	152.835327	417	162.700653
418	101.822144	418	108.413742
419	174.841187	419	184.905624
420	126.828491	420	133.153473
421	36.80603	421	38.68941
422	99.8216553	422	105.046738
423	41.80725	423	43.8841171
424	93.82007	424	98.18855
425	52.8099365	425	55.13986
426	109.8241	426	114.325439
427	69.81409	427	72.7521057
428	71.8145752	428	74.9136353
429	56.8109131	429	59.2011833
430	113.825195	430	118.356346
431	54.8104248	431	57.16287
432	42.8074951	432	44.7320633
433	45.8082275	433	47.9518623
434	15.8009033	434	16.5683689
435	87.8186	435	92.0274353
436	150.834839	436	157.990326
437	122.827515	437	129.194855
438	99.8216553	438	105.385307
439	61.8121338	439	65.35935
440	68.81384	440	72.8881454
441	109.8241	441	116.881134
442	-25.2086182	442	-26.9550247
443	-2.203247	443	-2.36010981
444	129.829346	444	139.729111
445	60.81189	445	65.45115
446	25.8033447	446	27.8377361
447	-15.2062988	447	-16.48709
448	67.8136	448	73.95777
449	58.8114	449	64.26367
450	168.8396	450	184.036072
451	103.822632	451	113.638489
452	80.81677	452	88.8546143
453	-6.20422363	453	-6.84780836
454	-21.2076416	454	-23.5055752
455	20.802124	455	23.1154537
456	-75.21985	456	-83.79841
457	13.8005371	457	15.4376163
458	59.8116455	458	67.1530762
459	-32.2102051	459	-36.2160034
460	46.80847	460	52.7267151
461	23.8028564	461	27.0222855
462	-58.2160645	462	-66.6914444
463	-72.21912	463	-82.94995
464	9.799561	464	11.2894154
465	80.81677	465	93.62254
466	-45.2131348	466	-52.6512833
467	8.799316	467	10.26001
468	51.80957	468	60.4971
469	38.80652	469	45.61123
470	-10.2052	470	-12.0742989
471	-26.2088623	471	-31.2329884
472	-77.2202148	472	-92.7750244
473	-34.2106934	473	-41.1479378
474	-25.2086182	474	-30.48311
475	46.80847	475	56.819088
476	-7.204468	476	-8.790312
477	53.81018	477	66.18256
478	-89.2229	478	-110.383026
479	-86.22217	479	-107.179787
480	-109.227173	480	-136.417236
481	-18.2070313	481	-22.8958988
482	-113.228027	482	-143.37796
483	-60.2165527	483	-76.4601746
484	-96.2243652	484	-122.630638
485	-60.2165527	485	-77.16799
486	-112.227783	486	-144.050461
487	-33.21045	487	-42.8761826
488	-11.2053223	488	-14.5566635
489	-30.2097168	489	-39.55024
490	-63.2171631	490	-83.32435
491	-39.211792	491	-52.03985
492	-31.20996	492	-41.6974945
493	-74.2196045	493	-99.76469
494	-122.229858	494	-165.377167
495	-136.232788	495	-185.3452
496	16.8011475	496	23.0157623
497	37.8062744	497	52.00279
498	-86.22217	498	-119.16526
499	3.7980957	499	5.276445
500	-59.21631	500	-82.59309
501	48.8088379	501	68.4921341
502	-47.213623	502	-66.73706
503	26.8035889	503	38.10367
504	113.825195	504	162.673523
505	72.81482	505	104.681038
506	-8.204712	506	-11.8540735
507	-31.20996	507	-45.3797226
508	-42.2125244	508	-61.7624
509	-121.229614	509	-178.357971
510	53.81018	510	79.60615
511	-41.21228	511	-61.34349
512	46.80847	512	70.0417938
513	-12.2055664	513	-18.40556
514	-175.240723	514	-266.303253
515	2.79785156	515	4.279737
516	-48.2138672	516	-74.11329
517	-22.2078857	517	-34.38447
518	73.81506	518	115.065865
519	-148.235229	519	-232.964539
520	-153.236267	520	-242.192841
521	-7.204468	521	-11.452878
522	40.8070068	522	65.31778
523	7.79907227	523	12.5610428
524	-54.21521	524	-87.89091
525	5.798584	525	9.471631
526	-5.20397949	526	-8.573313
527	-56.2155762	527	-93.07391
528	-135.232544	528	-225.3692
529	-5.20397949	529	-8.73424149
530	-21.2076416	530	-35.84238
531	-45.2131348	531	-76.8656
532	-26.2088623	532	-44.823204
533	46.80847	533	80.54755
534	-23.20813	534	-40.1892471
535	-12.2055664	535	-21.2463417
536	-3.20349121	536	-5.606793
537	-101.225464	537	-178.453934
538	-60.2165527	538	-106.895088
539	-90.22302	539	-161.145889
540	-151.2359	540	-271.566681
541	18.8016357	541	33.9969864
542	-33.21045	542	-60.4658279
543	-88.22266	543	-161.5458
544	-70.21875	544	-129.355087
545	-81.22107	545	-150.393875
546	41.80725	546	77.87991
547	-132.231934	547	-248.0758
548	-99.2249756	548	-187.589767
549	-61.2166748	549	-116.459946
550	-61.2166748	550	-117.149811
551	-5.20397949	551	-10.0196009
552	-38.2115479	552	-73.91022
553	-93.2237549	553	-182.0365
554	-9.204956	554	-18.1429977
555	-133.232178	555	-264.4526
556	9.799561	556	19.5848522
557	-126.230713	557	-254.033142
558	-99.2249756	558	-201.046
559	-78.22046	559	-159.617142
560	-192.24408	560	-395.059235
561	-53.2149658	561	-110.282196
562	-77.2202148	562	-161.33699
563	-75.21985	563	-158.547089
564	-64.21741	564	-136.679581
565	-76.21997	565	-163.5601
566	-104.226074	566	-225.540176
567	-53.2149658	567	-116.207672
568	-72.21912	568	-159.201447
569	-42.2125244	569	-93.769104
570	-48.2138672	570	-107.90715
571	-57.21582	571	-129.43161
572	-82.22131	572	-187.950439
573	-75.21985	573	-172.7266
574	-18.2070313	574	-41.98825
575	-23.20813	575	-53.9586449
576	-88.22266	576	-206.351685
577	-156.236877	577	-368.405243
578	-54.21521	578	-128.832672
579	-27.2091064	579	-65.04206
580	-72.21912	580	-173.7207
581	-47.213623	581	-114.425148
582	-125.230469	582	-305.577545
583	-48.2138672	583	-118.537376
584	28.8040771	584	71.3828659
585	-62.21692	585	-155.249832
586	-64.21741	586	-161.14122
587	-179.241516	587	-452.912048
588	-61.2166748	588	-155.654068
589	-56.2155762	589	-143.6475
590	21.8023682	590	55.98289
591	-17.2067871	591	-44.5633163
592	-116.228638	592	-303.142059
593	-137.233032	593	-360.790955
594	-33.21045	594	-87.9264
595	-46.21338	595	-123.165131
596	-12.2055664	596	-32.7517967
597	-113.228027	597	-306.140533
598	-124.230347	598	-338.309174
599	-83.22156	599	-228.5648
600	-128.231079	600	-355.1857
</Group>
<Group>
RCQCSignal
1
301	
ExCorr	T636047810573597513
X	Y
300	1.0738045
301	1.073719
302	1.07370377
303	1.074009
304	1.07388234
305	1.07314837
306	1.07350993
307	1.07355726
308	1.07249379
309	1.07252729
310	1.07392049
311	1.074282
312	1.07435071
313	1.07393873
314	1.07415855
315	1.07420278
316	1.07421041
317	1.07417679
318	1.07423019
319	1.07521141
320	1.074128
321	1.07445455
322	1.07390058
323	1.07444537
324	1.07470632
325	1.07445455
326	1.07373738
327	1.07445908
328	1.07470787
329	1.0745461
330	1.07405782
331	1.07456136
332	1.07460868
333	1.07443774
334	1.07441938
335	1.07444692
336	1.07444537
337	1.07440114
338	1.074192
339	1.07360613
340	1.07441938
341	1.074427
342	1.07414174
343	1.07512128
344	1.07412648
345	1.07502365
346	1.07505572
347	1.07531965
348	1.07508934
349	1.07504964
350	1.07494128
351	1.07492149
352	1.0745033
353	1.0742867
354	1.07722247
355	1.07714927
356	1.0772469
357	1.0768609
358	1.0772469
359	1.07723773
360	1.07698452
361	1.0768441
362	1.07709134
363	1.07623529
364	1.0764184
365	1.07675862
366	1.07690668
367	1.07727289
368	1.07720721
369	1.07679677
370	1.0759865
371	1.07651293
372	1.07648551
373	1.07623065
374	1.07638478
375	1.07577443
376	1.07619715
377	1.07453382
378	1.07610857
379	1.0765053
380	1.0757165
381	1.076017
382	1.07645655
383	1.07611167
384	1.076194
385	1.07599115
386	1.07591939
387	1.07575917
388	1.07591939
389	1.07590723
390	1.07583547
391	1.07587051
392	1.07587516
393	1.07580185
394	1.07557154
395	1.0758934
396	1.0758462
397	1.07607961
398	1.07581413
399	1.07610559
400	1.07601547
401	1.07561421
402	1.07626271
403	1.07487261
404	1.07633448
405	1.0765847
406	1.07647479
407	1.07588124
408	1.07676017
409	1.07683647
410	1.07486653
411	1.07664263
412	1.07681048
413	1.07481468
414	1.07670522
415	1.07700884
416	1.076664
417	1.07688522
418	1.076664
419	1.07652211
420	1.07691121
421	1.07674336
422	1.07670522
423	1.076696
424	1.07714772
425	1.07688987
426	1.07734311
427	1.07717824
428	1.07704091
429	1.07650375
430	1.0771935
431	1.076661
432	1.07723629
433	1.07708216
434	1.07699215
435	1.07695091
436	1.07674789
437	1.07675552
438	1.07727742
439	1.07734
440	1.0772301
441	1.07713854
442	1.07707751
443	1.07705617
444	1.0738945
445	1.07718432
446	1.07795346
447	1.07798088
448	1.07702875
449	1.07508171
450	1.07787406
451	1.07818079
452	1.07811821
453	1.07813954
454	1.07782519
455	1.07775354
456	1.077694
457	1.07732785
458	1.07740557
459	1.0775857
460	1.07733548
461	1.07783139
462	1.076896
463	1.07750785
464	1.07770169
465	1.077723
466	1.07808
467	1.07799923
468	1.07773983
469	1.07772458
470	1.07758725
471	1.07662284
472	1.07460248
473	1.07821131
474	1.07724237
475	1.07842183
476	1.07815325
477	1.0771935
478	1.07848752
479	1.07832873
480	1.07820523
481	1.07811058
482	1.07789242
483	1.07800686
484	1.07711112
485	1.07584465
486	1.0788095
487	1.07882166
488	1.0783776
489	1.07801139
490	1.07865536
491	1.078573
492	1.07865226
493	1.07827687
494	1.07737362
495	1.07824028
496	1.07761157
497	1.07844019
498	1.07851958
499	1.07728207
500	1.07731259
501	1.07847071
502	1.07828915
503	1.07813036
504	1.07835925
505	1.07742393
506	1.07748806
507	1.077485
508	1.07756281
509	1.077665
510	1.07773983
511	1.077375
512	1.07788932
513	1.07799459
514	1.07805407
515	1.07707453
516	1.0778451
517	1.07771075
518	1.07798088
519	1.0762291
520	1.077099
521	1.07804346
522	1.07777178
523	1.078341
524	1.07847989
525	1.07848752
526	1.077366
527	1.07899261
528	1.07887661
529	1.07882774
530	1.07887816
531	1.07885671
532	1.07873774
533	1.07878959
534	1.07862937
535	1.07889342
536	1.07885671
537	1.07863092
538	1.07869959
539	1.07812893
540	1.07837
541	1.07887053
542	1.07939386
543	1.07950521
544	1.07924581
545	1.07932365
546	1.07842493
547	1.07943809
548	1.07972193
549	1.07956326
550	1.07974637
551	1.078994
552	1.07982111
553	1.07985473
554	1.07995689
555	1.07983792
556	1.07985771
557	1.07987607
558	1.07999814
559	1.08012021
560	1.08027279
561	1.08006835
562	1.08011711
563	1.08021629
564	1.07923055
565	1.07965636
566	1.07980132
567	1.08045435
568	1.08065736
569	1.08045137
570	1.08034456
571	1.08034754
572	1.08050478
573	1.08036745
574	1.08047271
575	1.07951438
576	1.08080077
577	1.08065116
578	1.08081138
579	1.080697
580	1.08018732
581	1.080137
582	1.08076715
583	1.08123565
584	1.08117616
585	1.08050478
586	1.08116388
587	1.080819
588	1.08118832
589	1.0811609
590	1.08120811
591	1.08071685
592	1.08182466
593	1.08118987
594	1.08153319
595	1.081292
596	1.08080375
597	1.08111513
598	1.081785
599	1.08189631
600	1.08192539
</Group>
</Session>
