<Session>
Acquisition 1 2016-07-22 11:41:28
<Group>
Detector1
2
301		301	
D1 337:300-600	T636047810573601299	D1 337:300-600 [COR]	T636047810573601301
X	Y	X	Y
300	141.628784	300	1006.23083
301	296.667236	301	2126.80225
302	177.637329	302	1284.83813
303	186.639526	303	1310.18909
304	166.634644	304	1134.17175
305	214.646362	305	1435.93335
306	113.622314	306	746.9397
307	179.637817	307	1146.26575
308	159.633057	308	987.33606
309	185.639282	309	1137.98938
310	84.6158447	310	514.084656
311	131.626465	311	765.241943
312	224.6488	312	1247.32251
313	154.631836	313	833.521667
314	105.620605	314	552.292
315	177.637329	315	885.6207
316	122.62439	316	581.300964
317	140.62854	317	634.491455
318	267.659668	318	1146.16028
319	246.6543	319	1006.24268
320	207.644653	320	805.201538
321	157.632568	321	585.385254
322	181.6383	322	644.6097
323	267.659668	323	915.8548
324	228.64978	324	752.835144
325	224.6488	325	718.6124
326	262.658447	326	815.91156
327	348.681274	327	1030.41467
328	324.674683	328	911.5166
329	409.698364	329	1112.17786
330	617.7622	330	1624.00769
331	2169.51172	331	5553.96338
332	7185.225	332	17906.9
333	18099.0078	333	43934.85
334	39014.35	334	92205.5156
335	66115.22	335	151354.625
336	94818.18	336	209867.516
337	111092.094	337	243111.8
338	109569.563	338	236831.188
339	92608.71	339	195029.313
340	62629.93	340	128379.133
341	34319.0938	341	69604.81
342	14316.9961	342	28652.873
343	4675.73828	343	9176.731
344	1429.09387	344	2744.047
345	945.8805	345	1798.67651
346	807.8281	346	1520.9071
347	784.8198	347	1449.81079
348	856.8463	348	1551.723
349	738.803345	349	1313.06909
350	740.8041	350	1293.14221
351	732.8013	351	1257.08044
352	801.8259	352	1350.8501
353	859.8474	353	1431.54773
354	959.8861	354	1578.69336
355	1001.90295	355	1631.65894
356	939.8782	356	1515.11621
357	1064.92883	357	1697.3678
358	1047.92175	358	1648.58984
359	1024.91223	359	1573.44543
360	1077.9342	360	1613.91223
361	1106.94641	361	1658.11707
362	988.8977	362	1481.22363
363	1180.97864	363	1756.722
364	1285.02551	364	1898.51819
365	1069.93079	365	1559.61462
366	1077.9342	366	1549.82922
367	1147.96423	367	1649.50562
368	1147.96423	368	1647.90027
369	1106.94641	369	1567.53394
370	1179.97815	370	1647.927
371	1239.00452	371	1726.21729
372	959.8861	372	1333.64026
373	1145.96326	373	1581.061
374	988.8977	374	1354.807
375	1136.95935	375	1556.02478
376	1060.92712	376	1448.41357
377	1119.952	377	1518.82507
378	1120.95251	378	1510.108
379	1052.92371	379	1403.59033
380	1105.94617	380	1459.3855
381	1135.95886	381	1487.51575
382	1217.995	382	1581.42151
383	1048.92224	383	1360.972
384	1116.95081	384	1448.43555
385	1109.94788	385	1431.834
386	868.8508	386	1114.68066
387	903.864136	387	1144.848
388	1024.91223	388	1281.78638
389	1007.90527	389	1248.6189
390	1016.90894	390	1246.50159
391	998.901733	391	1217.70032
392	896.86145	392	1086.91345
393	952.8833	393	1151.10742
394	842.841064	394	1014.67914
395	950.882568	395	1133.02625
396	942.8794	396	1111.06958
397	969.89	397	1136.44592
398	895.8611	398	1043.23962
399	921.8711	399	1066.7749
400	851.8445	400	978.7049
401	782.8191	401	892.0759
402	732.8013	402	828.359
403	749.807251	403	843.4715
404	813.8303	404	910.2095
405	737.803	405	823.4457
406	721.797363	406	803.768066
407	791.822266	407	877.65564
408	686.7853	408	757.7243
409	565.7455	409	620.3005
410	760.811157	410	828.582764
411	531.734741	411	578.230835
412	617.7622	412	670.5392
413	620.7632	413	670.7799
414	449.709961	414	483.7801
415	490.722168	415	523.8413
416	512.7289	416	543.2222
417	448.709717	417	475.52594
418	542.738159	418	574.942932
419	493.723145	419	519.2591
420	550.7407	420	575.2785
421	496.724	421	519.919434
422	396.69458	422	415.14
423	429.7041	423	448.586517
424	422.702026	424	440.146851
425	452.710815	425	470.200867
426	453.711182	426	470.112823
427	451.710571	427	468.549072
428	335.677734	428	348.238831
429	345.68042	429	358.131653
430	390.693	430	404.494659
431	354.682861	431	367.808136
432	392.693481	432	408.230927
433	295.667	433	307.85788
434	372.687866	434	388.6116
435	263.6587	435	274.507324
436	223.64856	436	232.763672
437	361.6848	437	378.0882
438	324.674683	438	341.001
439	234.651367	439	246.705322
440	258.657349	440	272.393372
441	242.65332	441	256.756561
442	217.6471	442	231.477188
443	312.6715	443	333.011871
444	186.639526	444	199.092087
445	236.651855	445	253.234253
446	275.661743	446	295.775238
447	223.64856	447	241.165512
448	301.668579	448	327.041
449	243.653564	449	264.322449
450	302.668823	450	328.2494
451	309.670776	451	337.153381
452	321.67395	452	351.830872
453	142.629028	453	156.560257
454	190.6405	454	210.081024
455	214.646362	455	237.382477
456	176.637085	456	195.59938
457	215.6466	457	239.4962
458	121.624146	458	135.683441
459	34.6051025	459	38.66744
460	171.635864	460	192.116577
461	180.638062	461	203.844162
462	198.642334	462	226.088348
463	91.61743	463	104.586494
464	254.656372	464	291.632477
465	150.630859	465	173.471832
466	170.63562	466	197.574585
467	110.621704	467	128.244
468	191.640747	468	222.419464
469	71.61304	469	83.66244
470	24.6029053	470	28.93504
471	127.62561	471	151.010925
472	170.63562	472	203.155228
473	-9.404053	473	-11.2473221
474	161.633545	474	194.13855
475	166.634644	475	201.09938
476	118.623535	476	143.9019
477	225.649048	477	275.627167
478	163.634033	478	201.292374
479	165.6344	479	204.6808
480	72.61328	480	90.159996
481	33.60486	481	42.0093536
482	82.61548	482	103.923744
483	40.6063232	483	51.2364273
484	111.621948	484	141.224167
485	113.622314	485	144.61293
486	63.61133	486	81.19989
487	45.60742	487	58.5424042
488	125.625122	488	162.2187
489	146.63	489	190.692688
490	191.640747	490	251.090042
491	137.62793	491	181.5204
492	131.626465	492	174.7956
493	123.624634	493	165.146
494	97.6187744	494	131.126358
495	163.634033	495	221.18544
496	109.62146	496	149.141556
497	122.62439	497	167.604019
498	90.61719	498	124.458755
499	113.622314	499	156.7014
500	72.61328	500	100.536591
501	140.62854	501	196.121826
502	195.641724	502	274.7644
503	37.6057129	503	53.11539
504	77.61438	504	110.222778
505	140.62854	505	200.68248
506	94.61804	506	135.836853
507	138.628052	507	200.135559
508	70.61279	508	102.517387
509	74.61365	509	109.009232
510	182.63855	510	268.122162
511	138.628052	511	204.6745
512	90.61719	512	134.576447
513	74.61365	513	111.674095
514	90.61719	514	136.748016
515	39.60608	515	60.0661049
516	94.61804	516	144.388184
517	8.599609	517	13.2174063
518	106.620728	518	164.866974
519	28.60376	519	44.4662666
520	44.6071777	520	69.56712
521	28.60376	521	45.00712
522	73.6134	522	116.714806
523	75.61389	523	120.738792
524	147.630249	524	237.470886
525	79.6147461	525	128.9837
526	-25.4072266	526	-41.4793472
527	27.6036377	527	45.35481
528	165.6344	528	273.88382
529	19.6019287	529	32.64282
530	27.6036377	530	46.31692
531	119.623779	531	201.806656
532	107.620972	532	182.572525
533	82.61548	533	141.047638
534	-60.4141235	534	-103.789009
535	36.60547	535	63.21815
536	23.6027832	536	40.9933929
537	12.6004639	537	22.0339489
538	-1.40240479	538	-2.469515
539	68.6123047	539	121.509148
540	7.5994873	540	13.534193
541	81.6152344	541	146.426514
542	26.6033936	542	48.0601959
543	101.619629	543	184.676971
544	41.6065674	544	76.0567856
545	28.60376	545	52.5626678
546	81.6152344	546	150.7925
547	60.6105957	547	112.874481
548	17.60144	548	33.0358238
549	36.60547	549	69.1213455
550	-19.4060669	550	-36.8682671
551	21.6022949	551	41.2621956
552	92.6176758	552	177.871017
553	8.599609	553	16.67631
554	-50.41217	554	-98.69238
555	33.60486	555	66.24093
556	33.60486	556	66.7047653
557	113.622314	557	227.084824
558	-20.40625	558	-41.0681763
559	-4.403015	559	-8.9250555
560	13.600708	560	27.7802429
561	76.6141357	561	157.7311
562	57.6099854	562	119.569206
563	28.60376	563	59.9095154
564	79.6147461	564	168.1476
565	53.60913	565	114.2117
566	27.6036377	566	59.30719
567	23.6027832	567	51.20845
568	76.6141357	568	167.861267
569	-11.4044189	569	-25.177021
570	124.624878	570	277.197937
571	116.623047	571	262.210632
572	56.60974	572	128.619339
573	66.61194	573	152.080963
574	12.6004639	574	28.8876152
575	70.61279	575	163.046066
576	20.6021729	576	47.96362
577	66.61194	577	156.155777
578	62.611084	578	147.910873
579	32.6046143	579	77.5720749
580	98.61902	580	235.64827
581	81.6152344	581	196.484467
582	28.60376	582	69.36028
583	53.60913	583	131.046753
584	93.61792	584	230.714508
585	1.59820557	585	3.96242881
586	41.6065674	586	103.829674
587	-54.4129639	587	-136.753
588	95.6182861	588	241.979721
589	-3.402832	589	-8.641294
590	79.6147461	590	203.153549
591	121.624146	591	312.8728
592	124.624878	592	323.29425
593	33.60486	593	87.83244
594	40.6063232	594	106.867027
595	-0.40222168	595	-1.0660274
596	-4.403015	596	-11.7385426
597	36.60547	597	98.35066
598	-25.4072266	598	-68.79864
599	118.623535	599	324.075
600	-6.40344238	600	-17.644619
</Group>
<Group>
RCQCSignal
1
301	
ExCorr	T636047810573601300
X	Y
300	1.07702863
301	1.07714772
302	1.077314
303	1.07725453
304	1.07727277
305	1.07737958
306	1.0773766
307	1.07723618
308	1.07761765
309	1.07777333
310	1.077874
311	1.07794416
312	1.07795179
313	1.07802355
314	1.07797313
315	1.0778923
316	1.07816541
317	1.07806325
318	1.07820058
319	1.0783211
320	1.07822955
321	1.07826459
322	1.07847369
323	1.07827067
324	1.07871938
325	1.07919848
326	1.07927787
327	1.07835925
328	1.07600474
329	1.07914352
330	1.07958913
331	1.07988358
332	1.07974935
333	1.07990038
334	1.07977986
335	1.07974625
336	1.08057332
337	1.08010328
338	1.080584
339	1.08035207
340	1.08043754
341	1.07898939
342	1.08031392
343	1.0794884
344	1.08076715
345	1.08055806
346	1.08053827
347	1.07980883
348	1.0796181
349	1.08063436
350	1.08046341
351	1.080378
352	1.08066177
353	1.08057177
354	1.08073354
355	1.08048022
356	1.08050156
357	1.07968366
358	1.08057785
359	1.080587
360	1.08057785
361	1.08033526
362	1.08064044
363	1.0806694
364	1.08052146
365	1.08053362
366	1.080668
367	1.0804162
368	1.08055353
369	1.08055043
370	1.08062828
371	1.08053207
372	1.08083272
373	1.08085716
374	1.08085561
375	1.08025444
376	1.08116841
377	1.08126307
378	1.08128285
379	1.08132708
380	1.08082819
381	1.08120656
382	1.08242273
383	1.082293
384	1.08202446
385	1.08180475
386	1.08182609
387	1.081881
388	1.081646
389	1.08118367
390	1.08181083
391	1.08190393
392	1.082351
393	1.08203208
394	1.08194816
395	1.08161855
396	1.08205807
397	1.08193743
398	1.08233881
399	1.08175743
400	1.08204734
401	1.0820595
402	1.08189166
403	1.08134234
404	1.081762
405	1.081759
406	1.08191609
407	1.08198321
408	1.08199549
409	1.08170247
410	1.08189321
411	1.08177722
412	1.08203363
413	1.08216488
414	1.08225024
415	1.08229148
416	1.08207631
417	1.08174825
418	1.082151
419	1.082502
420	1.08239222
421	1.08134544
422	1.08272028
423	1.08261037
424	1.08262265
425	1.08257687
426	1.08237231
427	1.08216941
428	1.08299339
429	1.082795
430	1.08185661
431	1.0828011
432	1.082824
433	1.0828377
434	1.08302844
435	1.08396387
436	1.08366179
437	1.08343744
438	1.08286822
439	1.08350611
440	1.08347249
441	1.08338559
442	1.082885
443	1.083268
444	1.08349085
445	1.08344352
446	1.08385861
447	1.083883
448	1.08348322
449	1.08288968
450	1.08332908
451	1.08392119
452	1.08374417
453	1.08409047
454	1.0840646
455	1.08290184
456	1.08420956
457	1.08511591
458	1.08430719
459	1.08431029
460	1.08417749
461	1.08431327
462	1.08391356
463	1.08414388
464	1.08413172
465	1.0841043
466	1.08426142
467	1.0842278
468	1.08431029
469	1.0842675
470	1.0840646
471	1.08432245
472	1.0844003
473	1.08431637
474	1.08453453
475	1.08470845
476	1.08439422
477	1.08463681
478	1.08464444
479	1.08472228
480	1.08453155
481	1.08452082
482	1.08505189
483	1.08481526
484	1.08496332
485	1.08324671
486	1.084771
487	1.0850656
488	1.08488548
489	1.08521211
490	1.08512056
491	1.08530056
492	1.08520293
493	1.08498931
494	1.0851953
495	1.08525634
496	1.08503962
497	1.08530366
498	1.08528531
499	1.08516479
500	1.08526552
501	1.08517087
502	1.08526552
503	1.085122
504	1.08520746
505	1.08542264
506	1.084359
507	1.0851922
508	1.08595359
509	1.0852319
510	1.086065
511	1.08616579
512	1.0860467
513	1.08610928
514	1.08560419
515	1.08635187
516	1.08573234
517	1.08565
518	1.08672726
519	1.08801663
520	1.09158123
521	1.089158
522	1.088064
523	1.08766115
524	1.08692563
525	1.08736813
526	1.0871805
527	1.08725834
528	1.08734989
529	1.08730865
530	1.08668458
531	1.08720946
532	1.087507
533	1.087327
534	1.08724916
535	1.08744907
536	1.08718657
537	1.08743525
538	1.0874368
539	1.08734071
540	1.08727968
541	1.08734071
542	1.08784425
543	1.08769011
544	1.08761382
545	1.08757412
546	1.08731472
547	1.08742309
548	1.08758485
549	1.08764887
550	1.087623
551	1.08763063
552	1.08755279
553	1.08736658
554	1.08729029
555	1.087359
556	1.08724
557	1.0873636
558	1.08731472
559	1.08735287
560	1.08684635
561	1.08721256
562	1.0873071
563	1.08708584
564	1.087597
565	1.08748257
566	1.08755279
567	1.08749938
568	1.08727968
569	1.08715761
570	1.0870645
571	1.08698058
572	1.08710265
573	1.08661437
574	1.08686924
575	1.08698213
576	1.085862
577	1.08698058
578	1.0871911
579	1.08581936
580	1.08741391
581	1.08736658
582	1.08756649
583	1.08746731
584	1.08722782
585	1.087478
586	1.0871408
587	1.08666015
588	1.08631074
589	1.08791137
590	1.08800292
591	1.08803189
592	1.08766878
593	1.087542
594	1.08801365
595	1.087327
596	1.08782744
597	1.08794641
598	1.08793879
599	1.08763826
600	1.08757877
</Group>
</Session>
